county,C,region,date,total_doses,cumulative_total_doses,pfizer_doses,cumulative_pfizer_doses,moderna_doses,cumulative_moderna_doses,jj_doses,cumulative_jj_doses,partially_vaccinated,total_partially_vaccinated,fully_vaccinated,cumulative_fully_vaccinated,at_least_one_dose,cumulative_at_least_one_dose,california_flag
Alameda, County,Alameda County,12/15/2020,41,41,41,41,0,0,0,0,41,41,0,0,41,41,
Alameda, County,Alameda County,12/16/2020,215,256,215,256,0,0,0,0,215,256,0,0,215,256,
Alameda, County,Alameda County,12/17/2020,509,765,509,765,0,0,0,0,509,765,0,0,509,765,
Alameda, County,Alameda County,12/18/2020,1909,2674,1908,2673,1,1,0,0,1909,2674,0,0,1909,2674,
Alameda, County,Alameda County,12/19/2020,1411,4085,1411,4084,0,1,0,0,1411,4085,0,0,1411,4085,
Alameda, County,Alameda County,12/20/2020,1173,5258,1172,5256,1,2,0,0,1172,5256,1,1,1172,5257,
Alameda, County,Alameda County,12/21/2020,1833,7091,1831,7087,2,4,0,0,1832,7088,0,1,1832,7089,
Alameda, County,Alameda County,12/22/2020,2083,9174,2030,9117,53,57,0,0,2082,9169,1,2,2082,9171,
Alameda, County,Alameda County,12/23/2020,1933,11107,1676,10793,257,314,0,0,1932,11100,1,3,1932,11103,
Alameda, County,Alameda County,12/24/2020,1203,12310,745,11538,458,772,0,0,1203,12303,0,3,1203,12306,
Alameda, County,Alameda County,12/25/2020,157,12467,123,11661,34,806,0,0,157,12460,0,3,157,12463,
Alameda, County,Alameda County,12/26/2020,844,13311,320,11981,524,1330,0,0,844,13304,0,3,844,13307,
Alameda, County,Alameda County,12/27/2020,487,13798,250,12231,237,1567,0,0,487,13791,0,3,487,13794,
Alameda, County,Alameda County,12/28/2020,1865,15663,961,13192,904,2471,0,0,1865,15656,0,3,1865,15659,
Alameda, County,Alameda County,12/29/2020,2499,18162,1105,14297,1394,3865,0,0,2498,18154,0,3,2498,18157,
Alameda, County,Alameda County,12/30/2020,3088,21250,1348,15645,1740,5605,0,0,3088,21242,0,3,3088,21245,
Alameda, County,Alameda County,12/31/2020,1796,23046,449,16094,1347,6952,0,0,1793,23033,2,5,1793,23038,
Alameda, County,Alameda County,1/1/2021,180,23226,74,16168,106,7058,0,0,178,23209,2,7,178,23216,
Alameda, County,Alameda County,1/2/2021,727,23953,525,16693,202,7260,0,0,726,23935,0,7,726,23942,
Alameda, County,Alameda County,1/3/2021,328,24281,214,16907,114,7374,0,0,325,24257,3,10,325,24267,
Alameda, County,Alameda County,1/4/2021,1606,25887,911,17818,695,8069,0,0,1594,25840,11,21,1594,25861,
Alameda, County,Alameda County,1/5/2021,2209,28096,1278,19096,931,9000,0,0,1955,27544,251,272,1955,27816,
Alameda, County,Alameda County,1/6/2021,3249,31345,1802,20898,1447,10447,0,0,2372,29045,875,1147,2376,30192,
Alameda, County,Alameda County,1/7/2021,3801,35146,2134,23032,1667,12114,0,0,2622,30502,1170,2317,2627,32819,
Alameda, County,Alameda County,1/8/2021,4764,39910,2716,25748,2048,14162,0,0,3034,31816,1725,4042,3039,35858,
Alameda, County,Alameda County,1/9/2021,2016,41926,1374,27122,642,14804,0,0,1155,32110,861,4903,1155,37013,
Alameda, County,Alameda County,1/10/2021,1058,42984,837,27959,221,15025,0,0,425,31902,633,5536,425,37438,
Alameda, County,Alameda County,1/11/2021,4687,47671,3551,31510,1136,16161,0,0,2873,32970,1812,7348,2880,40318,
Alameda, County,Alameda County,1/12/2021,4872,52543,3278,34788,1594,17755,0,0,3475,35055,1393,8741,3478,43796,
Alameda, County,Alameda County,1/13/2021,5064,57607,2703,37491,2361,20116,0,0,3861,37720,1198,9939,3863,47659,
Alameda, County,Alameda County,1/14/2021,5682,63289,2820,40311,2862,22978,0,0,4775,41601,897,10836,4778,52437,
Alameda, County,Alameda County,1/15/2021,5811,69100,2318,42629,3493,26471,0,0,5034,45872,767,11603,5038,57475,
Alameda, County,Alameda County,1/16/2021,2963,72063,1375,44004,1588,28059,0,0,2701,48311,263,11866,2702,60177,
Alameda, County,Alameda County,1/17/2021,1874,73937,1092,45096,782,28841,0,0,1655,49747,219,12085,1655,61832,
Alameda, County,Alameda County,1/18/2021,3149,77086,2024,47120,1125,29966,0,0,2557,51720,586,12671,2559,64391,
Alameda, County,Alameda County,1/19/2021,5488,82574,3305,50425,2183,32149,0,0,4273,54782,1213,13884,4275,68666,
Alameda, County,Alameda County,1/20/2021,6883,89457,4206,54631,2677,34826,0,0,5584,59087,1285,15169,5590,74256,
Alameda, County,Alameda County,1/21/2021,8143,97600,3768,58399,4375,39201,0,0,7277,65513,857,16026,7283,81539,
Alameda, County,Alameda County,1/22/2021,6837,104437,2040,60439,4797,43998,0,0,5689,70065,1138,17164,5690,87229,
Alameda, County,Alameda County,1/23/2021,3269,107706,942,61381,2327,46325,0,0,2722,72241,546,17710,2722,89951,
Alameda, County,Alameda County,1/24/2021,2015,109721,655,62036,1360,47685,0,0,1746,73721,266,17976,1746,91697,
Alameda, County,Alameda County,1/25/2021,5169,114890,1988,64024,3181,50866,0,0,3601,75764,1560,19536,3603,95300,
Alameda, County,Alameda County,1/26/2021,7321,122211,2309,66333,5012,55878,0,0,5435,79323,1877,21413,5436,100736,
Alameda, County,Alameda County,1/27/2021,6688,128899,2057,68390,4631,60509,0,0,4835,82314,1844,23257,4835,105571,
Alameda, County,Alameda County,1/28/2021,7835,136734,2550,70940,5285,65794,0,0,5610,85717,2209,25466,5612,111183,
Alameda, County,Alameda County,1/29/2021,7984,144718,3197,74137,4787,70581,0,0,6135,90016,1837,27303,6136,117319,
Alameda, County,Alameda County,1/30/2021,3419,148137,1676,75813,1743,72324,0,0,2710,92024,703,28006,2711,120030,
Alameda, County,Alameda County,1/31/2021,1921,150058,948,76761,973,73297,0,0,1681,93469,236,28242,1681,121711,
Alameda, County,Alameda County,2/1/2021,6474,156532,3869,80630,2605,75902,0,0,4328,95661,2137,30379,4329,126040,
Alameda, County,Alameda County,2/2/2021,7041,163573,3798,84428,3243,79145,0,0,4683,97997,2347,32726,4683,130723,
Alameda, County,Alameda County,2/3/2021,7066,170639,3739,88167,3327,82472,0,0,4326,99595,2733,35459,4331,135054,
Alameda, County,Alameda County,2/4/2021,9443,180082,4107,92274,5336,87808,0,0,6297,102765,3132,38591,6302,141356,
Alameda, County,Alameda County,2/5/2021,10258,190340,5351,97625,4907,92715,0,0,6347,105215,3903,42494,6353,147709,
Alameda, County,Alameda County,2/6/2021,6948,197288,4406,102031,2542,95257,0,0,5802,109874,1144,43638,5803,153512,
Alameda, County,Alameda County,2/7/2021,3579,200867,2886,104917,693,95950,0,0,2628,111557,946,44584,2629,156141,
Alameda, County,Alameda County,2/8/2021,8089,208956,5772,110689,2317,98267,0,0,5508,114499,2568,47152,5510,161651,
Alameda, County,Alameda County,2/9/2021,9692,218648,5797,116486,3895,102162,0,0,6028,116877,3652,50804,6030,167681,
Alameda, County,Alameda County,2/10/2021,11524,230172,6800,123286,4724,106886,0,0,6447,118272,5059,55863,6454,174135,
Alameda, County,Alameda County,2/11/2021,14009,244181,8070,131356,5939,112825,0,0,8091,120468,5898,61761,8094,182229,
Alameda, County,Alameda County,2/12/2021,12528,256709,5700,137056,6828,119653,0,0,7759,123480,4750,66511,7762,189991,
Alameda, County,Alameda County,2/13/2021,7832,264541,4080,141136,3752,123405,0,0,5854,127368,1968,68479,5856,195847,
Alameda, County,Alameda County,2/14/2021,4045,268586,2545,143681,1500,124905,0,0,2861,129054,1178,69657,2864,198711,
Alameda, County,Alameda County,2/15/2021,5689,274275,3214,146895,2475,127380,0,0,3683,130739,2002,71659,3687,202398,
Alameda, County,Alameda County,2/16/2021,12574,286849,7021,153916,5553,132933,0,0,9320,136828,3240,74899,9329,211727,
Alameda, County,Alameda County,2/17/2021,14190,301039,8436,162352,5754,138687,0,0,10497,143657,3670,78569,10499,222226,
Alameda, County,Alameda County,2/18/2021,15964,317003,10145,172497,5819,144506,0,0,11578,150873,4368,82937,11584,233810,
Alameda, County,Alameda County,2/19/2021,17978,334981,11682,184179,6296,150802,0,0,11826,156577,6128,89065,11832,245642,
Alameda, County,Alameda County,2/20/2021,12156,347137,9836,194015,2320,153122,0,0,9308,163049,2841,91906,9313,254955,
Alameda, County,Alameda County,2/21/2021,7983,355120,7006,201021,977,154099,0,0,5374,165827,2597,94503,5375,260330,
Alameda, County,Alameda County,2/22/2021,11374,366494,8412,209433,2962,157061,0,0,7142,168765,4214,98717,7152,267482,
Alameda, County,Alameda County,2/23/2021,13557,380051,8228,217661,5329,162390,0,0,8385,172001,5155,103872,8391,275873,
Alameda, County,Alameda County,2/24/2021,15443,395494,8642,226303,6801,169191,0,0,9978,176593,5391,109263,9983,285856,
Alameda, County,Alameda County,2/25/2021,16467,411961,9532,235835,6935,176126,0,0,10403,180986,6020,115283,10413,296269,
Alameda, County,Alameda County,2/26/2021,19254,431215,11190,247025,8064,184190,0,0,12187,186168,7011,122294,12193,308462,
Alameda, County,Alameda County,2/27/2021,15716,446931,11578,258603,4136,188326,2,2,9708,189922,5960,128254,9714,318176,
Alameda, County,Alameda County,2/28/2021,10443,457374,8712,267315,1729,190055,2,4,6699,192908,3716,131970,6702,324878,
Alameda, County,Alameda County,3/1/2021,14508,471882,10022,277337,4470,194525,16,20,8826,196132,5625,137595,8849,333727,
Alameda, County,Alameda County,3/2/2021,15364,487246,11030,288367,4332,198857,2,22,10045,200898,5289,142884,10055,343782,
Alameda, County,Alameda County,3/3/2021,16106,503352,10511,298878,5591,204448,4,26,10991,206815,5083,147967,11000,354782,
Alameda, County,Alameda County,3/4/2021,17701,521053,11334,310212,6365,210813,2,28,11112,211383,6546,154513,11114,365896,
Alameda, County,Alameda County,3/5/2021,16443,537496,10756,320968,5675,216488,12,40,11050,217106,5346,159859,11069,376965,
Alameda, County,Alameda County,3/6/2021,14721,552217,10392,331360,4066,220554,263,303,9697,222088,4971,164830,9953,386918,
Alameda, County,Alameda County,3/7/2021,9927,562144,8517,339877,1191,221745,219,522,7000,226413,2895,167725,7220,394138,
Alameda, County,Alameda County,3/8/2021,12007,574151,7487,347364,4119,225864,401,923,8936,232717,3022,170747,9326,403464,
Alameda, County,Alameda County,3/9/2021,14729,588880,10339,357703,3947,229811,443,1366,7986,234437,6705,177452,8425,411889,
Alameda, County,Alameda County,3/10/2021,17529,606409,12107,369810,4863,234674,559,1925,7872,233231,9617,187069,8411,420300,
Alameda, County,Alameda County,3/11/2021,19740,626149,11569,381379,6457,241131,1714,3639,6705,228573,13001,200070,8343,428643,
Alameda, County,Alameda County,3/12/2021,21423,647572,12560,393939,7155,248286,1708,5347,7349,223541,14033,214103,9001,437644,
Alameda, County,Alameda County,3/13/2021,16148,663720,10360,404299,4778,253064,1010,6357,5128,218663,10982,225085,6104,443748,
Alameda, County,Alameda County,3/14/2021,10874,674594,8032,412331,2063,255127,779,7136,3274,215114,7576,232661,4027,447775,
Alameda, County,Alameda County,3/15/2021,14487,689081,9474,421805,4487,259614,526,7662,6115,213407,8332,240993,6625,454400,
Alameda, County,Alameda County,3/16/2021,17268,706349,11225,433030,5503,265117,540,8202,7200,211133,10007,251000,7733,462133,
Alameda, County,Alameda County,3/17/2021,17692,724041,10041,443071,6922,272039,729,8931,8121,210448,9523,260523,8838,470971,
Alameda, County,Alameda County,3/18/2021,19380,743421,10611,453682,7877,279916,892,9823,8662,209301,10683,271206,9536,480507,
Alameda, County,Alameda County,3/19/2021,19600,763021,10781,464463,7038,286954,1781,11604,7628,206764,11908,283114,9371,489878,
Alameda, County,Alameda County,3/20/2021,15827,778848,10386,474849,4583,291537,858,12462,6206,204221,9583,292697,7040,496918,
Alameda, County,Alameda County,3/21/2021,9249,788097,7270,482119,1419,292956,560,13022,3315,202174,5918,298615,3871,500789,
Alameda, County,Alameda County,3/22/2021,15195,803292,10238,492357,3952,296908,1005,14027,6823,201657,8332,306947,7815,508604,
Alameda, County,Alameda County,3/23/2021,19482,822774,11828,504185,6840,303748,814,14841,9787,202611,9638,316585,10592,519196,
Alameda, County,Alameda County,3/24/2021,19501,842275,11736,515921,6738,310486,1027,15868,8389,200967,11040,327625,9396,528592,
Alameda, County,Alameda County,3/25/2021,20741,863016,11469,527390,7849,318335,1423,17291,9370,200443,11290,338915,10766,539358,
Alameda, County,Alameda County,3/26/2021,21129,884145,12703,540093,6856,325191,1570,18861,8435,197781,12635,351550,9973,549331,
Alameda, County,Alameda County,3/27/2021,18440,902585,12569,552662,4924,330115,947,19808,7438,195209,10939,362489,8367,557698,
Alameda, County,Alameda County,3/28/2021,10688,913273,8718,561380,1765,331880,205,20013,3427,191601,7239,369728,3631,561329,
Alameda, County,Alameda County,3/29/2021,14874,928147,9473,570853,4406,336286,995,21008,5893,189543,8933,378661,6875,568204,
Alameda, County,Alameda County,3/30/2021,18774,946921,9849,580702,7192,343478,1733,22741,9355,191230,9376,388037,11063,579267,
Alameda, County,Alameda County,3/31/2021,19506,966427,10201,590903,7183,350661,2122,24863,9028,191919,10436,398473,11125,590392,
Alameda, County,Alameda County,4/1/2021,23416,989843,9959,600862,7740,358401,5717,30580,11069,196284,12276,410749,16641,607033,
Alameda, County,Alameda County,4/2/2021,24256,1014099,9865,610727,8473,366874,5918,36498,11794,201419,12416,423165,17551,624584,
Alameda, County,Alameda County,4/3/2021,20364,1034463,9812,620539,5675,372549,4877,41375,10276,206423,10056,433221,15060,639644,
Alameda, County,Alameda County,4/4/2021,9959,1044422,3998,624537,2256,374805,3705,45080,3481,207093,6456,439677,7126,646770,
Alameda, County,Alameda County,4/5/2021,17915,1062337,7529,632066,5566,380371,4820,49900,7347,208671,10534,450211,12112,658882,
Alameda, County,Alameda County,4/6/2021,22297,1084634,10701,642767,5709,386080,5887,55787,10167,212555,12085,462296,15969,674851,
Alameda, County,Alameda County,4/7/2021,22703,1107337,11641,654408,5575,391655,5487,61274,11500,218301,11157,473453,16903,691754,
Alameda, County,Alameda County,4/8/2021,25663,1133000,11558,665966,6072,397727,8033,69307,11037,222741,14540,487993,18980,710734,
Alameda, County,Alameda County,4/9/2021,23540,1156540,10727,676693,7541,405268,5272,74579,12139,228749,11357,499350,17365,728099,
Alameda, County,Alameda County,4/10/2021,19407,1175947,7523,684216,5680,410948,6204,80783,8321,232152,11052,510402,14455,742554,
Alameda, County,Alameda County,4/11/2021,11046,1186993,4861,689077,2231,413179,3954,84737,4543,234109,6481,516883,8438,750992,
Alameda, County,Alameda County,4/12/2021,18255,1205248,11874,700951,4401,417580,1980,86717,10327,238520,7883,524766,12294,763286,
Alameda, County,Alameda County,4/13/2021,23289,1228537,14823,715774,8405,425985,61,86778,17144,249641,6089,530855,17210,780496,
Alameda, County,Alameda County,4/14/2021,23448,1251985,15436,731210,8009,433994,3,86781,15751,257752,7648,538503,15759,796255,
Alameda, County,Alameda County,4/15/2021,24293,1276278,15473,746683,8814,442808,6,86787,15997,265542,8222,546725,16012,812267,
Alameda, County,Alameda County,4/16/2021,24760,1301038,14567,761250,10186,452994,7,86794,15851,272578,8837,555562,15873,828140,
Alameda, County,Alameda County,4/17/2021,21153,1322191,14596,775846,6555,459549,2,86796,14607,280699,6503,562065,14624,842764,
Alameda, County,Alameda County,4/18/2021,10455,1332646,8112,783958,2343,461892,0,86796,7220,284733,3194,565259,7228,849992,
Alameda, County,Alameda County,4/19/2021,15870,1348516,9867,793825,6002,467894,1,86797,9147,287216,6677,571936,9160,859152,
Alameda, County,Alameda County,4/20/2021,18845,1367361,11671,805496,7172,475066,2,86799,10236,288928,8546,580482,10258,869410,
Alameda, County,Alameda County,4/21/2021,20338,1387699,12193,817689,8130,483196,15,86814,11754,292209,8507,588989,11788,881198,
Alameda, County,Alameda County,4/22/2021,22184,1409883,14346,832035,7831,491027,7,86821,11781,293693,10333,599322,11817,893015,
Alameda, County,Alameda County,4/23/2021,22530,1432413,14693,846728,7833,498860,4,86825,12590,296444,9871,609193,12622,905637,
Alameda, County,Alameda County,4/24/2021,19149,1451562,14541,861269,4599,503459,9,86834,10140,297653,8957,618150,10166,915803,
Alameda, County,Alameda County,4/25/2021,9069,1460631,7075,868344,1993,505452,1,86835,5953,300530,3089,621239,5966,921769,
Alameda, County,Alameda County,4/26/2021,14936,1475567,10374,878718,4534,509986,28,86863,9175,304025,5719,626958,9214,930983,
Alameda, County,Alameda County,4/27/2021,16733,1492300,9957,888675,6406,516392,370,87233,7879,303503,8795,635753,8273,939256,
Alameda, County,Alameda County,4/28/2021,17141,1509441,10945,899620,5729,522121,467,87700,6899,300693,10193,645946,7383,946639,
Alameda, County,Alameda County,4/29/2021,17837,1527278,10778,910398,6724,528845,335,88035,6663,296606,11109,657055,7022,953661,
Alameda, County,Alameda County,4/30/2021,20662,1547940,12917,923315,7401,536246,344,88379,8535,293513,12022,669077,8929,962590,
Alameda, County,Alameda County,5/1/2021,14252,1562192,9515,932830,4524,540770,213,88592,5357,290261,8846,677923,5594,968184,
Alameda, County,Alameda County,5/2/2021,7137,1569329,4992,937822,1972,542742,173,88765,2895,289112,4221,682144,3072,971256,
Alameda, County,Alameda County,5/3/2021,14819,1584148,11157,948979,3339,546081,323,89088,2879,280476,11870,694014,3234,974490,
Alameda, County,Alameda County,5/4/2021,19068,1603216,13792,962771,4911,550992,365,89453,3831,269556,15153,709167,4233,978723,
Alameda, County,Alameda County,5/5/2021,18990,1622206,13876,976647,4597,555589,517,89970,3832,258841,15088,724255,4373,983096,
Alameda, County,Alameda County,5/6/2021,19540,1641746,14860,991507,3982,559571,698,90668,3804,247715,15646,739901,4520,987616,
Alameda, County,Alameda County,5/7/2021,19589,1661335,13204,1004711,5965,565536,420,91088,4497,237639,15011,754912,4935,992551,
Alameda, County,Alameda County,5/8/2021,17245,1678580,11948,1016659,5084,570620,213,91301,3303,227277,13893,768805,3531,996082,
Alameda, County,Alameda County,5/9/2021,8608,1687188,7050,1023709,1413,572033,145,91446,1323,221489,7261,776066,1473,997555,
Alameda, County,Alameda County,5/10/2021,10478,1697666,7243,1030952,2904,574937,331,91777,2504,216403,7931,783997,2845,1000400,
Alameda, County,Alameda County,5/11/2021,15884,1713550,8738,1039690,6827,581764,319,92096,2850,206635,12973,796970,3205,1003605,
Alameda, County,Alameda County,5/12/2021,13618,1727168,9091,1048781,4075,585839,452,92548,2742,199046,10820,807790,3231,1006836,
Alameda, County,Alameda County,5/13/2021,18189,1745357,13077,1061858,4565,590404,547,93095,5746,192998,12381,820171,6333,1013169,
Alameda, County,Alameda County,5/14/2021,21020,1766377,14278,1076136,6277,596681,465,93560,7113,186769,13822,833993,7593,1020762,
Alameda, County,Alameda County,5/15/2021,17516,1783893,12783,1088919,4499,601180,234,93794,5978,181502,11484,845477,6217,1026979,
Alameda, County,Alameda County,5/16/2021,8990,1792883,7731,1096650,1154,602334,105,93899,3154,178968,5798,851275,3264,1030243,
Alameda, County,Alameda County,5/17/2021,13603,1806486,10158,1106808,2907,605241,538,94437,4190,174338,9371,860646,4741,1034984,
Alameda, County,Alameda County,5/18/2021,14312,1820798,10418,1117226,3466,608707,428,94865,4996,170493,9271,869917,5426,1040410,
Alameda, County,Alameda County,5/19/2021,14577,1835375,9987,1127213,4248,612955,342,95207,5898,168113,8623,878540,6243,1046653,
Alameda, County,Alameda County,5/20/2021,13544,1848919,8937,1136150,4068,617023,539,95746,5796,166760,7690,886230,6337,1052990,
Alameda, County,Alameda County,5/21/2021,15428,1864347,10133,1146283,5024,622047,271,96017,5126,161939,10225,896455,5404,1058394,
Alameda, County,Alameda County,5/22/2021,10437,1874784,7565,1153848,2702,624749,170,96187,4196,160106,6202,902657,4369,1062763,
Alameda, County,Alameda County,5/23/2021,5155,1879939,3968,1157816,1096,625845,91,96278,1675,158416,3458,906115,1768,1064531,
Alameda, County,Alameda County,5/24/2021,7289,1887228,4249,1162065,2781,628626,259,96537,2819,157071,4427,910542,3082,1067613,
Alameda, County,Alameda County,5/25/2021,8039,1895267,5199,1167264,2576,631202,264,96801,3520,156374,4479,915021,3782,1071395,
Alameda, County,Alameda County,5/26/2021,8273,1903540,5176,1172440,2797,633999,300,97101,3570,155567,4672,919693,3865,1075260,
Alameda, County,Alameda County,5/27/2021,8190,1911730,4883,1177323,2905,636904,402,97503,3342,154507,4799,924492,3739,1078999,
Alameda, County,Alameda County,5/28/2021,8632,1920362,5051,1182374,3353,640257,228,97731,3602,153346,4994,929486,3833,1082832,
Alameda, County,Alameda County,5/29/2021,4945,1925307,2987,1185361,1772,642029,186,97917,2437,153488,2482,931968,2624,1085456,
Alameda, County,Alameda County,5/30/2021,2473,1927780,1622,1186983,762,642791,89,98006,976,153067,1486,933454,1065,1086521,
Alameda, County,Alameda County,5/31/2021,1165,1928945,866,1187849,245,643036,54,98060,345,152663,803,934257,399,1086920,
Alameda, County,Alameda County,6/1/2021,7193,1936138,4991,1192840,1892,644928,310,98370,2954,151715,4209,938466,3261,1090181,
Alameda, County,Alameda County,6/2/2021,5836,1941974,3632,1196472,1979,646907,225,98595,2190,150512,3610,942076,2407,1092588,
Alameda, County,Alameda County,6/3/2021,8498,1950472,6389,1202861,1807,648714,302,98897,2769,147888,5690,947766,3066,1095654,
Alameda, County,Alameda County,6/4/2021,10447,1960919,7688,1210549,2517,651231,242,99139,2818,143357,7590,955356,3059,1098713,
Alameda, County,Alameda County,6/5/2021,8100,1969019,5883,1216432,2054,653285,163,99302,1778,139009,6286,961642,1938,1100651,
Alameda, County,Alameda County,6/6/2021,3696,1972715,3336,1219768,280,653565,80,99382,850,137107,2834,964476,932,1101583,
Alameda, County,Alameda County,6/7/2021,5858,1978573,4263,1224031,1414,654979,181,99563,1718,134892,4115,968591,1900,1103483,
Alameda, County,Alameda County,6/8/2021,7257,1985830,5803,1229834,1209,656188,245,99808,2096,132091,5139,973730,2338,1105821,
Alameda, County,Alameda County,6/9/2021,7318,1993148,5974,1235808,1141,657329,203,100011,1674,128343,5620,979350,1872,1107693,
Alameda, County,Alameda County,6/10/2021,7994,2001142,6687,1242495,1004,658333,303,100314,2104,124884,5865,985215,2406,1110099,
Alameda, County,Alameda County,6/11/2021,8072,2009214,6175,1248670,1672,660005,225,100539,2461,121990,5583,990798,2689,1112788,
Alameda, County,Alameda County,6/12/2021,5516,2014730,4227,1252897,1103,661108,186,100725,1361,119411,4131,994929,1552,1114340,
Alameda, County,Alameda County,6/13/2021,2318,2017048,1769,1254666,427,661535,122,100847,664,118554,1641,996570,784,1115124,
Alameda, County,Alameda County,6/14/2021,4603,2021651,3461,1258127,929,662464,213,101060,1556,117295,3024,999594,1765,1116889,
Alameda, County,Alameda County,6/15/2021,6028,2027679,4378,1262505,1368,663832,282,101342,1795,115179,4192,1003786,2076,1118965,
Alameda, County,Alameda County,6/16/2021,5206,2032885,4157,1266662,845,664677,204,101546,1545,113282,3643,1007429,1746,1120711,
Alameda, County,Alameda County,6/17/2021,5665,2038550,4565,1271227,862,665539,238,101784,1880,111650,3752,1011181,2120,1122831,
Alameda, County,Alameda County,6/18/2021,5982,2044532,4510,1275737,1217,666756,255,102039,2000,109949,3952,1015133,2251,1125082,
Alameda, County,Alameda County,6/19/2021,3463,2047995,2620,1278357,685,667441,158,102197,1062,108781,2387,1017520,1219,1126301,
Alameda, County,Alameda County,6/20/2021,1404,2049399,1173,1279530,186,667627,45,102242,525,108476,873,1018393,568,1126869,
Alameda, County,Alameda County,6/21/2021,2732,2052131,1851,1281381,717,668344,164,102406,1394,108716,1317,1019710,1557,1128426,
Alameda, County,Alameda County,6/22/2021,4606,2056737,3565,1284946,841,669185,200,102606,1420,107166,3168,1022878,1618,1130044,
Alameda, County,Alameda County,6/23/2021,3519,2060256,2707,1287653,628,669813,184,102790,1196,106233,2308,1025186,1375,1131419,
Alameda, County,Alameda County,6/24/2021,4409,2064665,3515,1291168,658,670471,236,103026,1511,105102,2876,1028062,1745,1133164,
Alameda, County,Alameda County,6/25/2021,4643,2069308,3474,1294642,961,671432,208,103234,1715,104114,2910,1030972,1922,1135086,
Alameda, County,Alameda County,6/26/2021,3081,2072389,2263,1296905,650,672082,168,103402,1068,103357,1992,1032964,1235,1136321,
Alameda, County,Alameda County,6/27/2021,1299,2073688,1067,1297972,186,672268,46,103448,509,103129,783,1033747,555,1136876,
Alameda, County,Alameda County,6/28/2021,2908,2076596,2361,1300333,352,672620,195,103643,1136,102708,1751,1035498,1330,1138206,
Alameda, County,Alameda County,6/29/2021,3704,2080300,2963,1303296,602,673222,139,103782,1301,101759,2387,1037885,1438,1139644,
Alameda, County,Alameda County,6/30/2021,2891,2083191,2241,1305537,519,673741,131,103913,1072,101155,1805,1039690,1201,1140845,
Alameda, County,Alameda County,7/1/2021,3472,2086663,2723,1308260,598,674339,151,104064,1240,100333,2210,1041900,1388,1142233,
Alameda, County,Alameda County,7/2/2021,4000,2090663,2998,1311258,830,675169,172,104236,1464,99452,2509,1044409,1628,1143861,
Alameda, County,Alameda County,7/3/2021,2054,2092717,1499,1312757,465,675634,90,104326,809,99119,1231,1045640,898,1144759,
Alameda, County,Alameda County,7/4/2021,97,2092814,63,1312820,29,675663,5,104331,42,99112,54,1045694,47,1144806,
Alameda, County,Alameda County,7/5/2021,1624,2094438,1350,1314170,216,675879,58,104389,720,98996,892,1046586,776,1145582,
Alameda, County,Alameda County,7/6/2021,3632,2098070,2909,1317079,617,676496,106,104495,1235,97964,2373,1048959,1341,1146923,
Alameda, County,Alameda County,7/7/2021,2774,2100844,2020,1319099,576,677072,178,104673,983,97358,1765,1050724,1159,1148082,
Alameda, County,Alameda County,7/8/2021,2819,2103663,2233,1321332,438,677510,148,104821,1032,96774,1759,1052483,1175,1149257,
Alameda, County,Alameda County,7/9/2021,3564,2107227,2777,1324109,636,678146,151,104972,1401,96192,2133,1054616,1551,1150808,
Alameda, County,Alameda County,7/10/2021,2192,2109419,1603,1325712,469,678615,120,105092,854,95853,1314,1055930,975,1151783,
Alameda, County,Alameda County,7/11/2021,1021,2110440,807,1326519,151,678766,63,105155,396,95692,619,1056549,458,1152241,
Alameda, County,Alameda County,7/12/2021,2588,2113028,1993,1328512,462,679228,133,105288,1017,95286,1553,1058102,1147,1153388,
Alameda, County,Alameda County,7/13/2021,2725,2115753,2125,1330637,456,679684,144,105432,1140,95007,1562,1059664,1283,1154671,
Alameda, County,Alameda County,7/14/2021,2176,2117929,1631,1332268,420,680104,125,105557,959,94883,1203,1060867,1079,1155750,
Alameda, County,Alameda County,7/15/2021,2498,2120427,2001,1334269,410,680514,87,105644,1105,94703,1371,1062238,1191,1156941,
Alameda, County,Alameda County,7/16/2021,3243,2123670,2576,1336845,558,681072,109,105753,1429,94449,1790,1064028,1536,1158477,
Alameda, County,Alameda County,7/17/2021,2084,2125754,1624,1338469,391,681463,69,105822,935,94322,1131,1065159,1004,1159481,
Alameda, County,Alameda County,7/18/2021,1036,2126790,816,1339285,122,681585,98,105920,466,94326,560,1065719,564,1160045,
Alameda, County,Alameda County,7/19/2021,2520,2129310,2000,1341285,419,682004,101,106021,1247,94426,1247,1066966,1347,1161392,
Alameda, County,Alameda County,7/20/2021,2573,2131883,2046,1343331,416,682420,111,106132,1279,94551,1260,1068226,1385,1162777,
Alameda, County,Alameda County,7/21/2021,2406,2134289,1887,1345218,410,682830,109,106241,1187,94655,1188,1069414,1292,1164069,
Alameda, County,Alameda County,7/22/2021,2498,2136787,1955,1347173,414,683244,129,106370,1273,94853,1203,1070617,1401,1165470,
Alameda, County,Alameda County,7/23/2021,3327,2140114,2619,1349792,562,683806,146,106516,1604,94915,1684,1072301,1746,1167216,
Alameda, County,Alameda County,7/24/2021,2192,2142306,1673,1351465,433,684239,86,106602,1139,95116,1024,1073325,1225,1168441,
Alameda, County,Alameda County,7/25/2021,711,2143017,596,1352061,108,684347,7,106609,510,95441,192,1073517,517,1168958,
Alameda, County,Alameda County,7/26/2021,2427,2145444,1831,1353892,463,684810,133,106742,1421,96010,984,1074501,1553,1170511,
Alameda, County,Alameda County,7/27/2021,2835,2148279,2256,1356148,445,685255,134,106876,1584,96514,1212,1075713,1716,1172227,
Alameda, County,Alameda County,7/28/2021,2286,2150565,1736,1357884,434,685689,116,106992,1286,96949,965,1076678,1400,1173627,
Alameda, County,Alameda County,7/29/2021,2722,2153287,2190,1360074,394,686083,138,107130,1527,97449,1164,1077842,1664,1175291,
Alameda, County,Alameda County,7/30/2021,3436,2156723,2740,1362814,526,686609,170,107300,1860,97954,1521,1079363,2026,1177317,
Alameda, County,Alameda County,7/31/2021,2163,2158886,1757,1364571,325,686934,81,107381,1234,98372,896,1080259,1314,1178631,
Alameda, County,Alameda County,8/1/2021,905,2159791,746,1365317,140,687074,19,107400,531,98566,356,1080615,550,1179181,
Alameda, County,Alameda County,8/2/2021,2857,2162648,2329,1367646,395,687469,133,107533,1700,99275,1122,1081737,1831,1181012,
Alameda, County,Alameda County,8/3/2021,3072,2165720,2457,1370103,446,687915,169,107702,1855,100116,1180,1082917,2021,1183033,
Alameda, County,Alameda County,8/4/2021,2581,2168301,2058,1372161,413,688328,110,107812,1564,100806,985,1083902,1675,1184708,
Alameda, County,Alameda County,8/5/2021,3077,2171378,2496,1374657,436,688764,145,107957,1802,101509,1242,1085144,1945,1186653,
Alameda, County,Alameda County,8/6/2021,3861,2175239,3111,1377768,614,689378,136,108093,2251,102320,1576,1086720,2387,1189040,
Alameda, County,Alameda County,8/7/2021,2379,2177618,1957,1379725,327,689705,95,108188,1291,102650,1054,1087774,1384,1190424,
Alameda, County,Alameda County,8/8/2021,918,2178536,710,1380435,160,689865,48,108236,522,102834,385,1088159,569,1190993,
Alameda, County,Alameda County,8/9/2021,2472,2181008,1911,1382346,429,690294,132,108368,1277,103073,1168,1089327,1407,1192400,
Alameda, County,Alameda County,8/10/2021,1769,2182777,1425,1383771,255,690549,89,108457,955,103311,804,1090131,1042,1193442,
Alpine, County,Alpine County,12/15/2020,0,0,0,0,0,0,0,0,0,0,0,0,0,0,
Alpine, County,Alpine County,12/16/2020,0,0,0,0,0,0,0,0,0,0,0,0,0,0,
Alpine, County,Alpine County,12/17/2020,0,0,0,0,0,0,0,0,0,0,0,0,0,0,
Alpine, County,Alpine County,12/18/2020,2,2,2,2,0,0,0,0,2,2,0,0,2,2,
Alpine, County,Alpine County,12/19/2020,2,4,2,4,0,0,0,0,2,4,0,0,2,4,
Alpine, County,Alpine County,12/20/2020,0,4,0,4,0,0,0,0,0,4,0,0,0,4,
Alpine, County,Alpine County,12/21/2020,1,5,1,5,0,0,0,0,1,5,0,0,1,5,
Alpine, County,Alpine County,12/22/2020,0,5,0,5,0,0,0,0,0,5,0,0,0,5,
Alpine, County,Alpine County,12/23/2020,0,5,0,5,0,0,0,0,0,5,0,0,0,5,
Alpine, County,Alpine County,12/24/2020,0,5,0,5,0,0,0,0,0,5,0,0,0,5,
Alpine, County,Alpine County,12/25/2020,0,5,0,5,0,0,0,0,0,5,0,0,0,5,
Alpine, County,Alpine County,12/26/2020,0,5,0,5,0,0,0,0,0,5,0,0,0,5,
Alpine, County,Alpine County,12/27/2020,0,5,0,5,0,0,0,0,0,5,0,0,0,5,
Alpine, County,Alpine County,12/28/2020,0,5,0,5,0,0,0,0,0,5,0,0,0,5,
Alpine, County,Alpine County,12/29/2020,1,6,0,5,1,1,0,0,1,6,0,0,1,6,
Alpine, County,Alpine County,12/30/2020,14,20,0,5,14,15,0,0,14,20,0,0,14,20,
Alpine, County,Alpine County,12/31/2020,1,21,0,5,1,16,0,0,1,21,0,0,1,21,
Alpine, County,Alpine County,1/1/2021,1,22,0,5,1,17,0,0,1,22,0,0,1,22,
Alpine, County,Alpine County,1/2/2021,1,23,1,6,0,17,0,0,1,23,0,0,1,23,
Alpine, County,Alpine County,1/3/2021,0,23,0,6,0,17,0,0,0,23,0,0,0,23,
Alpine, County,Alpine County,1/4/2021,10,33,0,6,10,27,0,0,10,33,0,0,10,33,
Alpine, County,Alpine County,1/5/2021,8,41,0,6,8,35,0,0,8,41,0,0,8,41,
Alpine, County,Alpine County,1/6/2021,31,72,0,6,31,66,0,0,31,72,0,0,31,72,
Alpine, County,Alpine County,1/7/2021,8,80,0,6,8,74,0,0,8,80,0,0,8,80,
Alpine, County,Alpine County,1/8/2021,4,84,2,8,2,76,0,0,2,80,2,2,2,82,
Alpine, County,Alpine County,1/9/2021,2,86,2,10,0,76,0,0,0,78,2,4,0,82,
Alpine, County,Alpine County,1/10/2021,0,86,0,10,0,76,0,0,0,78,0,4,0,82,
Alpine, County,Alpine County,1/11/2021,32,118,1,11,31,107,0,0,31,108,1,5,31,113,
Alpine, County,Alpine County,1/12/2021,0,118,0,11,0,107,0,0,0,108,0,5,0,113,
Alpine, County,Alpine County,1/13/2021,35,153,0,11,35,142,0,0,35,143,0,5,35,148,
Alpine, County,Alpine County,1/14/2021,1,154,0,11,1,143,0,0,1,144,0,5,1,149,
Alpine, County,Alpine County,1/15/2021,1,155,0,11,1,144,0,0,1,145,0,5,1,150,
Alpine, County,Alpine County,1/16/2021,0,155,0,11,0,144,0,0,0,145,0,5,0,150,
Alpine, County,Alpine County,1/17/2021,0,155,0,11,0,144,0,0,0,145,0,5,0,150,
Alpine, County,Alpine County,1/18/2021,1,156,1,12,0,144,0,0,1,146,0,5,1,151,
Alpine, County,Alpine County,1/19/2021,0,156,0,12,0,144,0,0,0,146,0,5,0,151,
Alpine, County,Alpine County,1/20/2021,21,177,0,12,21,165,0,0,21,167,0,5,21,172,
Alpine, County,Alpine County,1/21/2021,1,178,0,12,1,166,0,0,1,168,0,5,1,173,
Alpine, County,Alpine County,1/22/2021,33,211,0,12,33,199,0,0,33,201,0,5,33,206,
Alpine, County,Alpine County,1/23/2021,1,212,1,13,0,199,0,0,0,200,1,6,0,206,
Alpine, County,Alpine County,1/24/2021,0,212,0,13,0,199,0,0,0,200,0,6,0,206,
Alpine, County,Alpine County,1/25/2021,16,228,0,13,16,215,0,0,16,216,0,6,16,222,
Alpine, County,Alpine County,1/26/2021,1,229,0,13,1,216,0,0,0,215,1,7,0,222,
Alpine, County,Alpine County,1/27/2021,0,229,0,13,0,216,0,0,0,215,0,7,0,222,
Alpine, County,Alpine County,1/28/2021,1,230,0,13,1,217,0,0,0,214,1,8,0,222,
Alpine, County,Alpine County,1/29/2021,1,231,0,13,1,218,0,0,1,215,0,8,1,223,
Alpine, County,Alpine County,1/30/2021,0,231,0,13,0,218,0,0,0,215,0,8,0,223,
Alpine, County,Alpine County,1/31/2021,0,231,0,13,0,218,0,0,0,215,0,8,0,223,
Alpine, County,Alpine County,2/1/2021,25,256,0,13,25,243,0,0,7,204,18,26,7,230,
Alpine, County,Alpine County,2/2/2021,0,256,0,13,0,243,0,0,0,204,0,26,0,230,
Alpine, County,Alpine County,2/3/2021,34,290,0,13,34,277,0,0,10,190,24,50,10,240,
Alpine, County,Alpine County,2/4/2021,9,299,1,14,8,285,0,0,4,189,5,55,4,244,
Alpine, County,Alpine County,2/5/2021,30,329,1,15,29,314,0,0,10,179,20,75,10,254,
Alpine, County,Alpine County,2/6/2021,0,329,0,15,0,314,0,0,0,179,0,75,0,254,
Alpine, County,Alpine County,2/7/2021,0,329,0,15,0,314,0,0,0,179,0,75,0,254,
Alpine, County,Alpine County,2/8/2021,32,361,0,15,32,346,0,0,4,155,28,103,4,258,
Alpine, County,Alpine County,2/9/2021,0,361,0,15,0,346,0,0,0,155,0,103,0,258,
Alpine, County,Alpine County,2/10/2021,34,395,0,15,34,380,0,0,0,121,34,137,0,258,
Alpine, County,Alpine County,2/11/2021,6,401,0,15,6,386,0,0,3,121,3,140,3,261,
Alpine, County,Alpine County,2/12/2021,1,402,0,15,1,387,0,0,0,120,1,141,0,261,
Alpine, County,Alpine County,2/13/2021,0,402,0,15,0,387,0,0,0,120,0,141,0,261,
Alpine, County,Alpine County,2/14/2021,0,402,0,15,0,387,0,0,0,120,0,141,0,261,
Alpine, County,Alpine County,2/15/2021,0,402,0,15,0,387,0,0,0,120,0,141,0,261,
Alpine, County,Alpine County,2/16/2021,0,402,0,15,0,387,0,0,0,120,0,141,0,261,
Alpine, County,Alpine County,2/17/2021,23,425,0,15,23,410,0,0,3,103,20,161,3,264,
Alpine, County,Alpine County,2/18/2021,2,427,0,15,2,412,0,0,1,103,1,162,1,265,
Alpine, County,Alpine County,2/19/2021,34,461,1,16,33,445,0,0,2,73,32,194,2,267,
Alpine, County,Alpine County,2/20/2021,0,461,0,16,0,445,0,0,0,73,0,194,0,267,
Alpine, County,Alpine County,2/21/2021,0,461,0,16,0,445,0,0,0,73,0,194,0,267,
Alpine, County,Alpine County,2/22/2021,27,488,0,16,27,472,0,0,8,62,19,213,8,275,
Alpine, County,Alpine County,2/23/2021,0,488,0,16,0,472,0,0,0,62,0,213,0,275,
Alpine, County,Alpine County,2/24/2021,0,488,0,16,0,472,0,0,0,62,0,213,0,275,
Alpine, County,Alpine County,2/25/2021,5,493,0,16,5,477,0,0,5,67,0,213,5,280,
Alpine, County,Alpine County,2/26/2021,30,523,1,17,29,506,0,0,29,95,1,214,29,309,
Alpine, County,Alpine County,2/27/2021,2,525,1,18,1,507,0,0,1,95,1,215,1,310,
Alpine, County,Alpine County,2/28/2021,0,525,0,18,0,507,0,0,0,95,0,215,0,310,
Alpine, County,Alpine County,3/1/2021,36,561,0,18,36,543,0,0,26,111,10,225,26,336,
Alpine, County,Alpine County,3/2/2021,0,561,0,18,0,543,0,0,0,111,0,225,0,336,
Alpine, County,Alpine County,3/3/2021,28,589,0,18,28,571,0,0,17,117,11,236,17,353,
Alpine, County,Alpine County,3/4/2021,10,599,0,18,10,581,0,0,10,127,0,236,10,363,
Alpine, County,Alpine County,3/5/2021,28,627,0,18,28,609,0,0,22,143,6,242,22,385,
Alpine, County,Alpine County,3/6/2021,0,627,0,18,0,609,0,0,0,143,0,242,0,385,
Alpine, County,Alpine County,3/7/2021,0,627,0,18,0,609,0,0,0,143,0,242,0,385,
Alpine, County,Alpine County,3/8/2021,31,658,0,18,31,640,0,0,29,170,2,244,29,414,
Alpine, County,Alpine County,3/9/2021,0,658,0,18,0,640,0,0,0,170,0,244,0,414,
Alpine, County,Alpine County,3/10/2021,73,731,0,18,73,713,0,0,73,243,0,244,73,487,
Alpine, County,Alpine County,3/11/2021,35,766,0,18,35,748,0,0,31,270,4,248,31,518,
Alpine, County,Alpine County,3/12/2021,19,785,0,18,19,767,0,0,17,285,2,250,17,535,
Alpine, County,Alpine County,3/13/2021,0,785,0,18,0,767,0,0,0,285,0,250,0,535,
Alpine, County,Alpine County,3/14/2021,0,785,0,18,0,767,0,0,0,285,0,250,0,535,
Alpine, County,Alpine County,3/15/2021,20,805,0,18,20,787,0,0,19,303,1,251,19,554,
Alpine, County,Alpine County,3/16/2021,0,805,0,18,0,787,0,0,0,303,0,251,0,554,
Alpine, County,Alpine County,3/17/2021,23,828,0,18,22,809,1,1,19,319,4,255,20,574,
Alpine, County,Alpine County,3/18/2021,35,863,0,18,35,844,0,1,34,352,1,256,34,608,
Alpine, County,Alpine County,3/19/2021,2,865,1,19,1,845,0,1,1,352,1,257,1,609,
Alpine, County,Alpine County,3/20/2021,0,865,0,19,0,845,0,1,0,352,0,257,0,609,
Alpine, County,Alpine County,3/21/2021,0,865,0,19,0,845,0,1,0,352,0,257,0,609,
Alpine, County,Alpine County,3/22/2021,24,889,0,19,24,869,0,1,15,358,9,266,15,624,
Alpine, County,Alpine County,3/23/2021,0,889,0,19,0,869,0,1,0,358,0,266,0,624,
Alpine, County,Alpine County,3/24/2021,19,908,0,19,19,888,0,1,8,355,11,277,8,632,
Alpine, County,Alpine County,3/25/2021,34,942,0,19,33,921,1,2,27,377,6,283,28,660,
Alpine, County,Alpine County,3/26/2021,0,942,0,19,0,921,0,2,0,377,0,283,0,660,
Alpine, County,Alpine County,3/27/2021,1,943,0,19,1,922,0,2,0,376,1,284,0,660,
Alpine, County,Alpine County,3/28/2021,1,944,1,20,0,922,0,2,1,377,0,284,1,661,
Alpine, County,Alpine County,3/29/2021,19,963,0,20,18,940,1,3,2,363,17,301,3,664,
Alpine, County,Alpine County,3/30/2021,0,963,0,20,0,940,0,3,0,363,0,301,0,664,
Alpine, County,Alpine County,3/31/2021,0,963,0,20,0,940,0,3,0,363,0,301,0,664,
Alpine, County,Alpine County,4/1/2021,18,981,0,20,18,958,0,3,8,361,10,311,8,672,
Alpine, County,Alpine County,4/2/2021,99,1080,0,20,99,1057,0,3,45,353,53,364,45,717,
Alpine, County,Alpine County,4/3/2021,0,1080,0,20,0,1057,0,3,0,353,0,364,0,717,
Alpine, County,Alpine County,4/4/2021,0,1080,0,20,0,1057,0,3,0,353,0,364,0,717,
Alpine, County,Alpine County,4/5/2021,3,1083,0,20,3,1060,0,3,0,350,3,367,0,717,
Alpine, County,Alpine County,4/6/2021,2,1085,1,21,1,1061,0,3,1,350,1,368,1,718,
Alpine, County,Alpine County,4/7/2021,117,1202,0,21,116,1177,1,4,30,295,86,454,31,749,
Alpine, County,Alpine County,4/8/2021,35,1237,0,21,35,1212,0,4,10,280,25,479,10,759,
Alpine, County,Alpine County,4/9/2021,2,1239,0,21,2,1214,0,4,2,282,0,479,2,761,
Alpine, County,Alpine County,4/10/2021,0,1239,0,21,0,1214,0,4,0,282,0,479,0,761,
Alpine, County,Alpine County,4/11/2021,0,1239,0,21,0,1214,0,4,0,282,0,479,0,761,
Alpine, County,Alpine County,4/12/2021,0,1239,0,21,0,1214,0,4,0,282,0,479,0,761,
Alpine, County,Alpine County,4/13/2021,0,1239,0,21,0,1214,0,4,0,282,0,479,0,761,
Alpine, County,Alpine County,4/14/2021,47,1286,0,21,47,1261,0,4,10,255,37,516,10,771,
Alpine, County,Alpine County,4/15/2021,35,1321,0,21,35,1296,0,4,3,226,32,548,3,774,
Alpine, County,Alpine County,4/16/2021,0,1321,0,21,0,1296,0,4,0,226,0,548,0,774,
Alpine, County,Alpine County,4/17/2021,0,1321,0,21,0,1296,0,4,0,226,0,548,0,774,
Alpine, County,Alpine County,4/18/2021,0,1321,0,21,0,1296,0,4,0,226,0,548,0,774,
Alpine, County,Alpine County,4/19/2021,1,1322,0,21,1,1297,0,4,1,227,0,548,1,775,
Alpine, County,Alpine County,4/20/2021,0,1322,0,21,0,1297,0,4,0,227,0,548,0,775,
Alpine, County,Alpine County,4/21/2021,31,1353,0,21,31,1328,0,4,15,226,16,564,15,790,
Alpine, County,Alpine County,4/22/2021,24,1377,0,21,24,1352,0,4,1,204,23,587,1,791,
Alpine, County,Alpine County,4/23/2021,0,1377,0,21,0,1352,0,4,0,204,0,587,0,791,
Alpine, County,Alpine County,4/24/2021,0,1377,0,21,0,1352,0,4,0,204,0,587,0,791,
Alpine, County,Alpine County,4/25/2021,1,1378,1,22,0,1352,0,4,0,203,1,588,0,791,
Alpine, County,Alpine County,4/26/2021,0,1378,0,22,0,1352,0,4,0,203,0,588,0,791,
Alpine, County,Alpine County,4/27/2021,1,1379,0,22,1,1353,0,4,1,204,0,588,1,792,
Alpine, County,Alpine County,4/28/2021,36,1415,0,22,36,1389,0,4,6,180,30,618,6,798,
Alpine, County,Alpine County,4/29/2021,6,1421,0,22,6,1395,0,4,0,174,6,624,0,798,
Alpine, County,Alpine County,4/30/2021,2,1423,1,23,0,1395,1,5,1,175,1,625,2,800,
Alpine, County,Alpine County,5/1/2021,0,1423,0,23,0,1395,0,5,0,175,0,625,0,800,
Alpine, County,Alpine County,5/2/2021,1,1424,0,23,0,1395,1,6,0,175,1,626,1,801,
Alpine, County,Alpine County,5/3/2021,0,1424,0,23,0,1395,0,6,0,175,0,626,0,801,
Alpine, County,Alpine County,5/4/2021,0,1424,0,23,0,1395,0,6,0,175,0,626,0,801,
Alpine, County,Alpine County,5/5/2021,17,1441,0,23,17,1412,0,6,4,166,13,639,4,805,
Alpine, County,Alpine County,5/6/2021,8,1449,0,23,8,1420,0,6,0,158,8,647,0,805,
Alpine, County,Alpine County,5/7/2021,1,1450,0,23,1,1421,0,6,0,157,1,648,0,805,
Alpine, County,Alpine County,5/8/2021,0,1450,0,23,0,1421,0,6,0,157,0,648,0,805,
Alpine, County,Alpine County,5/9/2021,0,1450,0,23,0,1421,0,6,0,157,0,648,0,805,
Alpine, County,Alpine County,5/10/2021,1,1451,0,23,1,1422,0,6,1,158,0,648,1,806,
Alpine, County,Alpine County,5/11/2021,0,1451,0,23,0,1422,0,6,0,158,0,648,0,806,
Alpine, County,Alpine County,5/12/2021,1,1452,0,23,0,1422,1,7,0,158,1,649,1,807,
Alpine, County,Alpine County,5/13/2021,3,1455,0,23,3,1425,0,7,0,155,3,652,0,807,
Alpine, County,Alpine County,5/14/2021,0,1455,0,23,0,1425,0,7,0,155,0,652,0,807,
Alpine, County,Alpine County,5/15/2021,0,1455,0,23,0,1425,0,7,0,155,0,652,0,807,
Alpine, County,Alpine County,5/16/2021,0,1455,0,23,0,1425,0,7,0,155,0,652,0,807,
Alpine, County,Alpine County,5/17/2021,2,1457,0,23,2,1427,0,7,1,155,1,653,1,808,
Alpine, County,Alpine County,5/18/2021,1,1458,0,23,1,1428,0,7,1,156,0,653,1,809,
Alpine, County,Alpine County,5/19/2021,15,1473,0,23,15,1443,0,7,0,141,15,668,0,809,
Alpine, County,Alpine County,5/20/2021,0,1473,0,23,0,1443,0,7,0,141,0,668,0,809,
Alpine, County,Alpine County,5/21/2021,1,1474,1,24,0,1443,0,7,0,140,1,669,0,809,
Alpine, County,Alpine County,5/22/2021,0,1474,0,24,0,1443,0,7,0,140,0,669,0,809,
Alpine, County,Alpine County,5/23/2021,0,1474,0,24,0,1443,0,7,0,140,0,669,0,809,
Alpine, County,Alpine County,5/24/2021,0,1474,0,24,0,1443,0,7,0,140,0,669,0,809,
Alpine, County,Alpine County,5/25/2021,1,1475,0,24,1,1444,0,7,0,139,1,670,0,809,
Alpine, County,Alpine County,5/26/2021,0,1475,0,24,0,1444,0,7,0,139,0,670,0,809,
Alpine, County,Alpine County,5/27/2021,3,1478,2,26,1,1445,0,7,3,142,0,670,3,812,
Alpine, County,Alpine County,5/28/2021,2,1480,1,27,1,1446,0,7,2,144,0,670,2,814,
Alpine, County,Alpine County,5/29/2021,1,1481,0,27,1,1447,0,7,1,145,0,670,1,815,
Alpine, County,Alpine County,5/30/2021,0,1481,0,27,0,1447,0,7,0,145,0,670,0,815,
Alpine, County,Alpine County,5/31/2021,0,1481,0,27,0,1447,0,7,0,145,0,670,0,815,
Alpine, County,Alpine County,6/1/2021,0,1481,0,27,0,1447,0,7,0,145,0,670,0,815,
Alpine, County,Alpine County,6/2/2021,8,1489,0,27,8,1455,0,7,1,139,7,677,1,816,
Alpine, County,Alpine County,6/3/2021,0,1489,0,27,0,1455,0,7,0,139,0,677,0,816,
Alpine, County,Alpine County,6/4/2021,1,1490,0,27,1,1456,0,7,1,140,0,677,1,817,
Alpine, County,Alpine County,6/5/2021,0,1490,0,27,0,1456,0,7,0,140,0,677,0,817,
Alpine, County,Alpine County,6/6/2021,0,1490,0,27,0,1456,0,7,0,140,0,677,0,817,
Alpine, County,Alpine County,6/7/2021,1,1491,0,27,1,1457,0,7,0,139,1,678,0,817,
Alpine, County,Alpine County,6/8/2021,0,1491,0,27,0,1457,0,7,0,139,0,678,0,817,
Alpine, County,Alpine County,6/9/2021,0,1491,0,27,0,1457,0,7,0,139,0,678,0,817,
Alpine, County,Alpine County,6/10/2021,1,1492,1,28,0,1457,0,7,1,140,0,678,1,818,
Alpine, County,Alpine County,6/11/2021,0,1492,0,28,0,1457,0,7,0,140,0,678,0,818,
Alpine, County,Alpine County,6/12/2021,0,1492,0,28,0,1457,0,7,0,140,0,678,0,818,
Alpine, County,Alpine County,6/13/2021,0,1492,0,28,0,1457,0,7,0,140,0,678,0,818,
Alpine, County,Alpine County,6/14/2021,0,1492,0,28,0,1457,0,7,0,140,0,678,0,818,
Alpine, County,Alpine County,6/15/2021,2,1494,1,29,1,1458,0,7,0,138,2,680,0,818,
Alpine, County,Alpine County,6/16/2021,0,1494,0,29,0,1458,0,7,0,138,0,680,0,818,
Alpine, County,Alpine County,6/17/2021,0,1494,0,29,0,1458,0,7,0,138,0,680,0,818,
Alpine, County,Alpine County,6/18/2021,1,1495,1,30,0,1458,0,7,0,137,1,681,0,818,
Alpine, County,Alpine County,6/19/2021,1,1496,1,31,0,1458,0,7,0,136,1,682,0,818,
Alpine, County,Alpine County,6/20/2021,0,1496,0,31,0,1458,0,7,0,136,0,682,0,818,
Alpine, County,Alpine County,6/21/2021,0,1496,0,31,0,1458,0,7,0,136,0,682,0,818,
Alpine, County,Alpine County,6/22/2021,0,1496,0,31,0,1458,0,7,0,136,0,682,0,818,
Alpine, County,Alpine County,6/23/2021,0,1496,0,31,0,1458,0,7,0,136,0,682,0,818,
Alpine, County,Alpine County,6/24/2021,0,1496,0,31,0,1458,0,7,0,136,0,682,0,818,
Alpine, County,Alpine County,6/25/2021,1,1497,0,31,1,1459,0,7,0,135,1,683,0,818,
Alpine, County,Alpine County,6/26/2021,0,1497,0,31,0,1459,0,7,0,135,0,683,0,818,
Alpine, County,Alpine County,6/27/2021,0,1497,0,31,0,1459,0,7,0,135,0,683,0,818,
Alpine, County,Alpine County,6/28/2021,0,1497,0,31,0,1459,0,7,0,135,0,683,0,818,
Alpine, County,Alpine County,6/29/2021,1,1498,0,31,1,1460,0,7,1,136,0,683,1,819,
Alpine, County,Alpine County,6/30/2021,1,1499,0,31,1,1461,0,7,0,135,1,684,0,819,
Alpine, County,Alpine County,7/1/2021,1,1500,1,32,0,1461,0,7,0,134,1,685,0,819,
Alpine, County,Alpine County,7/2/2021,0,1500,0,32,0,1461,0,7,0,134,0,685,0,819,
Alpine, County,Alpine County,7/3/2021,0,1500,0,32,0,1461,0,7,0,134,0,685,0,819,
Alpine, County,Alpine County,7/4/2021,0,1500,0,32,0,1461,0,7,0,134,0,685,0,819,
Alpine, County,Alpine County,7/5/2021,0,1500,0,32,0,1461,0,7,0,134,0,685,0,819,
Alpine, County,Alpine County,7/6/2021,1,1501,0,32,1,1462,0,7,1,135,0,685,1,820,
Alpine, County,Alpine County,7/7/2021,2,1503,0,32,2,1464,0,7,2,137,0,685,2,822,
Alpine, County,Alpine County,7/8/2021,0,1503,0,32,0,1464,0,7,0,137,0,685,0,822,
Alpine, County,Alpine County,7/9/2021,0,1503,0,32,0,1464,0,7,0,137,0,685,0,822,
Alpine, County,Alpine County,7/10/2021,0,1503,0,32,0,1464,0,7,0,137,0,685,0,822,
Alpine, County,Alpine County,7/11/2021,0,1503,0,32,0,1464,0,7,0,137,0,685,0,822,
Alpine, County,Alpine County,7/12/2021,0,1503,0,32,0,1464,0,7,0,137,0,685,0,822,
Alpine, County,Alpine County,7/13/2021,0,1503,0,32,0,1464,0,7,0,137,0,685,0,822,
Alpine, County,Alpine County,7/14/2021,0,1503,0,32,0,1464,0,7,0,137,0,685,0,822,
Alpine, County,Alpine County,7/15/2021,0,1503,0,32,0,1464,0,7,0,137,0,685,0,822,
Alpine, County,Alpine County,7/16/2021,1,1504,0,32,1,1465,0,7,1,138,0,685,1,823,
Alpine, County,Alpine County,7/17/2021,0,1504,0,32,0,1465,0,7,0,138,0,685,0,823,
Alpine, County,Alpine County,7/18/2021,0,1504,0,32,0,1465,0,7,0,138,0,685,0,823,
Alpine, County,Alpine County,7/19/2021,0,1504,0,32,0,1465,0,7,0,138,0,685,0,823,
Alpine, County,Alpine County,7/20/2021,0,1504,0,32,0,1465,0,7,0,138,0,685,0,823,
Alpine, County,Alpine County,7/21/2021,0,1504,0,32,0,1465,0,7,0,138,0,685,0,823,
Alpine, County,Alpine County,7/22/2021,0,1504,0,32,0,1465,0,7,0,138,0,685,0,823,
Alpine, County,Alpine County,7/23/2021,0,1504,0,32,0,1465,0,7,0,138,0,685,0,823,
Alpine, County,Alpine County,7/24/2021,1,1505,0,32,1,1466,0,7,1,139,0,685,1,824,
Alpine, County,Alpine County,7/25/2021,0,1505,0,32,0,1466,0,7,0,139,0,685,0,824,
Alpine, County,Alpine County,7/26/2021,0,1505,0,32,0,1466,0,7,0,139,0,685,0,824,
Alpine, County,Alpine County,7/27/2021,0,1505,0,32,0,1466,0,7,0,139,0,685,0,824,
Alpine, County,Alpine County,7/28/2021,0,1505,0,32,0,1466,0,7,0,139,0,685,0,824,
Alpine, County,Alpine County,7/29/2021,0,1505,0,32,0,1466,0,7,0,139,0,685,0,824,
Alpine, County,Alpine County,7/30/2021,1,1506,0,32,1,1467,0,7,0,138,1,686,0,824,
Alpine, County,Alpine County,7/31/2021,0,1506,0,32,0,1467,0,7,0,138,0,686,0,824,
Alpine, County,Alpine County,8/1/2021,0,1506,0,32,0,1467,0,7,0,138,0,686,0,824,
Alpine, County,Alpine County,8/2/2021,0,1506,0,32,0,1467,0,7,0,138,0,686,0,824,
Alpine, County,Alpine County,8/3/2021,1,1507,0,32,1,1468,0,7,1,139,0,686,1,825,
Alpine, County,Alpine County,8/4/2021,2,1509,0,32,2,1470,0,7,0,137,2,688,0,825,
Alpine, County,Alpine County,8/5/2021,0,1509,0,32,0,1470,0,7,0,137,0,688,0,825,
Alpine, County,Alpine County,8/6/2021,0,1509,0,32,0,1470,0,7,0,137,0,688,0,825,
Alpine, County,Alpine County,8/7/2021,0,1509,0,32,0,1470,0,7,0,137,0,688,0,825,
Alpine, County,Alpine County,8/8/2021,0,1509,0,32,0,1470,0,7,0,137,0,688,0,825,
Alpine, County,Alpine County,8/9/2021,0,1509,0,32,0,1470,0,7,0,137,0,688,0,825,
Alpine, County,Alpine County,8/10/2021,0,1509,0,32,0,1470,0,7,0,137,0,688,0,825,
Amador, County,Amador County,12/15/2020,0,0,0,0,0,0,0,0,0,0,0,0,0,0,
Amador, County,Amador County,12/16/2020,3,3,3,3,0,0,0,0,3,3,0,0,3,3,
Amador, County,Amador County,12/17/2020,5,8,5,8,0,0,0,0,5,8,0,0,5,8,
Amador, County,Amador County,12/18/2020,48,56,48,56,0,0,0,0,48,56,0,0,48,56,
Amador, County,Amador County,12/19/2020,16,72,16,72,0,0,0,0,16,72,0,0,16,72,
Amador, County,Amador County,12/20/2020,4,76,4,76,0,0,0,0,4,76,0,0,4,76,
Amador, County,Amador County,12/21/2020,30,106,30,106,0,0,0,0,30,106,0,0,30,106,
Amador, County,Amador County,12/22/2020,35,141,34,140,1,1,0,0,35,141,0,0,35,141,
Amador, County,Amador County,12/23/2020,41,182,39,179,2,3,0,0,41,182,0,0,41,182,
Amador, County,Amador County,12/24/2020,5,187,3,182,2,5,0,0,5,187,0,0,5,187,
Amador, County,Amador County,12/25/2020,0,187,0,182,0,5,0,0,0,187,0,0,0,187,
Amador, County,Amador County,12/26/2020,5,192,4,186,1,6,0,0,5,192,0,0,5,192,
Amador, County,Amador County,12/27/2020,1,193,0,186,1,7,0,0,1,193,0,0,1,193,
Amador, County,Amador County,12/28/2020,31,224,27,213,4,11,0,0,31,224,0,0,31,224,
Amador, County,Amador County,12/29/2020,25,249,18,231,7,18,0,0,25,249,0,0,25,249,
Amador, County,Amador County,12/30/2020,123,372,77,308,46,64,0,0,123,372,0,0,123,372,
Amador, County,Amador County,12/31/2020,196,568,170,478,26,90,0,0,196,568,0,0,196,568,
Amador, County,Amador County,1/1/2021,2,570,0,478,2,92,0,0,2,570,0,0,2,570,
Amador, County,Amador County,1/2/2021,59,629,59,537,0,92,0,0,59,629,0,0,59,629,
Amador, County,Amador County,1/3/2021,68,697,18,555,50,142,0,0,68,697,0,0,68,697,
Amador, County,Amador County,1/4/2021,126,823,2,557,124,266,0,0,126,823,0,0,126,823,
Amador, County,Amador County,1/5/2021,33,856,3,560,30,296,0,0,32,854,1,1,32,855,
Amador, County,Amador County,1/6/2021,40,896,11,571,29,325,0,0,36,886,4,5,36,891,
Amador, County,Amador County,1/7/2021,234,1130,72,643,162,487,0,0,223,1098,11,16,223,1114,
Amador, County,Amador County,1/8/2021,88,1218,73,716,15,502,0,0,42,1095,46,62,43,1157,
Amador, County,Amador County,1/9/2021,12,1230,12,728,0,502,0,0,2,1088,10,72,3,1160,
Amador, County,Amador County,1/10/2021,6,1236,4,732,2,504,0,0,2,1086,4,76,2,1162,
Amador, County,Amador County,1/11/2021,125,1361,43,775,82,586,0,0,89,1140,36,112,90,1252,
Amador, County,Amador County,1/12/2021,72,1433,55,830,17,603,0,0,42,1152,30,142,42,1294,
Amador, County,Amador County,1/13/2021,42,1475,24,854,18,621,0,0,29,1169,12,154,29,1323,
Amador, County,Amador County,1/14/2021,152,1627,22,876,130,751,0,0,142,1302,10,164,143,1466,
Amador, County,Amador County,1/15/2021,64,1691,27,903,37,788,0,0,54,1346,10,174,54,1520,
Amador, County,Amador County,1/16/2021,19,1710,12,915,7,795,0,0,13,1354,6,180,14,1534,
Amador, County,Amador County,1/17/2021,27,1737,5,920,22,817,0,0,27,1381,0,180,27,1561,
Amador, County,Amador County,1/18/2021,30,1767,26,946,4,821,0,0,9,1369,21,201,9,1570,
Amador, County,Amador County,1/19/2021,127,1894,100,1046,27,848,0,0,81,1405,45,246,81,1651,
Amador, County,Amador County,1/20/2021,180,2074,29,1075,151,999,0,0,166,1558,13,259,166,1817,
Amador, County,Amador County,1/21/2021,265,2339,233,1308,32,1031,0,0,152,1598,113,372,153,1970,
Amador, County,Amador County,1/22/2021,141,2480,74,1382,67,1098,0,0,134,1725,7,379,134,2104,
Amador, County,Amador County,1/23/2021,63,2543,34,1416,29,1127,0,0,60,1782,3,382,60,2164,
Amador, County,Amador County,1/24/2021,28,2571,12,1428,16,1143,0,0,24,1802,4,386,24,2188,
Amador, County,Amador County,1/25/2021,59,2630,29,1457,30,1173,0,0,41,1825,18,404,41,2229,
Amador, County,Amador County,1/26/2021,246,2876,18,1475,228,1401,0,0,236,2051,10,414,236,2465,
Amador, County,Amador County,1/27/2021,312,3188,37,1512,275,1676,0,0,263,2269,46,460,264,2729,
Amador, County,Amador County,1/28/2021,378,3566,100,1612,278,1954,0,0,294,2480,84,544,295,3024,
Amador, County,Amador County,1/29/2021,107,3673,33,1645,74,2028,0,0,92,2557,15,559,92,3116,
Amador, County,Amador County,1/30/2021,199,3872,38,1683,161,2189,0,0,194,2746,5,564,194,3310,
Amador, County,Amador County,1/31/2021,34,3906,29,1712,5,2194,0,0,33,2778,1,565,33,3343,
Amador, County,Amador County,2/1/2021,65,3971,22,1734,43,2237,0,0,37,2787,28,593,37,3380,
Amador, County,Amador County,2/2/2021,218,4189,70,1804,148,2385,0,0,131,2833,85,678,131,3511,
Amador, County,Amador County,2/3/2021,143,4332,40,1844,103,2488,0,0,89,2869,53,731,89,3600,
Amador, County,Amador County,2/4/2021,254,4586,77,1921,177,2665,0,0,165,2949,88,819,168,3768,
Amador, County,Amador County,2/5/2021,341,4927,64,1985,277,2942,0,0,322,3253,18,837,322,4090,
Amador, County,Amador County,2/6/2021,127,5054,84,2069,43,2985,0,0,123,3372,4,841,123,4213,
Amador, County,Amador County,2/7/2021,38,5092,34,2103,4,2989,0,0,34,3403,4,845,35,4248,
Amador, County,Amador County,2/8/2021,92,5184,64,2167,28,3017,0,0,75,3461,17,862,75,4323,
Amador, County,Amador County,2/9/2021,176,5360,80,2247,96,3113,0,0,109,3503,67,929,109,4432,
Amador, County,Amador County,2/10/2021,985,6345,80,2327,905,4018,0,0,950,4419,34,963,950,5382,
Amador, County,Amador County,2/11/2021,318,6663,124,2451,194,4212,0,0,200,4505,116,1079,202,5584,
Amador, County,Amador County,2/12/2021,338,7001,121,2572,217,4429,0,0,262,4691,76,1155,262,5846,
Amador, County,Amador County,2/13/2021,178,7179,82,2654,96,4525,0,0,151,4815,27,1182,151,5997,
Amador, County,Amador County,2/14/2021,125,7304,55,2709,70,4595,0,0,107,4904,18,1200,107,6104,
Amador, County,Amador County,2/15/2021,188,7492,61,2770,127,4722,0,0,171,5059,16,1216,171,6275,
Amador, County,Amador County,2/16/2021,472,7964,56,2826,416,5138,0,0,430,5448,42,1258,431,6706,
Amador, County,Amador County,2/17/2021,271,8235,88,2914,183,5321,0,0,170,5517,101,1359,170,6876,
Amador, County,Amador County,2/18/2021,398,8633,99,3013,299,5620,0,0,333,5785,65,1424,333,7209,
Amador, County,Amador County,2/19/2021,199,8832,76,3089,123,5743,0,0,112,5810,87,1511,112,7321,
Amador, County,Amador County,2/20/2021,104,8936,35,3124,69,5812,0,0,66,5838,38,1549,66,7387,
Amador, County,Amador County,2/21/2021,54,8990,36,3160,18,5830,0,0,18,5822,34,1583,18,7405,
Amador, County,Amador County,2/22/2021,68,9058,26,3186,42,5872,0,0,33,5821,34,1617,33,7438,
Amador, County,Amador County,2/23/2021,327,9385,58,3244,269,6141,0,0,138,5771,189,1806,139,7577,
Amador, County,Amador County,2/24/2021,403,9788,63,3307,340,6481,0,0,264,5900,135,1941,264,7841,
Amador, County,Amador County,2/25/2021,543,10331,130,3437,413,6894,0,0,284,5927,257,2198,284,8125,
Amador, County,Amador County,2/26/2021,645,10976,82,3519,563,7457,0,0,517,6317,127,2325,517,8642,
Amador, County,Amador County,2/27/2021,317,11293,107,3626,210,7667,0,0,104,6211,212,2537,106,8748,
Amador, County,Amador County,2/28/2021,130,11423,59,3685,71,7738,0,0,64,6211,66,2603,66,8814,
Amador, County,Amador County,3/1/2021,206,11629,75,3760,131,7869,0,0,129,6264,77,2680,130,8944,
Amador, County,Amador County,3/2/2021,396,12025,74,3834,322,8191,0,0,336,6541,60,2740,337,9281,
Amador, County,Amador County,3/3/2021,255,12280,91,3925,164,8355,0,0,170,6628,84,2824,171,9452,
Amador, County,Amador County,3/4/2021,499,12779,117,4042,382,8737,0,0,393,6917,105,2929,394,9846,
Amador, County,Amador County,3/5/2021,527,13306,87,4129,440,9177,0,0,292,6979,233,3162,295,10141,
Amador, County,Amador County,3/6/2021,103,13409,50,4179,52,9229,1,1,57,6991,46,3208,58,10199,
Amador, County,Amador County,3/7/2021,95,13504,46,4225,49,9278,0,1,25,6946,70,3278,25,10224,
Amador, County,Amador County,3/8/2021,159,13663,75,4300,83,9361,1,2,93,6974,66,3344,94,10318,
Amador, County,Amador County,3/9/2021,382,14045,55,4355,327,9688,0,2,289,7174,90,3434,290,10608,
Amador, County,Amador County,3/10/2021,522,14567,79,4434,441,10129,2,4,111,6878,411,3845,115,10723,
Amador, County,Amador County,3/11/2021,485,15052,126,4560,348,10477,11,15,303,7015,180,4025,317,11040,
Amador, County,Amador County,3/12/2021,587,15639,70,4630,510,10987,7,22,344,7129,242,4267,356,11396,
Amador, County,Amador County,3/13/2021,123,15762,18,4648,98,11085,7,29,77,7174,44,4311,89,11485,
Amador, County,Amador County,3/14/2021,98,15860,17,4665,79,11164,2,31,20,7118,78,4389,22,11507,
Amador, County,Amador County,3/15/2021,179,16039,26,4691,146,11310,7,38,52,7051,127,4516,60,11567,
Amador, County,Amador County,3/16/2021,456,16495,55,4746,392,11702,9,47,140,6887,314,4830,150,11717,
Amador, County,Amador County,3/17/2021,387,16882,47,4793,337,12039,3,50,264,7033,121,4951,267,11984,
Amador, County,Amador County,3/18/2021,520,17402,105,4898,411,12450,4,54,256,7035,262,5213,264,12248,
Amador, County,Amador County,3/19/2021,552,17954,57,4955,478,12928,17,71,391,7288,159,5372,412,12660,
Amador, County,Amador County,3/20/2021,115,18069,47,5002,67,12995,1,72,49,7276,65,5437,53,12713,
Amador, County,Amador County,3/21/2021,52,18121,34,5036,17,13012,1,73,27,7282,24,5461,30,12743,
Amador, County,Amador County,3/22/2021,116,18237,35,5071,52,13064,29,102,49,7293,67,5528,78,12821,
Amador, County,Amador County,3/23/2021,441,18678,47,5118,387,13451,7,109,277,7415,163,5691,285,13106,
Amador, County,Amador County,3/24/2021,351,19029,41,5159,56,13507,254,363,39,7397,311,6002,293,13399,
Amador, County,Amador County,3/25/2021,617,19646,89,5248,521,14028,7,370,400,7588,216,6218,407,13806,
Amador, County,Amador County,3/26/2021,753,20399,45,5293,702,14730,6,376,282,7411,468,6686,291,14097,
Amador, County,Amador County,3/27/2021,90,20489,16,5309,72,14802,2,378,28,7381,62,6748,32,14129,
Amador, County,Amador County,3/28/2021,70,20559,16,5325,52,14854,2,380,10,7335,59,6807,13,14142,
Amador, County,Amador County,3/29/2021,184,20743,31,5356,152,15006,1,381,80,7321,101,6908,87,14229,
Amador, County,Amador County,3/30/2021,537,21280,27,5383,509,15515,1,382,287,7360,249,7157,288,14517,
Amador, County,Amador County,3/31/2021,201,21481,57,5440,139,15654,5,387,44,7253,156,7313,49,14566,
Amador, County,Amador County,4/1/2021,621,22102,91,5531,530,16184,0,387,266,7170,351,7664,268,14834,
Amador, County,Amador County,4/2/2021,617,22719,40,5571,564,16748,13,400,384,7337,232,7896,399,15233,
Amador, County,Amador County,4/3/2021,89,22808,27,5598,43,16791,19,419,23,7316,66,7962,45,15278,
Amador, County,Amador County,4/4/2021,40,22848,3,5601,30,16821,7,426,15,7313,25,7987,22,15300,
Amador, County,Amador County,4/5/2021,144,22992,50,5651,78,16899,16,442,47,7282,96,8083,65,15365,
Amador, County,Amador County,4/6/2021,505,23497,38,5689,449,17348,18,460,222,7241,281,8364,240,15605,
Amador, County,Amador County,4/7/2021,102,23599,35,5724,47,17395,20,480,44,7250,55,8419,64,15669,
Amador, County,Amador County,4/8/2021,498,24097,85,5809,391,17786,22,502,219,7215,277,8696,242,15911,
Amador, County,Amador County,4/9/2021,488,24585,23,5832,445,18231,20,522,213,7171,274,8970,230,16141,
Amador, County,Amador County,4/10/2021,51,24636,15,5847,27,18258,9,531,21,7171,30,9000,30,16171,
Amador, County,Amador County,4/11/2021,50,24686,24,5871,22,18280,4,535,22,7170,27,9027,26,16197,
Amador, County,Amador County,4/12/2021,99,24785,28,5899,62,18342,9,544,41,7162,58,9085,50,16247,
Amador, County,Amador County,4/13/2021,346,25131,48,5947,298,18640,0,544,64,6949,278,9363,65,16312,
Amador, County,Amador County,4/14/2021,284,25415,30,5977,254,18894,0,544,56,6781,225,9588,57,16369,
Amador, County,Amador County,4/15/2021,337,25752,77,6054,260,19154,0,544,69,6593,257,9845,69,16438,
Amador, County,Amador County,4/16/2021,494,26246,31,6085,463,19617,0,544,383,6867,110,9955,384,16822,
Amador, County,Amador County,4/17/2021,66,26312,35,6120,31,19648,0,544,30,6861,36,9991,30,16852,
Amador, County,Amador County,4/18/2021,41,26353,16,6136,25,19673,0,544,12,6844,29,10020,12,16864,
Amador, County,Amador County,4/19/2021,73,26426,30,6166,43,19716,0,544,30,6835,41,10061,32,16896,
Amador, County,Amador County,4/20/2021,441,26867,57,6223,384,20100,0,544,109,6621,325,10386,111,17007,
Amador, County,Amador County,4/21/2021,88,26955,33,6256,54,20154,1,545,43,6621,44,10430,44,17051,
Amador, County,Amador County,4/22/2021,518,27473,78,6334,439,20593,1,546,100,6322,400,10830,101,17152,
Amador, County,Amador County,4/23/2021,368,27841,47,6381,321,20914,0,546,289,6539,74,10904,291,17443,
Amador, County,Amador County,4/24/2021,51,27892,25,6406,26,20940,0,546,29,6547,21,10925,29,17472,
Amador, County,Amador County,4/25/2021,44,27936,19,6425,25,20965,0,546,29,6561,15,10940,29,17501,
Amador, County,Amador County,4/26/2021,98,28034,30,6455,67,21032,1,547,46,6559,51,10991,49,17550,
Amador, County,Amador County,4/27/2021,499,28533,41,6496,457,21489,1,548,88,6243,406,11397,90,17640,
Amador, County,Amador County,4/28/2021,70,28603,30,6526,37,21526,3,551,41,6258,29,11426,44,17684,
Amador, County,Amador County,4/29/2021,231,28834,74,6600,48,21574,109,660,69,6273,162,11588,177,17861,
Amador, County,Amador County,4/30/2021,343,29177,27,6627,312,21886,4,664,86,6107,257,11845,91,17952,
Amador, County,Amador County,5/1/2021,49,29226,16,6643,28,21914,5,669,27,6119,20,11865,32,17984,
Amador, County,Amador County,5/2/2021,28,29254,14,6657,11,21925,3,672,11,6117,17,11882,15,17999,
Amador, County,Amador County,5/3/2021,70,29324,36,6693,24,21949,10,682,29,6115,41,11923,39,18038,
Amador, County,Amador County,5/4/2021,465,29789,29,6722,429,22378,7,689,66,5789,399,12322,73,18111,
Amador, County,Amador County,5/5/2021,211,30000,157,6879,46,22424,8,697,163,5914,45,12367,170,18281,
Amador, County,Amador County,5/6/2021,109,30109,56,6935,48,22472,5,702,63,5938,44,12411,68,18349,
Amador, County,Amador County,5/7/2021,131,30240,30,6965,94,22566,7,709,69,5952,62,12473,76,18425,
Amador, County,Amador County,5/8/2021,43,30283,10,6975,30,22596,3,712,21,5954,22,12495,24,18449,
Amador, County,Amador County,5/9/2021,17,30300,1,6976,10,22606,6,718,4,5951,13,12508,10,18459,
Amador, County,Amador County,5/10/2021,58,30358,12,6988,43,22649,3,721,25,5946,33,12541,28,18487,
Amador, County,Amador County,5/11/2021,100,30458,32,7020,42,22691,26,747,46,5964,54,12595,72,18559,
Amador, County,Amador County,5/12/2021,71,30529,25,7045,43,22734,3,750,35,5966,36,12631,38,18597,
Amador, County,Amador County,5/13/2021,79,30608,41,7086,32,22766,6,756,38,5970,40,12671,44,18641,
Amador, County,Amador County,5/14/2021,403,31011,36,7122,362,23128,5,761,90,5755,312,12983,97,18738,
Amador, County,Amador County,5/15/2021,48,31059,19,7141,19,23147,10,771,22,5762,26,13009,33,18771,
Amador, County,Amador County,5/16/2021,40,31099,14,7155,26,23173,0,771,17,5756,23,13032,17,18788,
Amador, County,Amador County,5/17/2021,76,31175,23,7178,51,23224,2,773,35,5754,40,13072,38,18826,
Amador, County,Amador County,5/18/2021,250,31425,168,7346,47,23271,35,808,167,5875,81,13153,202,19028,
Amador, County,Amador County,5/19/2021,76,31501,26,7372,47,23318,3,811,34,5873,41,13194,39,19067,
Amador, County,Amador County,5/20/2021,89,31590,47,7419,38,23356,4,815,30,5849,58,13252,34,19101,
Amador, County,Amador County,5/21/2021,274,31864,29,7448,243,23599,2,817,37,5651,237,13489,39,19140,
Amador, County,Amador County,5/22/2021,44,31908,14,7462,26,23625,4,821,12,5636,32,13521,17,19157,
Amador, County,Amador County,5/23/2021,29,31937,5,7467,21,23646,3,824,5,5620,24,13545,8,19165,
Amador, County,Amador County,5/24/2021,93,32030,35,7502,46,23692,12,836,43,5625,50,13595,55,19220,
Amador, County,Amador County,5/25/2021,144,32174,90,7592,28,23720,26,862,83,5675,59,13654,109,19329,
Amador, County,Amador County,5/26/2021,204,32378,161,7753,36,23756,7,869,37,5552,166,13820,43,19372,
Amador, County,Amador County,5/27/2021,83,32461,39,7792,35,23791,9,878,30,5539,52,13872,39,19411,
Amador, County,Amador County,5/28/2021,70,32531,28,7820,38,23829,4,882,30,5534,39,13911,34,19445,
Amador, County,Amador County,5/29/2021,26,32557,2,7822,21,23850,3,885,8,5527,18,13929,11,19456,
Amador, County,Amador County,5/30/2021,19,32576,5,7827,8,23858,6,891,5,5524,14,13943,11,19467,
Amador, County,Amador County,5/31/2021,10,32586,0,7827,9,23867,1,892,2,5519,8,13951,3,19470,
Amador, County,Amador County,6/1/2021,95,32681,67,7894,23,23890,5,897,44,5518,50,14001,49,19519,
Amador, County,Amador County,6/2/2021,46,32727,16,7910,22,23912,8,905,16,5513,30,14031,25,19544,
Amador, County,Amador County,6/3/2021,58,32785,25,7935,28,23940,5,910,19,5499,38,14069,24,19568,
Amador, County,Amador County,6/4/2021,100,32885,20,7955,59,23999,21,931,20,5460,79,14148,40,19608,
Amador, County,Amador County,6/5/2021,42,32927,17,7972,20,24019,5,936,5,5433,37,14185,10,19618,
Amador, County,Amador County,6/6/2021,20,32947,9,7981,10,24029,1,937,9,5433,11,14196,11,19629,
Amador, County,Amador County,6/7/2021,46,32993,18,7999,23,24052,5,942,18,5428,28,14224,23,19652,
Amador, County,Amador County,6/8/2021,175,33168,139,8138,26,24078,10,952,53,5371,121,14345,64,19716,
Amador, County,Amador County,6/9/2021,48,33216,19,8157,20,24098,9,961,13,5358,35,14380,22,19738,
Amador, County,Amador County,6/10/2021,56,33272,23,8180,22,24120,11,972,21,5355,35,14415,32,19770,
Amador, County,Amador County,6/11/2021,58,33330,17,8197,36,24156,5,977,12,5326,46,14461,17,19787,
Amador, County,Amador County,6/12/2021,24,33354,11,8208,11,24167,2,979,9,5323,14,14475,11,19798,
Amador, County,Amador County,6/13/2021,9,33363,2,8210,6,24173,1,980,2,5319,7,14482,3,19801,
Amador, County,Amador County,6/14/2021,46,33409,23,8233,21,24194,2,982,14,5303,32,14514,16,19817,
Amador, County,Amador County,6/15/2021,45,33454,14,8247,19,24213,12,994,19,5309,25,14539,31,19848,
Amador, County,Amador County,6/16/2021,71,33525,31,8278,31,24244,9,1003,33,5313,38,14577,42,19890,
Amador, County,Amador County,6/17/2021,49,33574,25,8303,20,24264,4,1007,29,5327,19,14596,33,19923,
Amador, County,Amador County,6/18/2021,157,33731,120,8423,30,24294,7,1014,61,5300,96,14692,69,19992,
Amador, County,Amador County,6/19/2021,30,33761,8,8431,14,24308,8,1022,11,5301,19,14711,20,20012,
Amador, County,Amador County,6/20/2021,8,33769,6,8437,1,24309,1,1023,3,5300,5,14716,4,20016,
Amador, County,Amador County,6/21/2021,48,33817,15,8452,23,24332,10,1033,17,5295,31,14747,26,20042,
Amador, County,Amador County,6/22/2021,48,33865,27,8479,19,24351,2,1035,29,5307,19,14766,31,20073,
Amador, County,Amador County,6/23/2021,42,33907,22,8501,12,24363,8,1043,23,5319,19,14785,31,20104,
Amador, County,Amador County,6/24/2021,51,33958,27,8528,18,24381,6,1049,26,5328,23,14808,32,20136,
Amador, County,Amador County,6/25/2021,53,34011,32,8560,10,24391,11,1060,28,5344,24,14832,40,20176,
Amador, County,Amador County,6/26/2021,10,34021,4,8564,4,24395,2,1062,6,5348,4,14836,8,20184,
Amador, County,Amador County,6/27/2021,22,34043,14,8578,4,24399,4,1066,11,5352,11,14847,15,20199,
Amador, County,Amador County,6/28/2021,52,34095,28,8606,13,24412,11,1077,24,5359,28,14875,35,20234,
Amador, County,Amador County,6/29/2021,50,34145,23,8629,18,24430,9,1086,26,5370,24,14899,35,20269,
Amador, County,Amador County,6/30/2021,47,34192,17,8646,14,24444,16,1102,22,5382,25,14924,37,20306,
Amador, County,Amador County,7/1/2021,32,34224,16,8662,13,24457,3,1105,15,5383,17,14941,18,20324,
Amador, County,Amador County,7/2/2021,35,34259,16,8678,9,24466,10,1115,19,5396,16,14957,29,20353,
Amador, County,Amador County,7/3/2021,16,34275,1,8679,11,24477,4,1119,9,5402,7,14964,13,20366,
Amador, County,Amador County,7/4/2021,5,34280,0,8679,5,24482,0,1119,5,5407,0,14964,5,20371,
Amador, County,Amador County,7/5/2021,29,34309,5,8684,20,24502,4,1123,15,5412,14,14978,19,20390,
Amador, County,Amador County,7/6/2021,30,34339,13,8697,13,24515,4,1127,13,5412,17,14995,17,20407,
Amador, County,Amador County,7/7/2021,35,34374,13,8710,17,24532,5,1132,17,5416,18,15013,22,20429,
Amador, County,Amador County,7/8/2021,27,34401,11,8721,15,24547,1,1133,10,5411,17,15030,12,20441,
Amador, County,Amador County,7/9/2021,64,34465,45,8766,18,24565,1,1134,23,5396,41,15071,26,20467,
Amador, County,Amador County,7/10/2021,15,34480,6,8772,7,24572,2,1136,8,5399,7,15078,10,20477,
Amador, County,Amador County,7/11/2021,4,34484,2,8774,2,24574,0,1136,0,5396,4,15082,1,20478,
Amador, County,Amador County,7/12/2021,35,34519,17,8791,13,24587,5,1141,24,5414,11,15093,29,20507,
Amador, County,Amador County,7/13/2021,35,34554,16,8807,13,24600,6,1147,16,5417,19,15112,22,20529,
Amador, County,Amador County,7/14/2021,35,34589,18,8825,16,24616,1,1148,14,5411,21,15133,15,20544,
Amador, County,Amador County,7/15/2021,40,34629,23,8848,15,24631,2,1150,26,5425,14,15147,28,20572,
Amador, County,Amador County,7/16/2021,56,34685,30,8878,21,24652,5,1155,24,5423,32,15179,30,20602,
Amador, County,Amador County,7/17/2021,20,34705,7,8885,8,24660,5,1160,10,5429,10,15189,16,20618,
Amador, County,Amador County,7/18/2021,12,34717,9,8894,2,24662,1,1161,4,5427,8,15197,6,20624,
Amador, County,Amador County,7/19/2021,50,34767,28,8922,17,24679,5,1166,30,5444,20,15217,37,20661,
Amador, County,Amador County,7/20/2021,67,34834,36,8958,17,24696,14,1180,29,5451,38,15255,45,20706,
Amador, County,Amador County,7/21/2021,44,34878,17,8975,21,24717,6,1186,27,5468,16,15271,33,20739,
Amador, County,Amador County,7/22/2021,47,34925,19,8994,20,24737,8,1194,26,5482,21,15292,35,20774,
Amador, County,Amador County,7/23/2021,46,34971,24,9018,17,24754,5,1199,25,5491,21,15313,30,20804,
Amador, County,Amador County,7/24/2021,10,34981,0,9018,8,24762,2,1201,4,5491,6,15319,6,20810,
Amador, County,Amador County,7/25/2021,15,34996,3,9021,7,24769,5,1206,6,5493,9,15328,11,20821,
Amador, County,Amador County,7/26/2021,43,35039,18,9039,24,24793,1,1207,35,5522,8,15336,37,20858,
Amador, County,Amador County,7/27/2021,38,35077,17,9056,15,24808,6,1213,20,5530,18,15354,26,20884,
Amador, County,Amador County,7/28/2021,43,35120,21,9077,18,24826,4,1217,28,5547,15,15369,32,20916,
Amador, County,Amador County,7/29/2021,38,35158,19,9096,15,24841,4,1221,26,5565,12,15381,30,20946,
Amador, County,Amador County,7/30/2021,59,35217,29,9125,29,24870,1,1222,44,5597,15,15396,47,20993,
Amador, County,Amador County,7/31/2021,39,35256,16,9141,21,24891,2,1224,25,5610,14,15410,27,21020,
Amador, County,Amador County,8/1/2021,21,35277,10,9151,9,24900,2,1226,12,5615,9,15419,14,21034,
Amador, County,Amador County,8/2/2021,63,35340,27,9178,31,24931,5,1231,45,5647,18,15437,50,21084,
Amador, County,Amador County,8/3/2021,56,35396,28,9206,27,24958,1,1232,43,5679,12,15449,44,21128,
Amador, County,Amador County,8/4/2021,66,35462,45,9251,17,24975,4,1236,57,5731,9,15458,61,21189,
Amador, County,Amador County,8/5/2021,54,35516,29,9280,18,24993,7,1243,35,5754,19,15477,42,21231,
Amador, County,Amador County,8/6/2021,58,35574,26,9306,32,25025,0,1243,48,5792,10,15487,48,21279,
Amador, County,Amador County,8/7/2021,19,35593,8,9314,10,25035,1,1244,17,5808,2,15489,18,21297,
Amador, County,Amador County,8/8/2021,23,35616,7,9321,13,25048,3,1247,17,5822,6,15495,20,21317,
Amador, County,Amador County,8/9/2021,54,35670,26,9347,27,25075,1,1248,38,5846,15,15510,39,21356,
Amador, County,Amador County,8/10/2021,94,35764,59,9406,16,25091,19,1267,57,5887,36,15546,77,21433,
Butte, County,Butte County,12/15/2020,0,0,0,0,0,0,0,0,0,0,0,0,0,0,
Butte, County,Butte County,12/16/2020,4,4,4,4,0,0,0,0,4,4,0,0,4,4,
Butte, County,Butte County,12/17/2020,21,25,21,25,0,0,0,0,21,25,0,0,21,25,
Butte, County,Butte County,12/18/2020,53,78,53,78,0,0,0,0,53,78,0,0,53,78,
Butte, County,Butte County,12/19/2020,7,85,7,85,0,0,0,0,7,85,0,0,7,85,
Butte, County,Butte County,12/20/2020,9,94,9,94,0,0,0,0,9,94,0,0,9,94,
Butte, County,Butte County,12/21/2020,629,723,629,723,0,0,0,0,629,723,0,0,629,723,
Butte, County,Butte County,12/22/2020,619,1342,617,1340,2,2,0,0,619,1342,0,0,619,1342,
Butte, County,Butte County,12/23/2020,875,2217,859,2199,16,18,0,0,875,2217,0,0,875,2217,
Butte, County,Butte County,12/24/2020,158,2375,154,2353,4,22,0,0,158,2375,0,0,158,2375,
Butte, County,Butte County,12/25/2020,0,2375,0,2353,0,22,0,0,0,2375,0,0,0,2375,
Butte, County,Butte County,12/26/2020,89,2464,87,2440,2,24,0,0,89,2464,0,0,89,2464,
Butte, County,Butte County,12/27/2020,35,2499,34,2474,1,25,0,0,35,2499,0,0,35,2499,
Butte, County,Butte County,12/28/2020,278,2777,272,2746,6,31,0,0,278,2777,0,0,278,2777,
Butte, County,Butte County,12/29/2020,205,2982,180,2926,25,56,0,0,205,2982,0,0,205,2982,
Butte, County,Butte County,12/30/2020,510,3492,290,3216,220,276,0,0,510,3492,0,0,510,3492,
Butte, County,Butte County,12/31/2020,213,3705,18,3234,195,471,0,0,213,3705,0,0,213,3705,
Butte, County,Butte County,1/1/2021,19,3724,9,3243,10,481,0,0,19,3724,0,0,19,3724,
Butte, County,Butte County,1/2/2021,40,3764,37,3280,3,484,0,0,40,3764,0,0,40,3764,
Butte, County,Butte County,1/3/2021,4,3768,1,3281,3,487,0,0,4,3768,0,0,4,3768,
Butte, County,Butte County,1/4/2021,210,3978,176,3457,34,521,0,0,210,3978,0,0,210,3978,
Butte, County,Butte County,1/5/2021,194,4172,150,3607,44,565,0,0,193,4170,1,1,193,4171,
Butte, County,Butte County,1/6/2021,631,4803,398,4005,233,798,0,0,625,4790,6,7,626,4797,
Butte, County,Butte County,1/7/2021,763,5566,368,4373,395,1193,0,0,743,5513,20,27,743,5540,
Butte, County,Butte County,1/8/2021,673,6239,530,4903,143,1336,0,0,624,6088,49,76,624,6164,
Butte, County,Butte County,1/9/2021,13,6252,8,4911,5,1341,0,0,7,6089,6,82,7,6171,
Butte, County,Butte County,1/10/2021,18,6270,4,4915,14,1355,0,0,14,6099,4,86,14,6185,
Butte, County,Butte County,1/11/2021,984,7254,949,5864,35,1390,0,0,355,5828,629,715,358,6543,
Butte, County,Butte County,1/12/2021,700,7954,654,6518,46,1436,0,0,277,5683,423,1138,278,6821,
Butte, County,Butte County,1/13/2021,1565,9519,1071,7589,494,1930,0,0,726,5573,838,1976,728,7549,
Butte, County,Butte County,1/14/2021,1641,11160,895,8484,746,2676,0,0,1443,6820,196,2172,1443,8992,
Butte, County,Butte County,1/15/2021,1063,12223,818,9302,245,2921,0,0,953,7663,110,2282,953,9945,
Butte, County,Butte County,1/16/2021,590,12813,302,9604,288,3209,0,0,545,8163,45,2327,545,10490,
Butte, County,Butte County,1/17/2021,239,13052,64,9668,175,3384,0,0,201,8326,38,2365,201,10691,
Butte, County,Butte County,1/18/2021,349,13401,306,9974,43,3427,0,0,282,8542,66,2431,282,10973,
Butte, County,Butte County,1/19/2021,493,13894,429,10403,64,3491,0,0,224,8497,269,2700,224,11197,
Butte, County,Butte County,1/20/2021,1396,15290,710,11113,686,4177,0,0,1091,9283,305,3005,1091,12288,
Butte, County,Butte County,1/21/2021,1496,16786,884,11997,612,4789,0,0,1387,10562,108,3113,1387,13675,
Butte, County,Butte County,1/22/2021,1144,17930,484,12481,660,5449,0,0,1089,11596,55,3168,1089,14764,
Butte, County,Butte County,1/23/2021,126,18056,85,12566,41,5490,0,0,101,11672,25,3193,101,14865,
Butte, County,Butte County,1/24/2021,7,18063,6,12572,1,5491,0,0,7,11679,0,3193,7,14872,
Butte, County,Butte County,1/25/2021,659,18722,338,12910,321,5812,0,0,495,12010,164,3357,495,15367,
Butte, County,Butte County,1/26/2021,1497,20219,377,13287,1120,6932,0,0,1360,13233,137,3494,1360,16727,
Butte, County,Butte County,1/27/2021,2117,22336,706,13993,1411,8343,0,0,1381,13879,735,4229,1381,18108,
Butte, County,Butte County,1/28/2021,2281,24617,258,14251,2023,10366,0,0,1956,15511,324,4553,1956,20064,
Butte, County,Butte County,1/29/2021,1695,26312,491,14742,1204,11570,0,0,1314,16446,379,4932,1314,21378,
Butte, County,Butte County,1/30/2021,29,26341,8,14750,21,11591,0,0,27,16471,2,4934,27,21405,
Butte, County,Butte County,1/31/2021,17,26358,15,14765,2,11593,0,0,16,16486,1,4935,16,21421,
Butte, County,Butte County,2/1/2021,1772,28130,408,15173,1364,12957,0,0,1375,17467,394,5329,1375,22796,
Butte, County,Butte County,2/2/2021,1957,30087,366,15539,1591,14548,0,0,1654,18817,304,5633,1654,24450,
Butte, County,Butte County,2/3/2021,2758,32845,780,16319,1978,16526,0,0,1856,19773,900,6533,1856,26306,
Butte, County,Butte County,2/4/2021,2984,35829,323,16642,2661,19187,0,0,2417,21625,565,7098,2417,28723,
Butte, County,Butte County,2/5/2021,1280,37109,671,17313,609,19796,0,0,549,21444,731,7829,550,29273,
Butte, County,Butte County,2/6/2021,147,37256,104,17417,43,19839,0,0,62,21421,85,7914,62,29335,
Butte, County,Butte County,2/7/2021,40,37296,35,17452,5,19844,0,0,16,21414,23,7937,16,29351,
Butte, County,Butte County,2/8/2021,705,38001,551,18003,154,19998,0,0,241,21193,462,8399,241,29592,
Butte, County,Butte County,2/9/2021,972,38973,463,18466,509,20507,0,0,739,21700,232,8631,739,30331,
Butte, County,Butte County,2/10/2021,1712,40685,1193,19659,519,21026,0,0,656,21304,1053,9684,657,30988,
Butte, County,Butte County,2/11/2021,2227,42912,1363,21022,864,21890,0,0,1010,21098,1217,10901,1011,31999,
Butte, County,Butte County,2/12/2021,1007,43919,437,21459,570,22460,0,0,325,20743,680,11581,325,32324,
Butte, County,Butte County,2/13/2021,254,44173,42,21501,212,22672,0,0,152,20794,101,11682,152,32476,
Butte, County,Butte County,2/14/2021,165,44338,10,21511,155,22827,0,0,159,20948,6,11688,160,32636,
Butte, County,Butte County,2/15/2021,262,44600,48,21559,214,23041,0,0,194,21074,68,11756,194,32830,
Butte, County,Butte County,2/16/2021,759,45359,436,21995,323,23364,0,0,298,20911,461,12217,298,33128,
Butte, County,Butte County,2/17/2021,1540,46899,857,22852,683,24047,0,0,853,21080,684,12901,853,33981,
Butte, County,Butte County,2/18/2021,1589,48488,775,23627,814,24861,0,0,772,21035,817,13718,772,34753,
Butte, County,Butte County,2/19/2021,1181,49669,394,24021,787,25648,0,0,402,20665,772,14490,402,35155,
Butte, County,Butte County,2/20/2021,487,50156,36,24057,451,26099,0,0,127,20433,359,14849,127,35282,
Butte, County,Butte County,2/21/2021,20,50176,17,24074,3,26102,0,0,14,20441,6,14855,14,35296,
Butte, County,Butte County,2/22/2021,1572,51748,315,24389,1257,27359,0,0,393,19660,1174,16029,393,35689,
Butte, County,Butte County,2/23/2021,1700,53448,310,24699,1390,28749,0,0,471,18911,1220,17249,471,36160,
Butte, County,Butte County,2/24/2021,2229,55677,637,25336,1592,30341,0,0,769,18229,1452,18701,770,36930,
Butte, County,Butte County,2/25/2021,2190,57867,653,25989,1537,31878,0,0,722,17495,1457,20158,723,37653,
Butte, County,Butte County,2/26/2021,977,58844,333,26322,644,32522,0,0,427,17377,545,20703,427,38080,
Butte, County,Butte County,2/27/2021,244,59088,48,26370,196,32718,0,0,193,17521,49,20752,193,38273,
Butte, County,Butte County,2/28/2021,155,59243,16,26386,139,32857,0,0,145,17658,8,20760,145,38418,
Butte, County,Butte County,3/1/2021,1705,60948,205,26591,1495,34352,5,5,362,16691,1334,22094,367,38785,
Butte, County,Butte County,3/2/2021,1813,62761,209,26800,1604,35956,0,5,316,15516,1492,23586,317,39102,
Butte, County,Butte County,3/3/2021,2900,65661,902,27702,1998,37954,0,5,512,13647,2381,25967,512,39614,
Butte, County,Butte County,3/4/2021,3263,68924,726,28428,2537,40491,0,5,642,11673,2616,28583,642,40256,
Butte, County,Butte County,3/5/2021,1385,70309,634,29062,750,41241,1,6,749,11791,632,29215,750,41006,
Butte, County,Butte County,3/6/2021,253,70562,24,29086,205,41446,24,30,190,11945,60,29275,214,41220,
Butte, County,Butte County,3/7/2021,72,70634,5,29091,44,41490,23,53,41,11978,31,29306,64,41284,
Butte, County,Butte County,3/8/2021,1277,71911,131,29222,1066,42556,80,133,1105,12994,169,29475,1185,42469,
Butte, County,Butte County,3/9/2021,1940,73851,284,29506,1552,44108,104,237,1418,14002,514,29989,1522,43991,
Butte, County,Butte County,3/10/2021,2341,76192,981,30487,1259,45367,101,338,1590,14948,745,30734,1691,45682,
Butte, County,Butte County,3/11/2021,2817,79009,1320,31807,1370,46737,127,465,1972,16215,833,31567,2100,47782,
Butte, County,Butte County,3/12/2021,1164,80173,331,32138,468,47205,365,830,354,16130,803,32370,718,48500,
Butte, County,Butte County,3/13/2021,271,80444,68,32206,141,47346,62,892,58,16037,212,32582,119,48619,
Butte, County,Butte County,3/14/2021,167,80611,17,32223,108,47454,42,934,22,15958,143,32725,64,48683,
Butte, County,Butte County,3/15/2021,1748,82359,360,32583,1091,48545,297,1231,1143,16800,597,33322,1439,50122,
Butte, County,Butte County,3/16/2021,1682,84041,428,33011,1176,49721,78,1309,1094,17388,583,33905,1171,51293,
Butte, County,Butte County,3/17/2021,1961,86002,1355,34366,525,50246,81,1390,1105,17725,848,34753,1185,52478,
Butte, County,Butte County,3/18/2021,1825,87827,1477,35843,221,50467,127,1517,1011,18054,808,35561,1137,53615,
Butte, County,Butte County,3/19/2021,697,88524,311,36154,303,50770,83,1600,337,18124,349,35910,419,54034,
Butte, County,Butte County,3/20/2021,207,88731,31,36185,160,50930,16,1616,100,18133,107,36017,116,54150,
Butte, County,Butte County,3/21/2021,73,88804,40,36225,4,50934,29,1645,23,18138,47,36064,52,54202,
Butte, County,Butte County,3/22/2021,1520,90324,383,36608,1042,51976,95,1740,1245,19202,274,36338,1338,55540,
Butte, County,Butte County,3/23/2021,1870,92194,523,37131,1234,53210,113,1853,1509,20467,356,36694,1621,57161,
Butte, County,Butte County,3/24/2021,2280,94474,1276,38407,878,54088,126,1979,1698,21714,576,37270,1823,58984,
Butte, County,Butte County,3/25/2021,1498,95972,1208,39615,198,54286,92,2071,1013,22339,479,37749,1104,60088,
Butte, County,Butte County,3/26/2021,1218,97190,440,40055,528,54814,250,2321,555,22489,654,38403,804,60892,
Butte, County,Butte County,3/27/2021,314,97504,86,40141,202,55016,26,2347,137,22477,173,38576,161,61053,
Butte, County,Butte County,3/28/2021,234,97738,46,40187,181,55197,7,2354,99,22450,132,38708,105,61158,
Butte, County,Butte County,3/29/2021,1778,99516,383,40570,1325,56522,70,2424,1338,23428,430,39138,1408,62566,
Butte, County,Butte County,3/30/2021,1041,100557,474,41044,476,56998,91,2515,484,23453,549,39687,574,63140,
Butte, County,Butte County,3/31/2021,1793,102350,1306,42350,418,57416,69,2584,1070,23881,711,40398,1139,64279,
Butte, County,Butte County,4/1/2021,3371,105721,2728,45078,513,57929,130,2714,2268,25194,1085,41483,2398,66677,
Butte, County,Butte County,4/2/2021,1013,106734,421,45499,471,58400,121,2835,568,25446,436,41919,688,67365,
Butte, County,Butte County,4/3/2021,343,107077,46,45545,224,58624,73,2908,165,25505,178,42097,237,67602,
Butte, County,Butte County,4/4/2021,207,107284,33,45578,149,58773,25,2933,121,25567,83,42180,145,67747,
Butte, County,Butte County,4/5/2021,1974,109258,422,46000,1381,60154,171,3104,592,24955,1373,43553,761,68508,
Butte, County,Butte County,4/6/2021,2211,111469,618,46618,1173,61327,420,3524,798,24767,1404,44957,1216,69724,
Butte, County,Butte County,4/7/2021,3049,114518,1322,47940,1331,62658,396,3920,721,23559,2322,47279,1114,70838,
Butte, County,Butte County,4/8/2021,2773,117291,1205,49145,1297,63955,271,4191,455,21972,2312,49591,725,71563,
Butte, County,Butte County,4/9/2021,1376,118667,352,49497,542,64497,482,4673,328,21734,1044,50635,806,72369,
Butte, County,Butte County,4/10/2021,231,118898,50,49547,76,64573,105,4778,101,21810,129,50764,205,72574,
Butte, County,Butte County,4/11/2021,107,119005,44,49591,53,64626,10,4788,83,21880,23,50787,93,72667,
Butte, County,Butte County,4/12/2021,1415,120420,314,49905,968,65594,133,4921,234,21066,1180,51967,366,73033,
Butte, County,Butte County,4/13/2021,1658,122078,573,50478,1079,66673,6,4927,344,20111,1305,53272,350,73383,
Butte, County,Butte County,4/14/2021,2864,124942,2363,52841,501,67174,0,4927,1313,19881,1544,54816,1314,74697,
Butte, County,Butte County,4/15/2021,636,125578,387,53228,249,67423,0,4927,471,20194,158,54974,471,75168,
Butte, County,Butte County,4/16/2021,820,126398,421,53649,399,67822,0,4927,481,20341,334,55308,481,75649,
Butte, County,Butte County,4/17/2021,347,126745,62,53711,285,68107,0,4927,240,20476,105,55413,240,75889,
Butte, County,Butte County,4/18/2021,56,126801,21,53732,35,68142,0,4927,41,20502,15,55428,41,75930,
Butte, County,Butte County,4/19/2021,1582,128383,390,54122,1192,69334,0,4927,423,19773,1153,56581,424,76354,
Butte, County,Butte County,4/20/2021,2042,130425,771,54893,1271,70605,0,4927,755,19251,1277,57858,755,77109,
Butte, County,Butte County,4/21/2021,2123,132548,1238,56131,885,71490,0,4927,486,18109,1628,59486,486,77595,
Butte, County,Butte County,4/22/2021,2288,134836,2001,58132,287,71777,0,4927,636,17099,1646,61132,636,78231,
Butte, County,Butte County,4/23/2021,974,135810,476,58608,498,72275,0,4927,489,17104,484,61616,489,78720,
Butte, County,Butte County,4/24/2021,350,136160,141,58749,209,72484,0,4927,190,17134,160,61776,190,78910,
Butte, County,Butte County,4/25/2021,180,136340,73,58822,107,72591,0,4927,60,17075,119,61895,60,78970,
Butte, County,Butte County,4/26/2021,1584,137924,473,59295,1105,73696,6,4933,401,16305,1177,63072,407,79377,
Butte, County,Butte County,4/27/2021,1038,138962,693,59988,318,74014,27,4960,589,16476,445,63517,616,79993,
Butte, County,Butte County,4/28/2021,1450,140412,988,60976,437,74451,25,4985,518,16093,926,64443,543,80536,
Butte, County,Butte County,4/29/2021,937,141349,583,61559,328,74779,26,5011,317,15826,610,65053,343,80879,
Butte, County,Butte County,4/30/2021,939,142288,428,61987,491,75270,20,5031,470,15855,459,65512,488,81367,
Butte, County,Butte County,5/1/2021,263,142551,68,62055,171,75441,24,5055,78,15781,172,65684,98,81465,
Butte, County,Butte County,5/2/2021,160,142711,67,62122,80,75521,13,5068,46,15727,113,65797,59,81524,
Butte, County,Butte County,5/3/2021,642,143353,264,62386,347,75868,31,5099,181,15489,450,66247,212,81736,
Butte, County,Butte County,5/4/2021,858,144211,349,62735,477,76345,32,5131,226,15122,623,66870,256,81992,
Butte, County,Butte County,5/5/2021,1391,145602,1135,63870,218,76563,38,5169,293,14363,1090,67960,331,82323,
Butte, County,Butte County,5/6/2021,996,146598,729,64599,227,76790,40,5209,372,14155,618,68578,410,82733,
Butte, County,Butte County,5/7/2021,595,147193,316,64915,243,77033,36,5245,307,14212,284,68862,341,83074,
Butte, County,Butte County,5/8/2021,189,147382,52,64967,126,77159,11,5256,93,14221,95,68957,104,83178,
Butte, County,Butte County,5/9/2021,102,147484,26,64993,73,77232,3,5259,54,14230,48,69005,57,83235,
Butte, County,Butte County,5/10/2021,544,148028,319,65312,179,77411,46,5305,219,14174,321,69326,265,83500,
Butte, County,Butte County,5/11/2021,929,148957,672,65984,196,77607,61,5366,296,13902,628,69954,356,83856,
Butte, County,Butte County,5/12/2021,791,149748,487,66471,255,77862,49,5415,334,13832,453,70407,383,84239,
Butte, County,Butte County,5/13/2021,964,150712,640,67111,258,78120,66,5481,350,13643,603,71010,414,84653,
Butte, County,Butte County,5/14/2021,869,151581,543,67654,293,78413,33,5514,378,13565,488,71498,410,85063,
Butte, County,Butte County,5/15/2021,513,152094,247,67901,232,78645,34,5548,240,13568,271,71769,274,85337,
Butte, County,Butte County,5/16/2021,169,152263,83,67984,68,78713,18,5566,99,13617,68,71837,117,85454,
Butte, County,Butte County,5/17/2021,772,153035,500,68484,224,78937,48,5614,333,13563,434,72271,380,85834,
Butte, County,Butte County,5/18/2021,1075,154110,739,69223,287,79224,49,5663,478,13499,591,72862,527,86361,
Butte, County,Butte County,5/19/2021,844,154954,548,69771,248,79472,48,5711,332,13372,506,73368,379,86740,
Butte, County,Butte County,5/20/2021,991,155945,667,70438,215,79687,109,5820,386,13266,600,73968,494,87234,
Butte, County,Butte County,5/21/2021,896,156841,545,70983,323,80010,28,5848,298,12996,594,74562,324,87558,
Butte, County,Butte County,5/22/2021,299,157140,139,71122,145,80155,15,5863,144,13003,152,74714,159,87717,
Butte, County,Butte County,5/23/2021,132,157272,83,71205,48,80203,1,5864,79,13030,53,74767,80,87797,
Butte, County,Butte County,5/24/2021,351,157623,165,71370,137,80340,49,5913,176,13081,174,74941,225,88022,
Butte, County,Butte County,5/25/2021,703,158326,451,71821,214,80554,38,5951,341,13107,351,75292,377,88399,
Butte, County,Butte County,5/26/2021,563,158889,182,72003,358,80912,23,5974,243,13060,312,75604,265,88664,
Butte, County,Butte County,5/27/2021,868,159757,624,72627,226,81138,18,5992,423,13063,439,76043,442,89106,
Butte, County,Butte County,5/28/2021,523,160280,146,72773,298,81436,79,6071,212,13046,308,76351,291,89397,
Butte, County,Butte County,5/29/2021,226,160506,117,72890,97,81533,12,6083,145,13122,81,76432,157,89554,
Butte, County,Butte County,5/30/2021,107,160613,57,72947,50,81583,0,6083,59,13133,48,76480,59,89613,
Butte, County,Butte County,5/31/2021,46,160659,24,72971,20,81603,2,6085,26,13142,19,76499,28,89641,
Butte, County,Butte County,6/1/2021,691,161350,432,73403,220,81823,39,6124,255,13007,426,76925,291,89932,
Butte, County,Butte County,6/2/2021,819,162169,567,73970,208,82031,44,6168,351,12938,463,77388,394,90326,
Butte, County,Butte County,6/3/2021,629,162798,423,74393,189,82220,17,6185,207,12743,419,77807,224,90550,
Butte, County,Butte County,6/4/2021,484,163282,275,74668,180,82400,29,6214,142,12579,335,78142,171,90721,
Butte, County,Butte County,6/5/2021,321,163603,207,74875,95,82495,19,6233,96,12471,223,78365,115,90836,
Butte, County,Butte County,6/6/2021,138,163741,102,74977,34,82529,2,6235,35,12406,102,78467,37,90873,
Butte, County,Butte County,6/7/2021,407,164148,260,75237,116,82645,31,6266,169,12368,237,78704,199,91072,
Butte, County,Butte County,6/8/2021,654,164802,469,75706,165,82810,20,6286,179,12105,462,79166,199,91271,
Butte, County,Butte County,6/9/2021,439,165241,301,76007,120,82930,18,6304,148,11987,284,79450,166,91437,
Butte, County,Butte County,6/10/2021,634,165875,452,76459,150,83080,32,6336,234,11853,398,79848,264,91701,
Butte, County,Butte County,6/11/2021,442,166317,264,76723,157,83237,21,6357,148,11729,293,80141,169,91870,
Butte, County,Butte County,6/12/2021,251,166568,153,76876,88,83325,10,6367,75,11639,175,80316,85,91955,
Butte, County,Butte County,6/13/2021,98,166666,64,76940,31,83356,3,6370,20,11584,78,80394,23,91978,
Butte, County,Butte County,6/14/2021,396,167062,239,77179,137,83493,20,6390,141,11492,254,80648,162,92140,
Butte, County,Butte County,6/15/2021,552,167614,387,77566,139,83632,26,6416,164,11300,382,81030,190,92330,
Butte, County,Butte County,6/16/2021,420,168034,257,77823,118,83750,45,6461,171,11269,247,81277,216,92546,
Butte, County,Butte County,6/17/2021,582,168616,433,78256,122,83872,27,6488,178,11072,403,81680,206,92752,
Butte, County,Butte County,6/18/2021,410,169026,204,78460,152,84024,54,6542,160,11035,248,81928,211,92963,
Butte, County,Butte County,6/19/2021,209,169235,155,78615,49,84073,5,6547,93,11017,116,82044,98,93061,
Butte, County,Butte County,6/20/2021,95,169330,70,78685,25,84098,0,6547,24,10972,70,82114,25,93086,
Butte, County,Butte County,6/21/2021,276,169606,164,78849,91,84189,21,6568,130,10980,143,82257,151,93237,
Butte, County,Butte County,6/22/2021,416,170022,275,79124,117,84306,24,6592,148,10888,264,82521,172,93409,
Butte, County,Butte County,6/23/2021,454,170476,337,79461,93,84399,24,6616,169,10796,284,82805,192,93601,
Butte, County,Butte County,6/24/2021,427,170903,284,79745,109,84508,34,6650,152,10708,274,83079,186,93787,
Butte, County,Butte County,6/25/2021,421,171324,205,79950,193,84701,23,6673,160,10631,260,83339,183,93970,
Butte, County,Butte County,6/26/2021,136,171460,99,80049,34,84735,3,6676,58,10614,78,83417,61,94031,
Butte, County,Butte County,6/27/2021,67,171527,41,80090,25,84760,1,6677,19,10587,48,83465,21,94052,
Butte, County,Butte County,6/28/2021,300,171827,225,80315,54,84814,21,6698,124,10557,174,83639,144,94196,
Butte, County,Butte County,6/29/2021,326,172153,218,80533,95,84909,13,6711,142,10531,180,83819,154,94350,
Butte, County,Butte County,6/30/2021,327,172480,214,80747,97,85006,16,6727,160,10541,166,83985,176,94526,
Butte, County,Butte County,7/1/2021,357,172837,229,80976,108,85114,20,6747,143,10491,213,84198,163,94689,
Butte, County,Butte County,7/2/2021,296,173133,202,81178,68,85182,26,6773,138,10500,155,84353,164,94853,
Butte, County,Butte County,7/3/2021,123,173256,83,81261,38,85220,2,6775,52,10484,70,84423,54,94907,
Butte, County,Butte County,7/4/2021,3,173259,2,81263,1,85221,0,6775,0,10482,2,84425,0,94907,
Butte, County,Butte County,7/5/2021,148,173407,97,81360,41,85262,10,6785,63,10474,81,84506,73,94980,Not in California
Butte, County,Butte County,7/6/2021,339,173746,250,81610,74,85336,15,6800,118,10389,219,84725,134,95114,Not in California
Butte, County,Butte County,7/7/2021,321,174067,237,81847,76,85412,8,6808,122,10323,196,84921,130,95244,Not in California
Butte, County,Butte County,7/8/2021,301,174368,196,82043,96,85508,9,6817,116,10266,182,85103,125,95369,Not in California
Butte, County,Butte County,7/9/2021,260,174628,160,82203,78,85586,22,6839,98,10225,161,85264,120,95489,Not in California
Butte, County,Butte County,7/10/2021,145,174773,101,82304,42,85628,2,6841,49,10179,96,85360,50,95539,Not in California
Butte, County,Butte County,7/11/2021,52,174825,37,82341,9,85637,6,6847,28,10190,23,85383,34,95573,Not in California
Butte, County,Butte County,7/12/2021,199,175024,124,82465,63,85700,12,6859,94,10192,104,85487,106,95679,Not in California
Butte, County,Butte County,7/13/2021,317,175341,235,82700,73,85773,9,6868,147,10181,167,85654,156,95835,Not in California
Butte, County,Butte County,7/14/2021,355,175696,267,82967,73,85846,15,6883,152,10147,201,85855,167,96002,Not in California
Butte, County,Butte County,7/15/2021,397,176093,280,83247,63,85909,54,6937,204,10213,192,86047,258,96260,Not in California
Butte, County,Butte County,7/16/2021,317,176410,198,83445,90,85999,29,6966,129,10183,188,86235,158,96418,Not in California
Butte, County,Butte County,7/17/2021,134,176544,91,83536,42,86041,1,6967,74,10199,59,86294,75,96493,Not in California
Butte, County,Butte County,7/18/2021,59,176603,36,83572,18,86059,5,6972,31,10207,28,86322,36,96529,Not in California
Butte, County,Butte County,7/19/2021,274,176877,202,83774,59,86118,13,6985,109,10164,165,86487,122,96651,Not in California
Butte, County,Butte County,7/20/2021,440,177317,328,84102,90,86208,22,7007,191,10128,249,86736,213,96864,Not in California
Butte, County,Butte County,7/21/2021,399,177716,299,84401,82,86290,18,7025,229,10208,166,86902,246,97110,Not in California
Butte, County,Butte County,7/22/2021,293,178009,185,84586,90,86380,18,7043,167,10271,122,87024,185,97295,Not in California
Butte, County,Butte County,7/23/2021,357,178366,215,84801,115,86495,27,7070,200,10344,154,87178,227,97522,Not in California
Butte, County,Butte County,7/24/2021,138,178504,106,84907,29,86524,3,7073,78,10366,59,87237,81,97603,Not in California
Butte, County,Butte County,7/25/2021,76,178580,45,84952,24,86548,7,7080,53,10407,19,87256,60,97663,Not in California
Butte, County,Butte County,7/26/2021,249,178829,155,85107,87,86635,7,7087,163,10493,84,87340,170,97833,Not in California
Butte, County,Butte County,7/27/2021,356,179185,272,85379,75,86710,9,7096,213,10573,142,87482,222,98055,Not in California
Butte, County,Butte County,7/28/2021,432,179617,316,85695,97,86807,19,7115,256,10674,174,87656,275,98330,Not in California
Butte, County,Butte County,7/29/2021,355,179972,209,85904,107,86914,39,7154,214,10791,137,87793,254,98584,Not in California
Butte, County,Butte County,7/30/2021,352,180324,207,86111,116,87030,29,7183,220,10913,128,87921,250,98834,Not in California
Butte, County,Butte County,7/31/2021,198,180522,128,86239,63,87093,7,7190,128,10979,68,87989,134,98968,Not in California
Butte, County,Butte County,8/1/2021,102,180624,74,86313,28,87121,0,7190,81,11039,21,88010,81,99049,Not in California
Butte, County,Butte County,8/2/2021,288,180912,184,86497,90,87211,14,7204,198,11164,87,88097,212,99261,Not in California
Butte, County,Butte County,8/3/2021,359,181271,254,86751,84,87295,21,7225,205,11240,150,88247,226,99487,Not in California
Butte, County,Butte County,8/4/2021,489,181760,389,87140,82,87377,18,7243,313,11401,170,88417,331,99818,Not in California
Butte, County,Butte County,8/5/2021,498,182258,375,87515,92,87469,31,7274,305,11546,191,88608,336,100154,Not in California
Butte, County,Butte County,8/6/2021,396,182654,261,87776,106,87575,29,7303,239,11657,156,88764,267,100421,Not in California
Butte, County,Butte County,8/7/2021,163,182817,106,87882,51,87626,6,7309,110,11721,52,88816,116,100537,Not in California
Butte, County,Butte County,8/8/2021,91,182908,59,87941,30,87656,2,7311,62,11756,29,88845,64,100601,Not in California
Butte, County,Butte County,8/9/2021,242,183150,134,88075,97,87753,11,7322,142,11812,97,88942,153,100754,Not in California
Butte, County,Butte County,8/10/2021,108,183258,64,88139,26,87779,18,7340,56,11834,52,88994,74,100828,Not in California
Calaveras, County,Calaveras County,12/15/2020,0,0,0,0,0,0,0,0,0,0,0,0,0,0,Not in California
Calaveras, County,Calaveras County,12/16/2020,10,10,10,10,0,0,0,0,10,10,0,0,10,10,Not in California
Calaveras, County,Calaveras County,12/17/2020,6,16,6,16,0,0,0,0,6,16,0,0,6,16,Not in California
Calaveras, County,Calaveras County,12/18/2020,40,56,40,56,0,0,0,0,40,56,0,0,40,56,Not in California
Calaveras, County,Calaveras County,12/19/2020,4,60,4,60,0,0,0,0,4,60,0,0,4,60,Not in California
Calaveras, County,Calaveras County,12/20/2020,4,64,4,64,0,0,0,0,4,64,0,0,4,64,Not in California
Calaveras, County,Calaveras County,12/21/2020,55,119,48,112,7,7,0,0,55,119,0,0,55,119,Not in California
Calaveras, County,Calaveras County,12/22/2020,85,204,81,193,4,11,0,0,86,205,0,0,86,205,Not in California
Calaveras, County,Calaveras County,12/23/2020,76,280,74,267,2,13,0,0,76,281,0,0,76,281,Not in California
Calaveras, County,Calaveras County,12/24/2020,2,282,2,269,0,13,0,0,2,283,0,0,2,283,Not in California
Calaveras, County,Calaveras County,12/25/2020,0,282,0,269,0,13,0,0,0,283,0,0,0,283,Not in California
Calaveras, County,Calaveras County,12/26/2020,4,286,3,272,1,14,0,0,4,287,0,0,4,287,Not in California
Calaveras, County,Calaveras County,12/27/2020,1,287,1,273,0,14,0,0,1,288,0,0,1,288,Not in California
Calaveras, County,Calaveras County,12/28/2020,23,310,18,291,5,19,0,0,22,309,1,1,22,310,Not in California
Calaveras, County,Calaveras County,12/29/2020,159,469,137,428,22,41,0,0,159,468,0,1,159,469,Not in California
Calaveras, County,Calaveras County,12/30/2020,94,563,81,509,13,54,0,0,94,562,0,1,94,563,Not in California
Calaveras, County,Calaveras County,12/31/2020,37,600,26,535,11,65,0,0,37,599,0,1,37,600,Not in California
Calaveras, County,Calaveras County,1/1/2021,0,600,0,535,0,65,0,0,0,599,0,1,0,600,Not in California
Calaveras, County,Calaveras County,1/2/2021,12,612,12,547,0,65,0,0,12,611,0,1,12,612,Not in California
Calaveras, County,Calaveras County,1/3/2021,10,622,4,551,6,71,0,0,10,621,0,1,10,622,Not in California
Calaveras, County,Calaveras County,1/4/2021,33,655,5,556,28,99,0,0,33,654,0,1,33,655,Not in California
Calaveras, County,Calaveras County,1/5/2021,43,698,10,566,33,132,0,0,32,680,11,12,37,692,Not in California
Calaveras, County,Calaveras County,1/6/2021,107,805,30,596,77,209,0,0,97,767,10,22,97,789,Not in California
Calaveras, County,Calaveras County,1/7/2021,111,916,30,626,81,290,0,0,95,849,14,36,96,885,Not in California
Calaveras, County,Calaveras County,1/8/2021,75,991,45,671,30,320,0,0,46,868,29,65,48,933,Not in California
Calaveras, County,Calaveras County,1/9/2021,5,996,5,676,0,320,0,0,2,867,3,68,2,935,Not in California
Calaveras, County,Calaveras County,1/10/2021,2,998,0,676,2,322,0,0,2,869,0,68,2,937,Not in California
Calaveras, County,Calaveras County,1/11/2021,69,1067,63,739,6,328,0,0,29,861,39,107,31,968,Not in California
Calaveras, County,Calaveras County,1/12/2021,89,1156,56,795,33,361,0,0,52,877,37,144,53,1021,Not in California
Calaveras, County,Calaveras County,1/13/2021,109,1265,45,840,64,425,0,0,75,919,34,178,76,1097,Not in California
Calaveras, County,Calaveras County,1/14/2021,144,1409,45,885,99,524,0,0,110,997,33,211,111,1208,Not in California
Calaveras, County,Calaveras County,1/15/2021,93,1502,28,913,65,589,0,0,73,1050,20,231,73,1281,Not in California
Calaveras, County,Calaveras County,1/16/2021,14,1516,2,915,12,601,0,0,13,1062,1,232,13,1294,Not in California
Calaveras, County,Calaveras County,1/17/2021,10,1526,2,917,8,609,0,0,9,1070,1,233,9,1303,Not in California
Calaveras, County,Calaveras County,1/18/2021,138,1664,20,937,118,727,0,0,123,1182,15,248,127,1430,Not in California
Calaveras, County,Calaveras County,1/19/2021,211,1875,179,1116,32,759,0,0,73,1120,137,385,75,1505,Not in California
Calaveras, County,Calaveras County,1/20/2021,384,2259,83,1199,301,1060,0,0,289,1333,94,479,307,1812,Not in California
Calaveras, County,Calaveras County,1/21/2021,469,2728,41,1240,428,1488,0,0,425,1734,44,523,445,2257,Not in California
Calaveras, County,Calaveras County,1/22/2021,411,3139,26,1266,385,1873,0,0,392,2121,19,542,406,2663,Not in California
Calaveras, County,Calaveras County,1/23/2021,21,3160,11,1277,10,1883,0,0,19,2138,2,544,19,2682,Not in California
Calaveras, County,Calaveras County,1/24/2021,14,3174,8,1285,6,1889,0,0,12,2148,2,546,12,2694,Not in California
Calaveras, County,Calaveras County,1/25/2021,91,3265,8,1293,83,1972,0,0,85,2227,6,552,85,2779,Not in California
Calaveras, County,Calaveras County,1/26/2021,50,3315,15,1308,35,2007,0,0,41,2259,9,561,41,2820,Not in California
Calaveras, County,Calaveras County,1/27/2021,141,3456,48,1356,93,2100,0,0,111,2341,29,590,111,2931,Not in California
Calaveras, County,Calaveras County,1/28/2021,166,3622,26,1382,140,2240,0,0,135,2454,31,621,144,3075,Not in California
Calaveras, County,Calaveras County,1/29/2021,405,4027,16,1398,389,2629,0,0,364,2797,41,662,384,3459,Not in California
Calaveras, County,Calaveras County,1/30/2021,27,4054,10,1408,17,2646,0,0,25,2822,0,662,25,3484,Not in California
Calaveras, County,Calaveras County,1/31/2021,7,4061,4,1412,3,2649,0,0,6,2827,1,663,6,3490,Not in California
Calaveras, County,Calaveras County,2/1/2021,32,4093,12,1424,20,2669,0,0,22,2839,10,673,22,3512,Not in California
Calaveras, County,Calaveras County,2/2/2021,114,4207,25,1449,89,2758,0,0,74,2879,35,708,75,3587,Not in California
Calaveras, County,Calaveras County,2/3/2021,446,4653,45,1494,401,3159,0,0,361,3159,83,791,363,3950,Not in California
Calaveras, County,Calaveras County,2/4/2021,393,5046,26,1520,367,3526,0,0,306,3381,87,878,309,4259,Not in California
Calaveras, County,Calaveras County,2/5/2021,80,5126,22,1542,58,3584,0,0,42,3386,38,916,43,4302,Not in California
Calaveras, County,Calaveras County,2/6/2021,22,5148,13,1555,9,3593,0,0,22,3408,0,916,22,4324,Not in California
Calaveras, County,Calaveras County,2/7/2021,6,5154,1,1556,5,3598,0,0,2,3408,2,918,2,4326,Not in California
Calaveras, County,Calaveras County,2/8/2021,41,5195,18,1574,23,3621,0,0,33,3435,6,924,33,4359,Not in California
Calaveras, County,Calaveras County,2/9/2021,197,5392,77,1651,120,3741,0,0,135,3511,60,984,136,4495,Not in California
Calaveras, County,Calaveras County,2/10/2021,524,5916,35,1686,489,4230,0,0,443,3886,81,1065,456,4951,Not in California
Calaveras, County,Calaveras County,2/11/2021,605,6521,93,1779,512,4742,0,0,479,4261,123,1188,498,5449,Not in California
Calaveras, County,Calaveras County,2/12/2021,577,7098,326,2105,251,4993,0,0,487,4673,88,1276,500,5949,Not in California
Calaveras, County,Calaveras County,2/13/2021,207,7305,47,2152,160,5153,0,0,190,4847,16,1292,190,6139,Not in California
Calaveras, County,Calaveras County,2/14/2021,223,7528,70,2222,153,5306,0,0,206,5039,14,1306,206,6345,Not in California
Calaveras, County,Calaveras County,2/15/2021,392,7920,25,2247,367,5673,0,0,267,5186,120,1426,267,6612,Not in California
Calaveras, County,Calaveras County,2/16/2021,278,8198,150,2397,128,5801,0,0,232,5380,46,1472,240,6852,Not in California
Calaveras, County,Calaveras County,2/17/2021,519,8717,38,2435,481,6282,0,0,205,5297,294,1766,211,7063,Not in California
Calaveras, County,Calaveras County,2/18/2021,509,9226,96,2531,413,6695,0,0,99,5015,382,2148,100,7163,Not in California
Calaveras, County,Calaveras County,2/19/2021,443,9669,42,2573,401,7096,0,0,99,4786,328,2476,99,7262,Not in California
Calaveras, County,Calaveras County,2/20/2021,56,9725,14,2587,42,7138,0,0,46,4822,10,2486,46,7308,Not in California
Calaveras, County,Calaveras County,2/21/2021,27,9752,16,2603,11,7149,0,0,21,4838,5,2491,21,7329,Not in California
Calaveras, County,Calaveras County,2/22/2021,66,9818,39,2642,27,7176,0,0,34,4841,31,2522,34,7363,Not in California
Calaveras, County,Calaveras County,2/23/2021,135,9953,47,2689,88,7264,0,0,93,4893,42,2564,94,7457,Not in California
Calaveras, County,Calaveras County,2/24/2021,103,10056,47,2736,56,7320,0,0,69,4930,32,2596,69,7526,Not in California
Calaveras, County,Calaveras County,2/25/2021,557,10613,105,2841,452,7772,0,0,354,5101,191,2787,362,7888,Not in California
Calaveras, County,Calaveras County,2/26/2021,795,11408,48,2889,747,8519,0,0,380,5099,386,3173,384,8272,Not in California
Calaveras, County,Calaveras County,2/27/2021,212,11620,28,2917,184,8703,0,0,186,5259,26,3199,186,8458,Not in California
Calaveras, County,Calaveras County,2/28/2021,98,11718,15,2932,83,8786,0,0,93,5347,5,3204,93,8551,Not in California
Calaveras, County,Calaveras County,3/1/2021,259,11977,50,2982,209,8995,0,0,158,5411,96,3300,160,8711,Not in California
Calaveras, County,Calaveras County,3/2/2021,268,12245,109,3091,159,9154,0,0,210,5569,55,3355,213,8924,Not in California
Calaveras, County,Calaveras County,3/3/2021,575,12820,113,3204,462,9616,0,0,217,5435,352,3707,218,9142,Not in California
Calaveras, County,Calaveras County,3/4/2021,764,13584,76,3280,687,10303,1,1,353,5390,401,4108,356,9498,Not in California
Calaveras, County,Calaveras County,3/5/2021,468,14052,275,3555,189,10492,4,5,148,5240,302,4410,152,9650,Not in California
Calaveras, County,Calaveras County,3/6/2021,159,14211,44,3599,109,10601,6,11,117,5322,42,4452,124,9774,Not in California
Calaveras, County,Calaveras County,3/7/2021,84,14295,33,3632,43,10644,8,19,38,5323,45,4497,46,9820,Not in California
Calaveras, County,Calaveras County,3/8/2021,174,14469,34,3666,132,10776,8,27,134,5427,38,4535,142,9962,Not in California
Calaveras, County,Calaveras County,3/9/2021,385,14854,145,3811,234,11010,6,33,36,5131,338,4873,42,10004,Not in California
Calaveras, County,Calaveras County,3/10/2021,438,15292,37,3848,398,11408,3,36,62,4835,361,5234,65,10069,Not in California
Calaveras, County,Calaveras County,3/11/2021,886,16178,440,4288,433,11841,13,49,436,4858,428,5662,451,10520,Not in California
Calaveras, County,Calaveras County,3/12/2021,432,16610,222,4510,201,12042,9,58,324,5097,105,5767,344,10864,Not in California
Calaveras, County,Calaveras County,3/13/2021,192,16802,18,4528,166,12208,8,66,140,5199,50,5817,152,11016,Not in California
Calaveras, County,Calaveras County,3/14/2021,159,16961,11,4539,147,12355,1,67,16,5079,143,5960,23,11039,Not in California
Calaveras, County,Calaveras County,3/15/2021,337,17298,49,4588,262,12617,26,93,56,4886,279,6239,86,11125,Not in California
Calaveras, County,Calaveras County,3/16/2021,706,18004,564,5152,122,12739,20,113,555,5312,149,6388,575,11700,Not in California
Calaveras, County,Calaveras County,3/17/2021,288,18292,50,5202,224,12963,14,127,49,5145,231,6619,64,11764,Not in California
Calaveras, County,Calaveras County,3/18/2021,676,18968,577,5779,83,13046,16,143,549,5587,126,6745,568,12332,Not in California
Calaveras, County,Calaveras County,3/19/2021,239,19207,52,5831,112,13158,75,218,60,5545,175,6920,133,12465,Not in California
Calaveras, County,Calaveras County,3/20/2021,81,19288,23,5854,57,13215,1,219,23,5511,58,6978,24,12489,Not in California
Calaveras, County,Calaveras County,3/21/2021,46,19334,29,5883,6,13221,11,230,8,5494,37,7015,20,12509,Not in California
Calaveras, County,Calaveras County,3/22/2021,84,19418,39,5922,24,13245,21,251,27,5486,56,7071,48,12557,Not in California
Calaveras, County,Calaveras County,3/23/2021,301,19719,209,6131,82,13327,10,261,120,5447,168,7239,129,12686,Not in California
Calaveras, County,Calaveras County,3/24/2021,139,19858,52,6183,77,13404,10,271,44,5409,92,7331,54,12740,Not in California
Calaveras, County,Calaveras County,3/25/2021,756,20614,110,6293,642,14046,4,275,451,5570,294,7625,455,13195,Not in California
Calaveras, County,Calaveras County,3/26/2021,443,21057,29,6322,407,14453,7,282,91,5327,342,7967,99,13294,Not in California
Calaveras, County,Calaveras County,3/27/2021,213,21270,21,6343,188,14641,4,286,36,5195,174,8141,42,13336,Not in California
Calaveras, County,Calaveras County,3/28/2021,111,21381,11,6354,97,14738,3,289,7,5102,103,8244,10,13346,Not in California
Calaveras, County,Calaveras County,3/29/2021,185,21566,23,6377,159,14897,3,292,57,5041,122,8366,61,13407,Not in California
Calaveras, County,Calaveras County,3/30/2021,544,22110,26,6403,502,15399,16,308,363,5240,181,8547,380,13787,Not in California
Calaveras, County,Calaveras County,3/31/2021,326,22436,144,6547,172,15571,10,318,157,5242,166,8713,168,13955,Not in California
Calaveras, County,Calaveras County,4/1/2021,700,23136,450,6997,249,15820,1,319,182,4917,512,9225,187,14142,Not in California
Calaveras, County,Calaveras County,4/2/2021,397,23533,230,7227,159,15979,8,327,111,4761,277,9502,121,14263,Not in California
Calaveras, County,Calaveras County,4/3/2021,147,23680,35,7262,108,16087,4,331,41,4700,106,9608,45,14308,Not in California
Calaveras, County,Calaveras County,4/4/2021,83,23763,27,7289,56,16143,0,331,51,4719,32,9640,51,14359,Not in California
Calaveras, County,Calaveras County,4/5/2021,217,23980,83,7372,125,16268,9,340,100,4711,117,9757,109,14468,Not in California
Calaveras, County,Calaveras County,4/6/2021,668,24648,584,7956,69,16337,15,355,114,4290,550,10307,129,14597,Not in California
Calaveras, County,Calaveras County,4/7/2021,762,25410,664,8620,60,16397,38,393,621,4810,140,10447,660,15257,Not in California
Calaveras, County,Calaveras County,4/8/2021,956,26366,864,9484,70,16467,22,415,437,4755,515,10962,460,15717,Not in California
Calaveras, County,Calaveras County,4/9/2021,158,26524,60,9544,49,16516,49,464,55,4759,99,11061,103,15820,Not in California
Calaveras, County,Calaveras County,4/10/2021,200,26724,44,9588,137,16653,19,483,150,4880,49,11110,170,15990,Not in California
Calaveras, County,Calaveras County,4/11/2021,68,26792,45,9633,21,16674,2,485,50,4913,18,11128,51,16041,Not in California
Calaveras, County,Calaveras County,4/12/2021,104,26896,45,9678,41,16715,18,503,55,4938,49,11177,74,16115,Not in California
Calaveras, County,Calaveras County,4/13/2021,427,27323,371,10049,56,16771,0,503,366,5246,60,11237,368,16483,Not in California
Calaveras, County,Calaveras County,4/14/2021,187,27510,30,10079,157,16928,0,503,136,5333,50,11287,137,16620,Not in California
Calaveras, County,Calaveras County,4/15/2021,336,27846,284,10363,52,16980,0,503,244,5492,85,11372,244,16864,Not in California
Calaveras, County,Calaveras County,4/16/2021,107,27953,30,10393,77,17057,0,503,49,5490,51,11423,49,16913,Not in California
Calaveras, County,Calaveras County,4/17/2021,334,28287,128,10521,206,17263,0,503,291,5738,43,11466,291,17204,Not in California
Calaveras, County,Calaveras County,4/18/2021,21,28308,9,10530,12,17275,0,503,12,5742,8,11474,12,17216,Not in California
Calaveras, County,Calaveras County,4/19/2021,77,28385,26,10556,51,17326,0,503,44,5755,32,11506,45,17261,Not in California
Calaveras, County,Calaveras County,4/20/2021,268,28653,91,10647,177,17503,0,503,194,5881,68,11574,194,17455,Not in California
Calaveras, County,Calaveras County,4/21/2021,219,28872,147,10794,72,17575,0,503,84,5834,132,11706,85,17540,Not in California
Calaveras, County,Calaveras County,4/22/2021,548,29420,97,10891,451,18026,0,503,144,5580,400,12106,146,17686,Not in California
Calaveras, County,Calaveras County,4/23/2021,160,29580,79,10970,81,18107,0,503,64,5551,93,12199,64,17750,Not in California
Calaveras, County,Calaveras County,4/24/2021,172,29752,37,11007,135,18242,0,503,128,5637,43,12242,129,17879,Not in California
Calaveras, County,Calaveras County,4/25/2021,43,29795,27,11034,16,18258,0,503,23,5642,20,12262,25,17904,Not in California
Calaveras, County,Calaveras County,4/26/2021,119,29914,75,11109,44,18302,0,503,34,5593,84,12346,35,17939,Not in California
Calaveras, County,Calaveras County,4/27/2021,445,30359,73,11182,359,18661,13,516,55,5277,384,12730,68,18007,Not in California
Calaveras, County,Calaveras County,4/28/2021,653,31012,584,11766,38,18699,31,547,57,4781,591,13321,95,18102,Not in California
Calaveras, County,Calaveras County,4/29/2021,523,31535,447,12213,57,18756,19,566,70,4425,449,13770,93,18195,Not in California
Calaveras, County,Calaveras County,4/30/2021,160,31695,64,12277,90,18846,6,572,72,4423,85,13855,83,18278,Not in California
Calaveras, County,Calaveras County,5/1/2021,205,31900,113,12390,89,18935,3,575,136,4499,66,13921,142,18420,Not in California
Calaveras, County,Calaveras County,5/2/2021,52,31952,35,12425,16,18951,1,576,18,4487,32,13953,20,18440,Not in California
Calaveras, County,Calaveras County,5/3/2021,95,32047,70,12495,20,18971,5,581,30,4463,64,14017,40,18480,Not in California
Calaveras, County,Calaveras County,5/4/2021,420,32467,328,12823,55,19026,37,618,45,4173,373,14390,83,18563,Not in California
Calaveras, County,Calaveras County,5/5/2021,112,32579,57,12880,22,19048,33,651,49,4193,61,14451,81,18644,Not in California
Calaveras, County,Calaveras County,5/6/2021,259,32838,195,13075,40,19088,24,675,50,4061,207,14658,75,18719,Not in California
Calaveras, County,Calaveras County,5/7/2021,87,32925,23,13098,58,19146,6,681,57,4094,30,14688,63,18782,Not in California
Calaveras, County,Calaveras County,5/8/2021,292,33217,142,13240,147,19293,3,684,90,3989,198,14886,93,18875,Not in California
Calaveras, County,Calaveras County,5/9/2021,28,33245,12,13252,13,19306,3,687,13,3990,15,14901,16,18891,Not in California
Calaveras, County,Calaveras County,5/10/2021,66,33311,31,13283,34,19340,1,688,29,3986,35,14936,31,18922,Not in California
Calaveras, County,Calaveras County,5/11/2021,136,33447,90,13373,33,19373,13,701,96,4057,39,14975,110,19032,Not in California
Calaveras, County,Calaveras County,5/12/2021,173,33620,51,13424,122,19495,0,701,53,3992,119,15094,54,19086,Not in California
Calaveras, County,Calaveras County,5/13/2021,121,33741,65,13489,41,19536,15,716,65,4019,54,15148,81,19167,Not in California
Calaveras, County,Calaveras County,5/14/2021,149,33890,93,13582,53,19589,3,719,99,4072,49,15197,102,19269,Not in California
Calaveras, County,Calaveras County,5/15/2021,267,34157,97,13679,167,19756,3,722,106,4026,155,15352,109,19378,Not in California
Calaveras, County,Calaveras County,5/16/2021,30,34187,12,13691,18,19774,0,722,14,4025,16,15368,15,19393,Not in California
Calaveras, County,Calaveras County,5/17/2021,90,34277,42,13733,41,19815,7,729,47,4038,42,15410,55,19448,Not in California
Calaveras, County,Calaveras County,5/18/2021,229,34506,65,13798,142,19957,22,751,75,3982,153,15563,97,19545,Not in California
Calaveras, County,Calaveras County,5/19/2021,153,34659,66,13864,83,20040,4,755,72,3979,80,15643,77,19622,Not in California
Calaveras, County,Calaveras County,5/20/2021,203,34862,80,13944,97,20137,26,781,67,3938,133,15776,92,19714,Not in California
Calaveras, County,Calaveras County,5/21/2021,101,34963,57,14001,40,20177,4,785,60,3961,40,15816,63,19777,Not in California
Calaveras, County,Calaveras County,5/22/2021,302,35265,160,14161,142,20319,0,785,149,3958,152,15968,149,19926,Not in California
Calaveras, County,Calaveras County,5/23/2021,29,35294,14,14175,15,20334,0,785,12,3953,17,15985,12,19938,Not in California
Calaveras, County,Calaveras County,5/24/2021,76,35370,40,14215,20,20354,16,801,32,3958,44,16029,49,19987,Not in California
Calaveras, County,Calaveras County,5/25/2021,124,35494,49,14264,59,20413,16,817,57,3964,67,16096,73,20060,Not in California
Calaveras, County,Calaveras County,5/26/2021,122,35616,88,14352,30,20443,4,821,84,4014,37,16133,87,20147,Not in California
Calaveras, County,Calaveras County,5/27/2021,86,35702,44,14396,38,20481,4,825,30,3996,53,16186,35,20182,Not in California
Calaveras, County,Calaveras County,5/28/2021,83,35785,43,14439,36,20517,4,829,38,3993,45,16231,42,20224,Not in California
Calaveras, County,Calaveras County,5/29/2021,70,35855,24,14463,41,20558,5,834,33,3995,37,16268,39,20263,Not in California
Calaveras, County,Calaveras County,5/30/2021,36,35891,14,14477,17,20575,5,839,11,3986,25,16293,16,20279,Not in California
Calaveras, County,Calaveras County,5/31/2021,5,35896,0,14477,3,20578,2,841,0,3983,5,16298,2,20281,Not in California
Calaveras, County,Calaveras County,6/1/2021,148,36044,99,14576,43,20621,6,847,45,3931,103,16401,51,20332,Not in California
Calaveras, County,Calaveras County,6/2/2021,87,36131,56,14632,27,20648,4,851,39,3926,48,16449,43,20375,Not in California
Calaveras, County,Calaveras County,6/3/2021,93,36224,55,14687,31,20679,7,858,42,3928,49,16498,51,20426,Not in California
Calaveras, County,Calaveras County,6/4/2021,140,36364,93,14780,35,20714,12,870,36,3874,103,16601,49,20475,Not in California
Calaveras, County,Calaveras County,6/5/2021,86,36450,29,14809,55,20769,2,872,34,3859,51,16652,36,20511,Not in California
Calaveras, County,Calaveras County,6/6/2021,38,36488,27,14836,9,20778,2,874,20,3863,18,16670,22,20533,Not in California
Calaveras, County,Calaveras County,6/7/2021,62,36550,45,14881,9,20787,8,882,25,3860,36,16706,33,20566,Not in California
Calaveras, County,Calaveras County,6/8/2021,126,36676,81,14962,39,20826,6,888,58,3856,68,16774,64,20630,Not in California
Calaveras, County,Calaveras County,6/9/2021,95,36771,51,15013,38,20864,6,894,30,3829,65,16839,38,20668,Not in California
Calaveras, County,Calaveras County,6/10/2021,118,36889,58,15071,51,20915,9,903,41,3804,75,16914,50,20718,Not in California
Calaveras, County,Calaveras County,6/11/2021,105,36994,61,15132,39,20954,5,908,34,3772,71,16985,39,20757,Not in California
Calaveras, County,Calaveras County,6/12/2021,62,37056,36,15168,24,20978,2,910,19,3751,43,17028,22,20779,Not in California
Calaveras, County,Calaveras County,6/13/2021,31,37087,18,15186,9,20987,4,914,8,3740,23,17051,12,20791,Not in California
Calaveras, County,Calaveras County,6/14/2021,60,37147,40,15226,16,21003,4,918,23,3732,37,17088,29,20820,Not in California
Calaveras, County,Calaveras County,6/15/2021,93,37240,57,15283,27,21030,9,927,24,3698,68,17156,34,20854,Not in California
Calaveras, County,Calaveras County,6/16/2021,180,37420,139,15422,27,21057,14,941,39,3611,140,17296,53,20907,Not in California
Calaveras, County,Calaveras County,6/17/2021,60,37480,33,15455,23,21080,4,945,25,3608,32,17328,29,20936,Not in California
Calaveras, County,Calaveras County,6/18/2021,61,37541,41,15496,16,21096,4,949,25,3601,36,17364,29,20965,Not in California
Calaveras, County,Calaveras County,6/19/2021,66,37607,23,15519,26,21122,17,966,23,3598,43,17407,40,21005,Not in California
Calaveras, County,Calaveras County,6/20/2021,5,37612,2,15521,2,21124,1,967,1,3596,4,17411,2,21007,Not in California
Calaveras, County,Calaveras County,6/21/2021,39,37651,15,15536,18,21142,6,973,24,3612,15,17426,31,21038,Not in California
Calaveras, County,Calaveras County,6/22/2021,63,37714,32,15568,29,21171,2,975,29,3611,32,17458,31,21069,Not in California
Calaveras, County,Calaveras County,6/23/2021,65,37779,39,15607,19,21190,7,982,31,3615,34,17492,38,21107,Not in California
Calaveras, County,Calaveras County,6/24/2021,69,37848,37,15644,30,21220,2,984,34,3616,35,17527,36,21143,Not in California
Calaveras, County,Calaveras County,6/25/2021,54,37902,34,15678,12,21232,8,992,24,3618,30,17557,32,21175,Not in California
Calaveras, County,Calaveras County,6/26/2021,34,37936,17,15695,15,21247,2,994,20,3627,14,17571,23,21198,Not in California
Calaveras, County,Calaveras County,6/27/2021,18,37954,16,15711,1,21248,1,995,8,3626,10,17581,9,21207,Not in California
Calaveras, County,Calaveras County,6/28/2021,45,37999,28,15739,12,21260,5,1000,18,3624,26,17607,24,21231,Not in California
Calaveras, County,Calaveras County,6/29/2021,61,38060,48,15787,10,21270,3,1003,28,3624,31,17638,31,21262,Not in California
Calaveras, County,Calaveras County,6/30/2021,44,38104,27,15814,8,21278,9,1012,22,3633,22,17660,31,21293,Not in California
Calaveras, County,Calaveras County,7/1/2021,40,38144,24,15838,11,21289,5,1017,20,3639,19,17679,25,21318,Not in California
Calaveras, County,Calaveras County,7/2/2021,42,38186,31,15869,9,21298,2,1019,25,3649,17,17696,27,21345,Not in California
Calaveras, County,Calaveras County,7/3/2021,20,38206,15,15884,5,21303,0,1019,12,3653,8,17704,12,21357,Not in California
Calaveras, County,Calaveras County,7/4/2021,3,38209,1,15885,2,21305,0,1019,3,3656,0,17704,3,21360,Not in California
Calaveras, County,Calaveras County,7/5/2021,25,38234,15,15900,7,21312,3,1022,5,3645,20,17724,9,21369,Not in California
Calaveras, County,Calaveras County,7/6/2021,67,38301,27,15927,24,21336,16,1038,33,3661,34,17758,50,21419,Not in California
Calaveras, County,Calaveras County,7/7/2021,43,38344,25,15952,14,21350,4,1042,21,3665,21,17779,25,21444,Not in California
Calaveras, County,Calaveras County,7/8/2021,54,38398,19,15971,30,21380,5,1047,26,3669,27,17806,31,21475,Not in California
Calaveras, County,Calaveras County,7/9/2021,33,38431,17,15988,12,21392,4,1051,17,3674,16,17822,21,21496,Not in California
Calaveras, County,Calaveras County,7/10/2021,41,38472,27,16015,12,21404,2,1053,24,3684,17,17839,27,21523,Not in California
Calaveras, County,Calaveras County,7/11/2021,20,38492,12,16027,7,21411,1,1054,15,3695,5,17844,16,21539,Not in California
Calaveras, County,Calaveras County,7/12/2021,38,38530,19,16046,19,21430,0,1054,21,3699,17,17861,21,21560,Not in California
Calaveras, County,Calaveras County,7/13/2021,37,38567,18,16064,18,21448,1,1055,19,3702,17,17878,20,21580,Not in California
Calaveras, County,Calaveras County,7/14/2021,39,38606,28,16092,11,21459,0,1055,21,3706,17,17895,21,21601,Not in California
Calaveras, County,Calaveras County,7/15/2021,42,38648,29,16121,12,21471,1,1056,27,3720,14,17909,28,21629,Not in California
Calaveras, County,Calaveras County,7/16/2021,41,38689,32,16153,9,21480,0,1056,25,3729,16,17925,25,21654,Not in California
Calaveras, County,Calaveras County,7/17/2021,33,38722,14,16167,13,21493,6,1062,15,3733,17,17942,21,21675,Not in California
Calaveras, County,Calaveras County,7/18/2021,32,38754,22,16189,7,21500,3,1065,23,3750,9,17951,26,21701,Not in California
Calaveras, County,Calaveras County,7/19/2021,38,38792,18,16207,16,21516,4,1069,20,3756,18,17969,24,21725,Not in California
Calaveras, County,Calaveras County,7/20/2021,44,38836,30,16237,11,21527,3,1072,27,3769,17,17986,30,21755,Not in California
Calaveras, County,Calaveras County,7/21/2021,54,38890,30,16267,20,21547,4,1076,33,3785,21,18007,37,21792,Not in California
Calaveras, County,Calaveras County,7/22/2021,57,38947,22,16289,24,21571,11,1087,25,3792,30,18037,37,21829,Not in California
Calaveras, County,Calaveras County,7/23/2021,75,39022,51,16340,19,21590,5,1092,45,3813,30,18067,51,21880,Not in California
Calaveras, County,Calaveras County,7/24/2021,42,39064,20,16360,22,21612,0,1092,24,3820,17,18084,24,21904,Not in California
Calaveras, County,Calaveras County,7/25/2021,27,39091,18,16378,5,21617,4,1096,19,3835,8,18092,23,21927,Not in California
Calaveras, County,Calaveras County,7/26/2021,56,39147,30,16408,26,21643,0,1096,39,3857,17,18109,39,21966,Not in California
Calaveras, County,Calaveras County,7/27/2021,64,39211,37,16445,26,21669,1,1097,42,3878,22,18131,43,22009,Not in California
Calaveras, County,Calaveras County,7/28/2021,44,39255,17,16462,22,21691,5,1102,32,3903,12,18143,37,22046,Not in California
Calaveras, County,Calaveras County,7/29/2021,54,39309,27,16489,22,21713,5,1107,35,3924,19,18162,40,22086,Not in California
Calaveras, County,Calaveras County,7/30/2021,100,39409,66,16555,23,21736,11,1118,63,3963,36,18198,75,22161,Not in California
Calaveras, County,Calaveras County,7/31/2021,42,39451,24,16579,12,21748,6,1124,24,3974,18,18216,29,22190,Not in California
Calaveras, County,Calaveras County,8/1/2021,28,39479,14,16593,5,21753,9,1133,12,3979,16,18232,21,22211,Not in California
Calaveras, County,Calaveras County,8/2/2021,55,39534,30,16623,22,21775,3,1136,37,4002,18,18250,41,22252,Not in California
Calaveras, County,Calaveras County,8/3/2021,57,39591,32,16655,23,21798,2,1138,38,4023,19,18269,40,22292,Not in California
Calaveras, County,Calaveras County,8/4/2021,48,39639,32,16687,12,21810,4,1142,29,4038,19,18288,34,22326,Not in California
Calaveras, County,Calaveras County,8/5/2021,71,39710,29,16716,37,21847,5,1147,47,4066,24,18312,52,22378,Not in California
Calaveras, County,Calaveras County,8/6/2021,66,39776,53,16769,12,21859,1,1148,47,4096,18,18330,48,22426,Not in California
Calaveras, County,Calaveras County,8/7/2021,47,39823,29,16798,14,21873,4,1152,31,4115,16,18346,35,22461,Not in California
Calaveras, County,Calaveras County,8/8/2021,37,39860,18,16816,12,21885,7,1159,14,4113,23,18369,21,22482,Not in California
Calaveras, County,Calaveras County,8/9/2021,43,39903,23,16839,16,21901,4,1163,30,4134,13,18382,34,22516,Not in California
Calaveras, County,Calaveras County,8/10/2021,19,39922,11,16850,8,21909,0,1163,11,4139,7,18389,12,22528,Not in California
Colusa, County,Colusa County,12/15/2020,0,0,0,0,0,0,0,0,0,0,0,0,0,0,Not in California
Colusa, County,Colusa County,12/16/2020,0,0,0,0,0,0,0,0,0,0,0,0,0,0,Not in California
Colusa, County,Colusa County,12/17/2020,0,0,0,0,0,0,0,0,0,0,0,0,0,0,Not in California
Colusa, County,Colusa County,12/18/2020,1,1,1,1,0,0,0,0,1,1,0,0,1,1,Not in California
Colusa, County,Colusa County,12/19/2020,0,1,0,1,0,0,0,0,0,1,0,0,0,1,Not in California
Colusa, County,Colusa County,12/20/2020,0,1,0,1,0,0,0,0,0,1,0,0,0,1,Not in California
Colusa, County,Colusa County,12/21/2020,2,3,2,3,0,0,0,0,2,3,0,0,2,3,Not in California
Colusa, County,Colusa County,12/22/2020,10,13,10,13,0,0,0,0,10,13,0,0,10,13,Not in California
Colusa, County,Colusa County,12/23/2020,10,23,10,23,0,0,0,0,10,23,0,0,10,23,Not in California
Colusa, County,Colusa County,12/24/2020,2,25,1,24,1,1,0,0,2,25,0,0,2,25,Not in California
Colusa, County,Colusa County,12/25/2020,0,25,0,24,0,1,0,0,0,25,0,0,0,25,Not in California
Colusa, County,Colusa County,12/26/2020,0,25,0,24,0,1,0,0,0,25,0,0,0,25,Not in California
Colusa, County,Colusa County,12/27/2020,1,26,1,25,0,1,0,0,1,26,0,0,1,26,Not in California
Colusa, County,Colusa County,12/28/2020,7,33,3,28,4,5,0,0,7,33,0,0,7,33,Not in California
Colusa, County,Colusa County,12/29/2020,9,42,7,35,2,7,0,0,9,42,0,0,9,42,Not in California
Colusa, County,Colusa County,12/30/2020,51,93,14,49,37,44,0,0,51,93,0,0,51,93,Not in California
Colusa, County,Colusa County,12/31/2020,18,111,1,50,17,61,0,0,18,111,0,0,18,111,Not in California
Colusa, County,Colusa County,1/1/2021,0,111,0,50,0,61,0,0,0,111,0,0,0,111,Not in California
Colusa, County,Colusa County,1/2/2021,0,111,0,50,0,61,0,0,0,111,0,0,0,111,Not in California
Colusa, County,Colusa County,1/3/2021,0,111,0,50,0,61,0,0,0,111,0,0,0,111,Not in California
Colusa, County,Colusa County,1/4/2021,3,114,0,50,3,64,0,0,3,114,0,0,3,114,Not in California
Colusa, County,Colusa County,1/5/2021,68,182,1,51,67,131,0,0,68,182,0,0,68,182,Not in California
Colusa, County,Colusa County,1/6/2021,15,197,9,60,6,137,0,0,15,197,0,0,15,197,Not in California
Colusa, County,Colusa County,1/7/2021,41,238,5,65,36,173,0,0,40,236,1,1,40,237,Not in California
Colusa, County,Colusa County,1/8/2021,10,248,8,73,2,175,0,0,8,242,2,3,8,245,Not in California
Colusa, County,Colusa County,1/9/2021,2,250,1,74,1,176,0,0,2,244,0,3,2,247,Not in California
Colusa, County,Colusa County,1/10/2021,1,251,0,74,1,177,0,0,1,245,0,3,1,248,Not in California
Colusa, County,Colusa County,1/11/2021,12,263,6,80,6,183,0,0,7,247,5,8,7,255,Not in California
Colusa, County,Colusa County,1/12/2021,11,274,9,89,2,185,0,0,6,248,5,13,6,261,Not in California
Colusa, County,Colusa County,1/13/2021,21,295,14,103,7,192,0,0,12,251,9,22,12,273,Not in California
Colusa, County,Colusa County,1/14/2021,35,330,29,132,6,198,0,0,33,282,2,24,33,306,Not in California
Colusa, County,Colusa County,1/15/2021,44,374,5,137,39,237,0,0,42,322,2,26,42,348,Not in California
Colusa, County,Colusa County,1/16/2021,12,386,1,138,11,248,0,0,11,332,1,27,11,359,Not in California
Colusa, County,Colusa County,1/17/2021,2,388,1,139,1,249,0,0,2,334,0,27,2,361,Not in California
Colusa, County,Colusa County,1/18/2021,4,392,0,139,4,253,0,0,4,338,0,27,4,365,Not in California
Colusa, County,Colusa County,1/19/2021,9,401,8,147,1,254,0,0,5,339,4,31,5,370,Not in California
Colusa, County,Colusa County,1/20/2021,112,513,100,247,12,266,0,0,98,423,14,45,98,468,Not in California
Colusa, County,Colusa County,1/21/2021,68,581,53,300,15,281,0,0,67,489,1,46,67,535,Not in California
Colusa, County,Colusa County,1/22/2021,36,617,17,317,19,300,0,0,31,515,5,51,31,566,Not in California
Colusa, County,Colusa County,1/23/2021,34,651,6,323,28,328,0,0,34,549,0,51,34,600,Not in California
Colusa, County,Colusa County,1/24/2021,0,651,0,323,0,328,0,0,0,549,0,51,0,600,Not in California
Colusa, County,Colusa County,1/25/2021,7,658,0,323,7,335,0,0,7,556,0,51,7,607,Not in California
Colusa, County,Colusa County,1/26/2021,8,666,5,328,3,338,0,0,5,558,3,54,5,612,Not in California
Colusa, County,Colusa County,1/27/2021,110,776,31,359,79,417,0,0,108,664,2,56,108,720,Not in California
Colusa, County,Colusa County,1/28/2021,107,883,49,408,58,475,0,0,74,705,33,89,74,794,Not in California
Colusa, County,Colusa County,1/29/2021,45,928,12,420,33,508,0,0,39,738,6,95,39,833,Not in California
Colusa, County,Colusa County,1/30/2021,27,955,4,424,23,531,0,0,27,765,0,95,27,860,Not in California
Colusa, County,Colusa County,1/31/2021,7,962,7,431,0,531,0,0,7,772,0,95,7,867,Not in California
Colusa, County,Colusa County,2/1/2021,28,990,11,442,17,548,0,0,22,788,6,101,22,889,Not in California
Colusa, County,Colusa County,2/2/2021,43,1033,8,450,35,583,0,0,37,819,6,107,37,926,Not in California
Colusa, County,Colusa County,2/3/2021,75,1108,11,461,64,647,0,0,63,870,12,119,63,989,Not in California
Colusa, County,Colusa County,2/4/2021,151,1259,82,543,69,716,0,0,116,951,35,154,116,1105,Not in California
Colusa, County,Colusa County,2/5/2021,29,1288,9,552,20,736,0,0,26,974,3,157,26,1131,Not in California
Colusa, County,Colusa County,2/6/2021,280,1568,9,561,271,1007,0,0,269,1232,11,168,269,1400,Not in California
Colusa, County,Colusa County,2/7/2021,2,1570,1,562,1,1008,0,0,0,1230,2,170,0,1400,Not in California
Colusa, County,Colusa County,2/8/2021,42,1612,5,567,37,1045,0,0,39,1266,3,173,39,1439,Not in California
Colusa, County,Colusa County,2/9/2021,229,1841,14,581,215,1260,0,0,175,1387,54,227,175,1614,Not in California
Colusa, County,Colusa County,2/10/2021,115,1956,42,623,73,1333,0,0,72,1416,43,270,72,1686,Not in California
Colusa, County,Colusa County,2/11/2021,106,2062,43,666,63,1396,0,0,80,1470,26,296,80,1766,Not in California
Colusa, County,Colusa County,2/12/2021,118,2180,9,675,109,1505,0,0,77,1505,42,338,77,1843,Not in California
Colusa, County,Colusa County,2/13/2021,60,2240,8,683,52,1557,0,0,52,1549,8,346,52,1895,Not in California
Colusa, County,Colusa County,2/14/2021,20,2260,8,691,12,1569,0,0,14,1557,6,352,14,1909,Not in California
Colusa, County,Colusa County,2/15/2021,47,2307,10,701,37,1606,0,0,40,1590,7,359,40,1949,Not in California
Colusa, County,Colusa County,2/16/2021,70,2377,4,705,66,1672,0,0,69,1658,1,360,69,2018,Not in California
Colusa, County,Colusa County,2/17/2021,205,2582,142,847,63,1735,0,0,61,1575,144,504,61,2079,Not in California
Colusa, County,Colusa County,2/18/2021,142,2724,40,887,102,1837,0,0,118,1669,24,528,118,2197,Not in California
Colusa, County,Colusa County,2/19/2021,154,2878,19,906,135,1972,0,0,132,1779,22,550,132,2329,Not in California
Colusa, County,Colusa County,2/20/2021,30,2908,5,911,25,1997,0,0,12,1773,18,568,12,2341,Not in California
Colusa, County,Colusa County,2/21/2021,4,2912,2,913,2,1999,0,0,2,1773,2,570,2,2343,Not in California
Colusa, County,Colusa County,2/22/2021,45,2957,27,940,18,2017,0,0,30,1788,15,585,30,2373,Not in California
Colusa, County,Colusa County,2/23/2021,21,2978,6,946,15,2032,0,0,17,1801,4,589,17,2390,Not in California
Colusa, County,Colusa County,2/24/2021,312,3290,57,1003,255,2287,0,0,159,1807,153,742,159,2549,Not in California
Colusa, County,Colusa County,2/25/2021,122,3412,67,1070,55,2342,0,0,82,1849,40,782,82,2631,Not in California
Colusa, County,Colusa County,2/26/2021,98,3510,14,1084,84,2426,0,0,58,1867,40,822,58,2689,Not in California
Colusa, County,Colusa County,2/27/2021,58,3568,5,1089,53,2479,0,0,42,1893,16,838,42,2731,Not in California
Colusa, County,Colusa County,2/28/2021,29,3597,16,1105,13,2492,0,0,20,1904,9,847,20,2751,Not in California
Colusa, County,Colusa County,3/1/2021,48,3645,16,1121,32,2524,0,0,29,1914,19,866,29,2780,Not in California
Colusa, County,Colusa County,3/2/2021,54,3699,12,1133,42,2566,0,0,26,1912,28,894,26,2806,Not in California
Colusa, County,Colusa County,3/3/2021,263,3962,47,1180,216,2782,0,0,193,2035,70,964,193,2999,Not in California
Colusa, County,Colusa County,3/4/2021,149,4111,60,1240,89,2871,0,0,78,2042,71,1035,78,3077,Not in California
Colusa, County,Colusa County,3/5/2021,106,4217,25,1265,72,2943,9,9,52,2049,54,1089,61,3138,Not in California
Colusa, County,Colusa County,3/6/2021,271,4488,9,1274,262,3205,0,9,39,1856,232,1321,39,3177,Not in California
Colusa, County,Colusa County,3/7/2021,9,4497,5,1279,4,3209,0,9,7,1861,2,1323,7,3184,Not in California
Colusa, County,Colusa County,3/8/2021,110,4607,22,1301,53,3262,35,44,48,1883,61,1384,83,3267,Not in California
Colusa, County,Colusa County,3/9/2021,287,4894,74,1375,190,3452,23,67,95,1809,192,1576,118,3385,Not in California
Colusa, County,Colusa County,3/10/2021,309,5203,38,1413,235,3687,36,103,211,1958,98,1674,247,3632,Not in California
Colusa, County,Colusa County,3/11/2021,432,5635,61,1474,350,4037,21,124,335,2215,97,1771,354,3986,Not in California
Colusa, County,Colusa County,3/12/2021,109,5744,18,1492,79,4116,12,136,20,2158,89,1860,32,4018,Not in California
Colusa, County,Colusa County,3/13/2021,65,5809,13,1505,43,4159,9,145,19,2140,46,1906,28,4046,Not in California
Colusa, County,Colusa County,3/14/2021,23,5832,0,1505,21,4180,2,147,7,2134,15,1921,9,4055,Not in California
Colusa, County,Colusa County,3/15/2021,82,5914,28,1533,46,4226,8,155,24,2108,58,1979,32,4087,Not in California
Colusa, County,Colusa County,3/16/2021,299,6213,16,1549,237,4463,46,201,189,2233,110,2089,235,4322,Not in California
Colusa, County,Colusa County,3/17/2021,196,6409,50,1599,146,4609,0,201,108,2253,88,2177,108,4430,Not in California
Colusa, County,Colusa County,3/18/2021,326,6735,39,1638,217,4826,70,271,191,2380,135,2312,262,4692,Not in California
Colusa, County,Colusa County,3/19/2021,78,6813,19,1657,57,4883,2,273,51,2406,27,2339,53,4745,Not in California
Colusa, County,Colusa County,3/20/2021,53,6866,9,1666,43,4926,1,274,39,2432,14,2353,40,4785,Not in California
Colusa, County,Colusa County,3/21/2021,6,6872,4,1670,2,4928,0,274,1,2428,5,2358,1,4786,Not in California
Colusa, County,Colusa County,3/22/2021,63,6935,10,1680,44,4972,9,283,41,2456,22,2380,50,4836,Not in California
Colusa, County,Colusa County,3/23/2021,81,7016,16,1696,63,5035,2,285,54,2485,27,2407,56,4892,Not in California
Colusa, County,Colusa County,3/24/2021,339,7355,56,1752,277,5312,6,291,65,2281,274,2681,70,4962,Not in California
Colusa, County,Colusa County,3/25/2021,118,7473,71,1823,42,5354,5,296,58,2284,60,2741,63,5025,Not in California
Colusa, County,Colusa County,3/26/2021,298,7771,49,1872,245,5599,4,300,245,2480,53,2794,249,5274,Not in California
Colusa, County,Colusa County,3/27/2021,63,7834,5,1877,58,5657,0,300,24,2465,39,2833,24,5298,Not in California
Colusa, County,Colusa County,3/28/2021,16,7850,7,1884,9,5666,0,300,6,2461,10,2843,6,5304,Not in California
Colusa, County,Colusa County,3/29/2021,73,7923,21,1905,46,5712,6,306,32,2458,41,2884,38,5342,Not in California
Colusa, County,Colusa County,3/30/2021,149,8072,84,1989,63,5775,2,308,68,2447,81,2965,70,5412,Not in California
Colusa, County,Colusa County,3/31/2021,232,8304,38,2027,194,5969,0,308,63,2342,168,3133,63,5475,Not in California
Colusa, County,Colusa County,4/1/2021,445,8749,80,2107,310,6279,55,363,319,2590,125,3258,373,5848,Not in California
Colusa, County,Colusa County,4/2/2021,82,8831,16,2123,52,6331,14,377,38,2598,44,3302,52,5900,Not in California
Colusa, County,Colusa County,4/3/2021,61,8892,9,2132,29,6360,23,400,14,2587,47,3349,36,5936,Not in California
Colusa, County,Colusa County,4/4/2021,18,8910,0,2132,8,6368,10,410,3,2585,15,3364,13,5949,Not in California
Colusa, County,Colusa County,4/5/2021,101,9011,27,2159,57,6425,17,427,36,2572,65,3429,52,6001,Not in California
Colusa, County,Colusa County,4/6/2021,131,9142,34,2193,46,6471,51,478,36,2564,95,3524,87,6088,Not in California
Colusa, County,Colusa County,4/7/2021,357,9499,42,2235,292,6763,23,501,124,2480,232,3756,148,6236,Not in California
Colusa, County,Colusa County,4/8/2021,430,9929,36,2271,367,7130,27,528,121,2322,306,4062,148,6384,Not in California
Colusa, County,Colusa County,4/9/2021,78,10007,22,2293,32,7162,24,552,28,2324,50,4112,52,6436,Not in California
Colusa, County,Colusa County,4/10/2021,46,10053,9,2302,16,7178,21,573,10,2319,36,4148,31,6467,Not in California
Colusa, County,Colusa County,4/11/2021,17,10070,3,2305,12,7190,2,575,8,2320,9,4157,10,6477,Not in California
Colusa, County,Colusa County,4/12/2021,31,10101,3,2308,28,7218,0,575,14,2317,17,4174,14,6491,Not in California
Colusa, County,Colusa County,4/13/2021,282,10383,22,2330,260,7478,0,575,95,2226,186,4360,95,6586,Not in California
Colusa, County,Colusa County,4/14/2021,94,10477,19,2349,75,7553,0,575,31,2194,63,4423,31,6617,Not in California
Colusa, County,Colusa County,4/15/2021,329,10806,49,2398,280,7833,0,575,124,2114,205,4628,125,6742,Not in California
Colusa, County,Colusa County,4/16/2021,81,10887,13,2411,68,7901,0,575,36,2106,44,4672,36,6778,Not in California
Colusa, County,Colusa County,4/17/2021,54,10941,7,2418,47,7948,0,575,30,2112,24,4696,30,6808,Not in California
Colusa, County,Colusa County,4/18/2021,9,10950,2,2420,7,7955,0,575,7,2117,2,4698,7,6815,Not in California
Colusa, County,Colusa County,4/19/2021,62,11012,22,2442,40,7995,0,575,16,2087,46,4744,16,6831,Not in California
Colusa, County,Colusa County,4/20/2021,185,11197,36,2478,149,8144,0,575,130,2162,55,4799,130,6961,Not in California
Colusa, County,Colusa County,4/21/2021,186,11383,75,2553,111,8255,0,575,112,2200,74,4873,112,7073,Not in California
Colusa, County,Colusa County,4/22/2021,422,11805,27,2580,394,8649,1,576,221,2221,200,5073,221,7294,Not in California
Colusa, County,Colusa County,4/23/2021,97,11902,24,2604,73,8722,0,576,37,2198,60,5133,37,7331,Not in California
Colusa, County,Colusa County,4/24/2021,239,12141,17,2621,221,8943,1,577,210,2379,29,5162,210,7541,Not in California
Colusa, County,Colusa County,4/25/2021,12,12153,6,2627,6,8949,0,577,8,2383,4,5166,8,7549,Not in California
Colusa, County,Colusa County,4/26/2021,25,12178,5,2632,19,8968,1,578,6,2371,18,5184,6,7555,Not in California
Colusa, County,Colusa County,4/27/2021,95,12273,25,2657,66,9034,4,582,44,2368,51,5235,48,7603,Not in California
Colusa, County,Colusa County,4/28/2021,197,12470,34,2691,160,9194,3,585,143,2461,53,5288,146,7749,Not in California
Colusa, County,Colusa County,4/29/2021,325,12795,30,2721,291,9485,4,589,48,2238,275,5563,52,7801,Not in California
Colusa, County,Colusa County,4/30/2021,69,12864,24,2745,45,9530,0,589,47,2263,22,5585,47,7848,Not in California
Colusa, County,Colusa County,5/1/2021,18,12882,7,2752,8,9538,3,592,8,2264,10,5595,11,7859,Not in California
Colusa, County,Colusa County,5/2/2021,5,12887,1,2753,3,9541,1,593,2,2264,3,5598,3,7862,Not in California
Colusa, County,Colusa County,5/3/2021,32,12919,8,2761,24,9565,0,593,15,2262,17,5615,15,7877,Not in California
Colusa, County,Colusa County,5/4/2021,97,13016,54,2815,42,9607,1,594,68,2302,29,5644,69,7946,Not in California
Colusa, County,Colusa County,5/5/2021,84,13100,21,2836,62,9669,1,595,35,2289,49,5693,36,7982,Not in California
Colusa, County,Colusa County,5/6/2021,258,13358,17,2853,239,9908,2,597,112,2257,146,5839,114,8096,Not in California
Colusa, County,Colusa County,5/7/2021,69,13427,4,2857,60,9968,5,602,31,2256,37,5876,36,8132,Not in California
Colusa, County,Colusa County,5/8/2021,20,13447,6,2863,14,9982,0,602,9,2254,11,5887,9,8141,Not in California
Colusa, County,Colusa County,5/9/2021,13,13460,5,2868,5,9987,3,605,6,2256,7,5894,9,8150,Not in California
Colusa, County,Colusa County,5/10/2021,26,13486,6,2874,20,10007,0,605,9,2248,17,5911,9,8159,Not in California
Colusa, County,Colusa County,5/11/2021,94,13580,33,2907,61,10068,0,605,48,2250,46,5957,48,8207,Not in California
Colusa, County,Colusa County,5/12/2021,82,13662,36,2943,42,10110,4,609,21,2214,61,6018,25,8232,Not in California
Colusa, County,Colusa County,5/13/2021,251,13913,23,2966,227,10337,1,610,79,2122,172,6190,80,8312,Not in California
Colusa, County,Colusa County,5/14/2021,95,14008,18,2984,62,10399,15,625,33,2109,61,6251,48,8360,Not in California
Colusa, County,Colusa County,5/15/2021,40,14048,10,2994,28,10427,2,627,20,2111,20,6271,22,8382,Not in California
Colusa, County,Colusa County,5/16/2021,21,14069,5,2999,9,10436,7,634,8,2113,13,6284,15,8397,Not in California
Colusa, County,Colusa County,5/17/2021,27,14096,6,3005,19,10455,2,636,15,2118,12,6296,17,8414,Not in California
Colusa, County,Colusa County,5/18/2021,100,14196,27,3032,71,10526,2,638,46,2112,54,6350,48,8462,Not in California
Colusa, County,Colusa County,5/19/2021,224,14420,44,3076,160,10686,20,658,66,2040,158,6508,86,8548,Not in California
Colusa, County,Colusa County,5/20/2021,288,14708,36,3112,248,10934,4,662,69,1894,219,6727,73,8621,Not in California
Colusa, County,Colusa County,5/21/2021,80,14788,26,3138,52,10986,2,664,35,1886,45,6772,37,8658,Not in California
Colusa, County,Colusa County,5/22/2021,222,15010,24,3162,197,11183,1,665,34,1733,188,6960,35,8693,Not in California
Colusa, County,Colusa County,5/23/2021,19,15029,8,3170,7,11190,4,669,5,1728,14,6974,9,8702,Not in California
Colusa, County,Colusa County,5/24/2021,30,15059,3,3173,22,11212,5,674,16,1735,14,6988,21,8723,Not in California
Colusa, County,Colusa County,5/25/2021,137,15196,77,3250,58,11270,2,676,54,1708,83,7071,56,8779,Not in California
Colusa, County,Colusa County,5/26/2021,73,15269,25,3275,47,11317,1,677,32,1700,41,7112,33,8812,Not in California
Colusa, County,Colusa County,5/27/2021,170,15439,17,3292,153,11470,0,677,54,1638,116,7228,54,8866,Not in California
Colusa, County,Colusa County,5/28/2021,80,15519,25,3317,54,11524,1,678,41,1641,39,7267,42,8908,Not in California
Colusa, County,Colusa County,5/29/2021,40,15559,18,3335,18,11542,4,682,29,1663,11,7278,33,8941,Not in California
Colusa, County,Colusa County,5/30/2021,8,15567,1,3336,2,11544,5,687,1,1662,7,7285,6,8947,Not in California
Colusa, County,Colusa County,5/31/2021,4,15571,0,3336,4,11548,0,687,1,1660,3,7288,1,8948,Not in California
Colusa, County,Colusa County,6/1/2021,49,15620,15,3351,33,11581,1,688,25,1662,24,7312,26,8974,Not in California
Colusa, County,Colusa County,6/2/2021,146,15766,20,3371,124,11705,2,690,51,1621,94,7406,53,9027,Not in California
Colusa, County,Colusa County,6/3/2021,62,15828,19,3390,42,11747,1,691,26,1615,33,7439,27,9054,Not in California
Colusa, County,Colusa County,6/4/2021,59,15887,19,3409,38,11785,2,693,22,1602,37,7476,24,9078,Not in California
Colusa, County,Colusa County,6/5/2021,35,15922,16,3425,18,11803,1,694,17,1602,18,7494,18,9096,Not in California
Colusa, County,Colusa County,6/6/2021,10,15932,5,3430,4,11807,1,695,6,1605,4,7498,7,9103,Not in California
Colusa, County,Colusa County,6/7/2021,25,15957,7,3437,18,11825,0,695,10,1600,15,7513,10,9113,Not in California
Colusa, County,Colusa County,6/8/2021,77,16034,22,3459,55,11880,0,695,30,1583,47,7560,30,9143,Not in California
Colusa, County,Colusa County,6/9/2021,71,16105,41,3500,30,11910,0,695,28,1568,43,7603,28,9171,Not in California
Colusa, County,Colusa County,6/10/2021,59,16164,24,3524,32,11942,3,698,15,1542,44,7647,18,9189,Not in California
Colusa, County,Colusa County,6/11/2021,57,16221,30,3554,27,11969,0,698,25,1535,32,7679,25,9214,Not in California
Colusa, County,Colusa County,6/12/2021,37,16258,23,3577,14,11983,0,698,9,1516,28,7707,9,9223,Not in California
Colusa, County,Colusa County,6/13/2021,10,16268,3,3580,5,11988,2,700,2,1512,8,7715,4,9227,Not in California
Colusa, County,Colusa County,6/14/2021,19,16287,9,3589,10,11998,0,700,7,1507,12,7727,7,9234,Not in California
Colusa, County,Colusa County,6/15/2021,76,16363,37,3626,38,12036,1,701,16,1464,60,7787,17,9251,Not in California
Colusa, County,Colusa County,6/16/2021,56,16419,16,3642,39,12075,1,702,15,1439,41,7828,16,9267,Not in California
Colusa, County,Colusa County,6/17/2021,116,16535,10,3652,105,12180,1,703,17,1358,99,7927,18,9285,California
Colusa, County,Colusa County,6/18/2021,64,16599,32,3684,28,12208,4,707,26,1350,38,7965,30,9315,California
Colusa, County,Colusa County,6/19/2021,26,16625,21,3705,4,12212,1,708,6,1337,20,7985,7,9322,California
Colusa, County,Colusa County,6/20/2021,9,16634,6,3711,3,12215,0,708,7,1342,2,7987,7,9329,California
Colusa, County,Colusa County,6/21/2021,20,16654,3,3714,16,12231,1,709,7,1337,13,8000,8,9337,California
Colusa, County,Colusa County,6/22/2021,66,16720,28,3742,33,12264,5,714,27,1331,38,8038,32,9369,California
Colusa, County,Colusa County,6/23/2021,50,16770,27,3769,22,12286,1,715,21,1324,29,8067,22,9391,California
Colusa, County,Colusa County,6/24/2021,61,16831,28,3797,31,12317,2,717,23,1311,38,8105,25,9416,California
Colusa, County,Colusa County,6/25/2021,41,16872,16,3813,25,12342,0,717,25,1320,16,8121,25,9441,California
Colusa, County,Colusa County,6/26/2021,18,16890,13,3826,5,12347,0,717,5,1312,13,8134,5,9446,California
Colusa, County,Colusa County,6/27/2021,7,16897,4,3830,3,12350,0,717,5,1315,2,8136,5,9451,California
Colusa, County,Colusa County,6/28/2021,8,16905,1,3831,6,12356,1,718,5,1318,3,8139,6,9457,California
Colusa, County,Colusa County,6/29/2021,41,16946,17,3848,20,12376,4,722,17,1316,23,8162,21,9478,California
Colusa, County,Colusa County,6/30/2021,76,17022,37,3885,38,12414,1,723,27,1296,49,8211,29,9507,California
Colusa, County,Colusa County,7/1/2021,48,17070,23,3908,24,12438,1,724,20,1289,28,8239,21,9528,California
Colusa, County,Colusa County,7/2/2021,48,17118,26,3934,21,12459,1,725,24,1290,24,8263,25,9553,California
Colusa, County,Colusa County,7/3/2021,21,17139,8,3942,13,12472,0,725,11,1291,10,8273,11,9564,California
Colusa, County,Colusa County,7/4/2021,3,17142,2,3944,1,12473,0,725,1,1290,2,8275,1,9565,California
Colusa, County,Colusa County,7/5/2021,10,17152,6,3950,4,12477,0,725,4,1288,6,8281,4,9569,California
Colusa, County,Colusa County,7/6/2021,44,17196,18,3968,25,12502,1,726,21,1289,21,8302,22,9591,California
Colusa, County,Colusa County,7/7/2021,54,17250,30,3998,23,12525,1,727,33,1302,21,8323,34,9625,California
Colusa, County,Colusa County,7/8/2021,27,17277,12,4010,14,12539,1,728,18,1312,9,8332,19,9644,California
Colusa, County,Colusa County,7/9/2021,28,17305,20,4030,6,12545,2,730,9,1303,19,8351,10,9654,California
Colusa, County,Colusa County,7/10/2021,13,17318,6,4036,7,12552,0,730,8,1306,5,8356,8,9662,California
Colusa, County,Colusa County,7/11/2021,4,17322,4,4040,0,12552,0,730,1,1304,3,8359,1,9663,California
Colusa, County,Colusa County,7/12/2021,23,17345,10,4050,12,12564,1,731,6,1294,17,8376,7,9670,California
Colusa, County,Colusa County,7/13/2021,48,17393,27,4077,21,12585,0,731,26,1298,22,8398,26,9696,California
Colusa, County,Colusa County,7/14/2021,44,17437,21,4098,21,12606,2,733,19,1294,25,8423,21,9717,California
Colusa, County,Colusa County,7/15/2021,58,17495,32,4130,17,12623,9,742,22,1291,34,8457,31,9748,California
Colusa, County,Colusa County,7/16/2021,53,17548,36,4166,17,12640,0,742,31,1300,22,8479,31,9779,California
Colusa, County,Colusa County,7/17/2021,19,17567,13,4179,6,12646,0,742,9,1300,9,8488,9,9788,California
Colusa, County,Colusa County,7/18/2021,7,17574,4,4183,3,12649,0,742,2,1297,5,8493,2,9790,California
Colusa, County,Colusa County,7/19/2021,6,17580,0,4183,6,12655,0,742,2,1295,4,8497,2,9792,California
Colusa, County,Colusa County,7/20/2021,39,17619,16,4199,22,12677,1,743,23,1303,16,8513,24,9816,California
Colusa, County,Colusa County,7/21/2021,55,17674,36,4235,18,12695,1,744,30,1309,25,8538,31,9847,California
Colusa, County,Colusa County,7/22/2021,34,17708,20,4255,10,12705,4,748,15,1310,18,8556,19,9866,California
Colusa, County,Colusa County,7/23/2021,64,17772,44,4299,20,12725,0,748,36,1318,28,8584,36,9902,California
Colusa, County,Colusa County,7/24/2021,20,17792,14,4313,6,12731,0,748,18,1334,2,8586,18,9920,California
Colusa, County,Colusa County,7/25/2021,15,17807,10,4323,5,12736,0,748,13,1345,2,8588,13,9933,California
Colusa, County,Colusa County,7/26/2021,23,17830,13,4336,10,12746,0,748,17,1356,6,8594,17,9950,California
Colusa, County,Colusa County,7/27/2021,52,17882,32,4368,20,12766,0,748,29,1362,23,8617,29,9979,California
Colusa, County,Colusa County,7/28/2021,64,17946,40,4408,23,12789,1,749,28,1355,36,8653,29,10008,California
Colusa, County,Colusa County,7/29/2021,33,17979,19,4427,12,12801,2,751,21,1366,12,8665,23,10031,California
Colusa, County,Colusa County,7/30/2021,55,18034,37,4464,17,12818,1,752,37,1387,17,8682,38,10069,California
Colusa, County,Colusa County,7/31/2021,38,18072,24,4488,14,12832,0,752,30,1409,8,8690,30,10099,California
Colusa, County,Colusa County,8/1/2021,19,18091,8,4496,11,12843,0,752,19,1428,0,8690,19,10118,California
Colusa, County,Colusa County,8/2/2021,30,18121,19,4515,9,12852,2,754,23,1446,7,8697,25,10143,California
Colusa, County,Colusa County,8/3/2021,48,18169,29,4544,19,12871,0,754,28,1455,19,8716,28,10171,California
Colusa, County,Colusa County,8/4/2021,62,18231,23,4567,38,12909,1,755,37,1468,25,8741,38,10209,California
Colusa, County,Colusa County,8/5/2021,22,18253,11,4578,10,12919,1,756,8,1464,13,8754,9,10218,California
Colusa, County,Colusa County,8/6/2021,60,18313,34,4612,25,12944,1,757,38,1481,22,8776,39,10257,California
Colusa, County,Colusa County,8/7/2021,33,18346,16,4628,16,12960,1,758,20,1489,13,8789,21,10278,California
Colusa, County,Colusa County,8/8/2021,28,18374,23,4651,5,12965,0,758,26,1513,2,8791,26,10304,California
Colusa, County,Colusa County,8/9/2021,34,18408,13,4664,21,12986,0,758,25,1529,9,8800,25,10329,California
Colusa, County,Colusa County,8/10/2021,17,18425,6,4670,10,12996,1,759,5,1523,12,8812,6,10335,California
Contra Costa, County,Contra Costa County,12/15/2020,20,20,20,20,0,0,0,0,20,20,0,0,20,20,California
Contra Costa, County,Contra Costa County,12/16/2020,534,554,534,554,0,0,0,0,534,554,0,0,534,554,California
Contra Costa, County,Contra Costa County,12/17/2020,1067,1621,1067,1621,0,0,0,0,1065,1619,0,0,1065,1619,California
Contra Costa, County,Contra Costa County,12/18/2020,1806,3427,1804,3425,2,2,0,0,1805,3424,0,0,1805,3424,California
Contra Costa, County,Contra Costa County,12/19/2020,1139,4566,1138,4563,1,3,0,0,1139,4563,0,0,1139,4563,California
Contra Costa, County,Contra Costa County,12/20/2020,614,5180,613,5176,1,4,0,0,614,5177,0,0,614,5177,California
Contra Costa, County,Contra Costa County,12/21/2020,1704,6884,1701,6877,3,7,0,0,1705,6882,0,0,1705,6882,California
Contra Costa, County,Contra Costa County,12/22/2020,1709,8593,1597,8474,112,119,0,0,1709,8591,0,0,1709,8591,California
Contra Costa, County,Contra Costa County,12/23/2020,1662,10255,1407,9881,255,374,0,0,1660,10251,0,0,1660,10251,California
Contra Costa, County,Contra Costa County,12/24/2020,674,10929,347,10228,327,701,0,0,674,10925,0,0,674,10925,California
Contra Costa, County,Contra Costa County,12/25/2020,44,10973,19,10247,25,726,0,0,44,10969,0,0,44,10969,California
Contra Costa, County,Contra Costa County,12/26/2020,672,11645,140,10387,532,1258,0,0,672,11641,0,0,672,11641,California
Contra Costa, County,Contra Costa County,12/27/2020,246,11891,89,10476,157,1415,0,0,246,11887,0,0,246,11887,California
Contra Costa, County,Contra Costa County,12/28/2020,1885,13776,884,11360,1001,2416,0,0,1885,13772,0,0,1885,13772,California
Contra Costa, County,Contra Costa County,12/29/2020,1911,15687,865,12225,1046,3462,0,0,1911,15683,0,0,1911,15683,California
Contra Costa, County,Contra Costa County,12/30/2020,2500,18187,1260,13485,1240,4702,0,0,2498,18180,2,2,2499,18182,California
Contra Costa, County,Contra Costa County,12/31/2020,943,19130,314,13799,629,5331,0,0,941,19121,0,2,941,19123,California
Contra Costa, County,Contra Costa County,1/1/2021,69,19199,26,13825,43,5374,0,0,69,19190,0,2,69,19192,California
Contra Costa, County,Contra Costa County,1/2/2021,353,19552,182,14007,171,5545,0,0,352,19542,0,2,352,19544,California
Contra Costa, County,Contra Costa County,1/3/2021,193,19745,131,14138,62,5607,0,0,191,19733,0,2,191,19735,California
Contra Costa, County,Contra Costa County,1/4/2021,1926,21671,1256,15394,670,6277,0,0,1907,21623,17,19,1907,21642,California
Contra Costa, County,Contra Costa County,1/5/2021,2150,23821,1287,16681,863,7140,0,0,1859,23193,290,309,1860,23502,California
Contra Costa, County,Contra Costa County,1/6/2021,3358,27179,2298,18979,1060,8200,0,0,2517,24878,835,1144,2520,26022,California
Contra Costa, County,Contra Costa County,1/7/2021,3168,30347,2120,21099,1048,9248,0,0,1816,25346,1348,2492,1816,27838,California
Contra Costa, County,Contra Costa County,1/8/2021,3472,33819,2456,23555,1016,10264,0,0,1781,25444,1686,4178,1784,29622,California
Contra Costa, County,Contra Costa County,1/9/2021,1621,35440,1160,24715,461,10725,0,0,745,25316,875,5053,747,30369,California
Contra Costa, County,Contra Costa County,1/10/2021,390,35830,310,25025,80,10805,0,0,163,25252,227,5280,163,30532,California
Contra Costa, County,Contra Costa County,1/11/2021,3911,39741,3208,28233,703,11508,0,0,2239,25822,1672,6952,2242,32774,California
Contra Costa, County,Contra Costa County,1/12/2021,4005,43746,3001,31234,1004,12512,0,0,2630,27082,1374,8326,2634,35408,California
Contra Costa, County,Contra Costa County,1/13/2021,4864,48610,3026,34260,1838,14350,0,0,3877,29976,984,9310,3878,39286,California
Contra Costa, County,Contra Costa County,1/14/2021,4405,53015,1606,35866,2799,17149,0,0,4000,33570,406,9716,4000,43286,California
Contra Costa, County,Contra Costa County,1/15/2021,5448,58463,2502,38368,2946,20095,0,0,5113,38352,335,10051,5117,48403,California
Contra Costa, County,Contra Costa County,1/16/2021,1792,60255,587,38955,1205,21300,0,0,1705,39970,87,10138,1705,50108,California
Contra Costa, County,Contra Costa County,1/17/2021,1686,61941,991,39946,695,21995,0,0,1550,41387,136,10274,1553,51661,California
Contra Costa, County,Contra Costa County,1/18/2021,3310,65251,1327,41273,1983,23978,0,0,2664,43412,640,10914,2665,54326,California
Contra Costa, County,Contra Costa County,1/19/2021,7163,72414,3215,44488,3948,27926,0,0,6107,48474,1051,11965,6113,60439,California
Contra Costa, County,Contra Costa County,1/20/2021,6998,79412,4370,48858,2628,30554,0,0,5733,52952,1260,13225,5738,66177,California
Contra Costa, County,Contra Costa County,1/21/2021,7160,86572,3176,52034,3984,34538,0,0,6409,58625,744,13969,6417,72594,California
Contra Costa, County,Contra Costa County,1/22/2021,6534,93106,2771,54805,3763,38301,0,0,5642,63385,885,14854,5645,78239,California
Contra Costa, County,Contra Costa County,1/23/2021,2097,95203,366,55171,1731,40032,0,0,1822,64936,273,15127,1824,80063,California
Contra Costa, County,Contra Costa County,1/24/2021,1657,96860,227,55398,1430,41462,0,0,1502,66287,155,15282,1506,81569,California
Contra Costa, County,Contra Costa County,1/25/2021,6797,103657,3076,58474,3721,45183,0,0,5171,69841,1621,16903,5175,86744,California
Contra Costa, County,Contra Costa County,1/26/2021,8252,111909,4755,63229,3497,48680,0,0,6345,74294,1898,18801,6351,93095,California
Contra Costa, County,Contra Costa County,1/27/2021,8355,120264,5477,68706,2878,51558,0,0,6447,78848,1897,20698,6451,99546,California
Contra Costa, County,Contra Costa County,1/28/2021,7623,127887,4134,72840,3489,55047,0,0,5960,83155,1658,22356,5965,105511,California
Contra Costa, County,Contra Costa County,1/29/2021,7610,135497,3947,76787,3663,58710,0,0,6254,88061,1350,23706,6256,111767,California
Contra Costa, County,Contra Costa County,1/30/2021,2190,137687,665,77452,1525,60235,0,0,1776,89431,406,24112,1776,113543,California
Contra Costa, County,Contra Costa County,1/31/2021,688,138375,452,77904,236,60471,0,0,586,89920,97,24209,586,114129,California
Contra Costa, County,Contra Costa County,2/1/2021,5939,144314,4107,82011,1832,62303,0,0,4001,91996,1929,26138,4005,118134,California
Contra Costa, County,Contra Costa County,2/2/2021,7727,152041,5156,87167,2571,64874,0,0,5988,96254,1731,27869,5989,124123,California
Contra Costa, County,Contra Costa County,2/3/2021,8483,160524,5584,92751,2899,67773,0,0,5720,99224,2752,30621,5722,129845,California
Contra Costa, County,Contra Costa County,2/4/2021,7689,168213,3653,96404,4036,71809,0,0,5884,103312,1802,32423,5890,135735,California
Contra Costa, County,Contra Costa County,2/5/2021,8633,176846,4902,101306,3731,75540,0,0,5876,106440,2748,35171,5876,141611,California
Contra Costa, County,Contra Costa County,2/6/2021,3573,180419,2204,103510,1369,76909,0,0,2903,108675,669,35840,2904,144515,California
Contra Costa, County,Contra Costa County,2/7/2021,1008,181427,728,104238,280,77189,0,0,605,108878,402,36242,605,145120,California
Contra Costa, County,Contra Costa County,2/8/2021,6001,187428,3567,107805,2434,79623,0,0,4438,111762,1555,37797,4439,149559,California
Contra Costa, County,Contra Costa County,2/9/2021,8892,196320,4916,112721,3976,83599,0,0,5914,114709,2968,40765,5915,155474,California
Contra Costa, County,Contra Costa County,2/10/2021,8864,205184,4779,117500,4085,87684,0,0,5418,116702,3428,44193,5421,160895,California
Contra Costa, County,Contra Costa County,2/11/2021,9558,214742,4313,121813,5245,92929,0,0,5269,117695,4281,48474,5274,166169,California
Contra Costa, County,Contra Costa County,2/12/2021,10324,225066,4723,126536,5601,98530,0,0,5552,118487,4763,53237,5555,171724,California
Contra Costa, County,Contra Costa County,2/13/2021,5013,230079,1411,127947,3602,102132,0,0,3479,120438,1530,54767,3481,175205,California
Contra Costa, County,Contra Costa County,2/14/2021,2141,232220,889,128836,1252,103384,0,0,1244,120789,893,55660,1244,176449,California
Contra Costa, County,Contra Costa County,2/15/2021,4575,236795,2518,131354,2057,105441,0,0,2367,120959,2198,57858,2368,178817,California
Contra Costa, County,Contra Costa County,2/16/2021,10636,247431,5012,136366,5624,111065,0,0,4740,119823,5880,63738,4744,183561,California
Contra Costa, County,Contra Costa County,2/17/2021,12596,260027,6326,142692,6270,117335,0,0,5775,118799,6800,70538,5776,189337,California
Contra Costa, County,Contra Costa County,2/18/2021,11745,271772,6101,148793,5644,122979,0,0,5403,117881,6323,76861,5405,194742,California
Contra Costa, County,Contra Costa County,2/19/2021,11753,283525,7327,156120,4426,127405,0,0,5300,116750,6433,83294,5302,200044,California
Contra Costa, County,Contra Costa County,2/20/2021,6712,290237,3065,159185,3647,131052,0,0,4730,119520,1964,85258,4734,204778,California
Contra Costa, County,Contra Costa County,2/21/2021,2432,292669,1798,160983,634,131686,0,0,1607,120305,822,86080,1607,206385,California
Contra Costa, County,Contra Costa County,2/22/2021,8131,300800,5518,166501,2613,134299,0,0,3740,119677,4371,90451,3743,210128,California
Contra Costa, County,Contra Costa County,2/23/2021,12696,313496,7838,174339,4858,139157,0,0,6392,119794,6283,96734,6400,216528,California
Contra Costa, County,Contra Costa County,2/24/2021,11211,324707,8244,182583,2967,142124,0,0,5435,119480,5749,102483,5435,221963,California
Contra Costa, County,Contra Costa County,2/25/2021,12425,337132,7870,190453,4555,146679,0,0,5712,118514,6685,109168,5719,227682,California
Contra Costa, County,Contra Costa County,2/26/2021,11638,348770,7377,197830,4261,150940,0,0,5764,118426,5855,115023,5767,233449,California
Contra Costa, County,Contra Costa County,2/27/2021,7271,356041,4700,202530,2571,153511,0,0,4562,120293,2697,117720,4564,238013,California
Contra Costa, County,Contra Costa County,2/28/2021,4573,360614,3800,206330,772,154283,1,1,3833,123394,734,118454,3835,241848,California
Contra Costa, County,Contra Costa County,3/1/2021,9083,369697,6878,213208,2196,156479,9,10,5617,125586,3437,121891,5629,247477,California
Contra Costa, County,Contra Costa County,3/2/2021,11140,380837,7135,220343,4004,160483,1,11,5931,126333,5186,127077,5933,253410,California
Contra Costa, County,Contra Costa County,3/3/2021,11825,392662,7466,227809,4358,164841,1,12,6678,127888,5125,132202,6680,260090,California
Contra Costa, County,Contra Costa County,3/4/2021,12405,405067,7424,235233,4979,169820,2,14,6421,128351,5961,138163,6424,266514,California
Contra Costa, County,Contra Costa County,3/5/2021,11851,416918,7116,242349,4726,174546,9,23,6774,130076,5057,143220,6782,273296,California
Contra Costa, County,Contra Costa County,3/6/2021,7691,424609,4299,246648,3076,177622,316,339,5011,132732,2664,145884,5320,278616,California
Contra Costa, County,Contra Costa County,3/7/2021,4121,428730,2527,249175,1405,179027,189,528,3276,135351,842,146726,3461,282077,California
Contra Costa, County,Contra Costa County,3/8/2021,8468,437198,4012,253187,4128,183155,328,856,5696,138612,2758,149484,6019,288096,California
Contra Costa, County,Contra Costa County,3/9/2021,11414,448612,6060,259247,5050,188205,304,1160,5969,139456,5426,154910,6270,294366,California
Contra Costa, County,Contra Costa County,3/10/2021,12767,461379,6424,265671,4826,193031,1517,2677,5824,139845,6923,161833,7312,301678,California
Contra Costa, County,Contra Costa County,3/11/2021,12804,474183,6726,272397,5502,198533,576,3253,6544,140717,6228,168061,7100,308778,California
Contra Costa, County,Contra Costa County,3/12/2021,12936,487119,5336,277733,7024,205557,576,3829,6445,141258,6464,174525,7005,315783,California
Contra Costa, County,Contra Costa County,3/13/2021,8090,495209,3282,281015,4371,209928,437,4266,3186,139991,4880,179405,3613,319396,California
Contra Costa, County,Contra Costa County,3/14/2021,4546,499755,2678,283693,1366,211294,502,4768,1750,139448,2784,182189,2241,321637,California
Contra Costa, County,Contra Costa County,3/15/2021,9698,509453,5282,288975,3641,214935,775,5543,4748,140035,4925,187114,5512,327149,California
Contra Costa, County,Contra Costa County,3/16/2021,14662,524115,8757,297732,5490,220425,415,5958,7162,140140,7466,194580,7571,334720,California
Contra Costa, County,Contra Costa County,3/17/2021,15447,539562,10682,308414,4536,224961,229,6187,8571,142098,6846,201426,8804,343524,California
Contra Costa, County,Contra Costa County,3/18/2021,15716,555278,8796,317210,6432,231393,488,6675,8608,144116,7069,208495,9087,352611,California
Contra Costa, County,Contra Costa County,3/19/2021,16033,571311,9272,326482,5314,236707,1447,8122,8194,145936,7817,216312,9637,362248,California
Contra Costa, County,Contra Costa County,3/20/2021,10968,582279,6588,333070,4061,240768,319,8441,5120,145556,5819,222131,5439,367687,California
Contra Costa, County,Contra Costa County,3/21/2021,4729,587008,4125,337195,502,241270,102,8543,1801,144543,2913,225044,1900,369587,California
Contra Costa, County,Contra Costa County,3/22/2021,11955,598963,9021,346216,2670,243940,264,8807,6862,146592,5070,230114,7119,376706,California
Contra Costa, County,Contra Costa County,3/23/2021,16078,615041,11079,357295,4821,248761,178,8985,9194,149104,6854,236968,9366,386072,California
Contra Costa, County,Contra Costa County,3/24/2021,15424,630465,12034,369329,3175,251936,215,9200,9230,152402,6151,243119,9449,395521,California
Contra Costa, County,Contra Costa County,3/25/2021,15746,646211,12277,381606,3176,255112,293,9493,9565,156119,6134,249253,9851,405372,California
Contra Costa, County,Contra Costa County,3/26/2021,15422,661633,11073,392679,3941,259053,408,9901,8825,158780,6563,255816,9224,414596,California
Contra Costa, County,Contra Costa County,3/27/2021,10822,672455,7045,399724,3258,262311,519,10420,5725,159927,5086,260902,6233,420829,California
Contra Costa, County,Contra Costa County,3/28/2021,4367,676822,3109,402833,1203,263514,55,10475,1666,158960,2688,263590,1721,422550,California
Contra Costa, County,Contra Costa County,3/29/2021,11196,688018,8725,411558,2350,265864,121,10596,7070,162056,4095,267685,7191,429741,California
Contra Costa, County,Contra Costa County,3/30/2021,17212,705230,9443,421001,6405,272269,1364,11960,10617,167451,6566,274251,11961,441702,California
Contra Costa, County,Contra Costa County,3/31/2021,18507,723737,13002,434003,4052,276321,1453,13413,11616,173664,6836,281087,13049,454751,California
Contra Costa, County,Contra Costa County,4/1/2021,17954,741691,12553,446556,3986,280307,1415,14828,11588,180325,6315,287402,12976,467727,California
Contra Costa, County,Contra Costa County,4/2/2021,17872,759563,13160,459716,3675,283982,1037,15865,11828,187151,6027,293429,12853,480580,California
Contra Costa, County,Contra Costa County,4/3/2021,11091,770654,6617,466333,2907,286889,1567,17432,6321,190265,4754,298183,7868,488448,California
Contra Costa, County,Contra Costa County,4/4/2021,3454,774108,1356,467689,1481,288370,617,18049,866,189164,2579,300762,1478,489926,California
Contra Costa, County,Contra Costa County,4/5/2021,12349,786457,8021,475710,3331,291701,997,19046,6657,191137,5676,306438,7649,497575,California
Contra Costa, County,Contra Costa County,4/6/2021,17688,804145,12262,487972,3111,294812,2315,21361,9908,195588,7753,314191,12204,509779,California
Contra Costa, County,Contra Costa County,4/7/2021,18896,823041,12800,500772,3256,298068,2840,24201,10700,200981,8165,322356,13558,523337,California
Contra Costa, County,Contra Costa County,4/8/2021,19014,842055,12676,513448,3397,301465,2941,27142,10189,205301,8788,331144,13108,536445,California
Contra Costa, County,Contra Costa County,4/9/2021,19209,861264,12216,525664,4462,305927,2531,29673,10237,209121,8936,340080,12756,549201,California
Contra Costa, County,Contra Costa County,4/10/2021,10764,872028,3900,529564,2241,308168,4623,34296,3374,209712,7365,347445,7956,557157,California
Contra Costa, County,Contra Costa County,4/11/2021,3464,875492,2059,531623,728,308896,677,34973,1164,209258,2292,349737,1838,558995,California
Contra Costa, County,Contra Costa County,4/12/2021,12220,887712,8049,539672,3078,311974,1093,36066,5710,209574,6489,356226,6805,565800,California
Contra Costa, County,Contra Costa County,4/13/2021,18239,905951,11221,550893,7010,318984,8,36074,12134,215649,6073,362299,12148,577948,California
Contra Costa, County,Contra Costa County,4/14/2021,18026,923977,11340,562233,6683,325667,3,36077,9973,217602,8028,370327,9981,587929,California
Contra Costa, County,Contra Costa County,4/15/2021,17803,941780,10939,573172,6862,332529,2,36079,8218,216297,9549,379876,8244,596173,California
Contra Costa, County,Contra Costa County,4/16/2021,17233,959013,10729,583901,6503,339032,1,36080,7721,214551,9478,389354,7732,603905,California
Contra Costa, County,Contra Costa County,4/17/2021,11753,970766,6480,590381,5273,344305,0,36080,6305,215438,5425,394779,6312,610217,California
Contra Costa, County,Contra Costa County,4/18/2021,3015,973781,2344,592725,670,344975,1,36081,1883,216200,1122,395901,1884,612101,California
Contra Costa, County,Contra Costa County,4/19/2021,11660,985441,8693,601418,2967,347942,0,36081,3649,211873,7980,403881,3653,615754,California
Contra Costa, County,Contra Costa County,4/20/2021,17186,1002627,11205,612623,5981,353923,0,36081,6388,207506,10760,414641,6393,622147,California
Contra Costa, County,Contra Costa County,4/21/2021,18098,1020725,14789,627412,3308,357231,1,36082,6425,202322,11621,426262,6437,628584,California
Contra Costa, County,Contra Costa County,4/22/2021,17813,1038538,14434,641846,3376,360607,3,36085,6298,197162,11471,437733,6311,634895,California
Contra Costa, County,Contra Costa County,4/23/2021,17627,1056165,14042,655888,3583,364190,2,36087,5670,190928,11915,449648,5681,640576,California
Contra Costa, County,Contra Costa County,4/24/2021,11236,1067401,8646,664534,2589,366779,1,36088,4322,188368,6886,456534,4326,644902,California
Contra Costa, County,Contra Costa County,4/25/2021,3369,1070770,2261,666795,1106,367885,2,36090,2104,189217,1261,457795,2110,647012,California
Contra Costa, County,Contra Costa County,4/26/2021,10363,1081133,8628,675423,1711,369596,24,36114,3137,185191,7201,464996,3175,650187,California
Contra Costa, County,Contra Costa County,4/27/2021,15080,1096213,11035,686458,3866,373462,179,36293,4134,178596,10917,475913,4322,654509,California
Contra Costa, County,Contra Costa County,4/28/2021,14648,1110861,11405,697863,2952,376414,291,36584,3939,172174,10660,486573,4238,658747,California
Contra Costa, County,Contra Costa County,4/29/2021,13870,1124731,10754,708617,2943,379357,173,36757,3348,165212,10489,497062,3527,662274,California
Contra Costa, County,Contra Costa County,4/30/2021,14225,1138956,11198,719815,2766,382123,261,37018,3287,157863,10903,507965,3554,665828,California
Contra Costa, County,Contra Costa County,5/1/2021,8241,1147197,5977,725792,1937,384060,327,37345,1955,153893,6254,514219,2284,668112,California
Contra Costa, County,Contra Costa County,5/2/2021,2408,1149605,1632,727424,695,384755,81,37426,1007,153594,1387,515606,1088,669200,California
Contra Costa, County,Contra Costa County,5/3/2021,9305,1158910,8167,735591,960,385715,178,37604,1962,148417,7321,522927,2144,671344,California
Contra Costa, County,Contra Costa County,5/4/2021,14525,1173435,12543,748134,1649,387364,333,37937,2381,139024,12107,535034,2714,674058,California
Contra Costa, County,Contra Costa County,5/5/2021,12958,1186393,11194,759328,1559,388923,205,38142,2487,131281,10435,545469,2692,676750,California
Contra Costa, County,Contra Costa County,5/6/2021,10608,1197001,8830,768158,1438,390361,340,38482,2007,125067,8569,554038,2355,679105,California
Contra Costa, County,Contra Costa County,5/7/2021,9890,1206891,7945,776103,1716,392077,229,38711,2275,119990,7578,561616,2501,681606,California
Contra Costa, County,Contra Costa County,5/8/2021,5593,1212484,4244,780347,1178,393255,171,38882,1347,117291,4223,565839,1524,683130,California
Contra Costa, County,Contra Costa County,5/9/2021,2186,1214670,1848,782195,277,393532,61,38943,453,116082,1724,567563,515,683645,California
Contra Costa, County,Contra Costa County,5/10/2021,5063,1219733,4057,786252,784,394316,222,39165,1355,113971,3686,571249,1575,685220,California
Contra Costa, County,Contra Costa County,5/11/2021,9119,1228852,4828,791080,4048,398364,243,39408,1792,108706,7306,578555,2041,687261,California
Contra Costa, County,Contra Costa County,5/12/2021,9498,1238350,4902,795982,4325,402689,271,39679,1625,102763,7845,586400,1902,689163,California
Contra Costa, County,Contra Costa County,5/13/2021,12066,1250416,8086,804068,3793,406482,187,39866,4327,99575,7706,594106,4518,693681,California
Contra Costa, County,Contra Costa County,5/14/2021,12513,1262929,8389,812457,3837,410319,287,40153,5121,97622,7358,601464,5405,699086,California
Contra Costa, County,Contra Costa County,5/15/2021,10314,1273243,7516,819973,2678,412997,120,40273,4535,96522,5758,607222,4658,703744,California
Contra Costa, County,Contra Costa County,5/16/2021,2697,1275940,2378,822351,269,413266,50,40323,1240,96362,1449,608671,1289,705033,California
Contra Costa, County,Contra Costa County,5/17/2021,7249,1283189,5854,828205,1214,414480,181,40504,3607,96534,3619,612290,3791,708824,California
Contra Costa, County,Contra Costa County,5/18/2021,10432,1293621,7119,835324,3092,417572,221,40725,4468,95294,5934,618224,4694,713518,California
Contra Costa, County,Contra Costa County,5/19/2021,8617,1302238,6953,842277,1467,419039,197,40922,3865,94636,4724,622948,4066,717584,California
Contra Costa, County,Contra Costa County,5/20/2021,7280,1309518,5737,848014,1355,420394,188,41110,3340,94258,3907,626855,3529,721113,California
Contra Costa, County,Contra Costa County,5/21/2021,7248,1316766,5547,853561,1484,421878,217,41327,3273,93801,3944,630799,3487,724600,California
Contra Costa, County,Contra Costa County,5/22/2021,5223,1321989,4126,857687,917,422795,180,41507,2531,93844,2665,633464,2708,727308,California
Contra Costa, County,Contra Costa County,5/23/2021,1288,1323277,860,858547,370,423165,58,41565,606,93834,673,634137,663,727971,California
Contra Costa, County,Contra Costa County,5/24/2021,4799,1328076,3964,862511,655,423820,180,41745,2235,93703,2550,636687,2419,730390,California
Contra Costa, County,Contra Costa County,5/25/2021,6339,1334415,5148,867659,936,424756,255,42000,2638,92916,3679,640366,2892,733282,California
Contra Costa, County,Contra Costa County,5/26/2021,5706,1340121,3668,871327,1846,426602,192,42192,1954,91331,3730,644096,2145,735427,California
Contra Costa, County,Contra Costa County,5/27/2021,3832,1343953,2708,874035,946,427548,178,42370,1586,90862,2229,646325,1760,737187,California
Contra Costa, County,Contra Costa County,5/28/2021,5397,1349350,3767,877802,1457,429005,173,42543,2230,90120,3143,649468,2401,739588,California
Contra Costa, County,Contra Costa County,5/29/2021,3321,1352671,2163,879965,1040,430045,118,42661,1622,90174,1686,651154,1740,741328,California
Contra Costa, County,Contra Costa County,5/30/2021,955,1353626,607,880572,319,430364,29,42690,351,89952,602,651756,380,741708,California
Contra Costa, County,Contra Costa County,5/31/2021,403,1354029,279,880851,109,430473,15,42705,128,89824,270,652026,142,741850,California
Contra Costa, County,Contra Costa County,6/1/2021,4833,1358862,3594,884445,1093,431566,146,42851,1661,88477,3154,655180,1807,743657,California
Contra Costa, County,Contra Costa County,6/2/2021,3465,1362327,2453,886898,865,432431,147,42998,1407,87984,2046,657226,1553,745210,California
Contra Costa, County,Contra Costa County,6/3/2021,5491,1367818,4577,891475,799,433230,115,43113,1403,85421,4081,661307,1518,746728,California
Contra Costa, County,Contra Costa County,6/4/2021,6468,1374286,5426,896901,902,434132,140,43253,1575,82260,4872,666179,1711,748439,California
Contra Costa, County,Contra Costa County,6/5/2021,5267,1379553,4470,901371,684,434816,113,43366,1068,79253,4186,670365,1179,749618,California
Contra Costa, County,Contra Costa County,6/6/2021,1388,1380941,1213,902584,145,434961,30,43396,323,78544,1062,671427,353,749971,California
Contra Costa, County,Contra Costa County,6/7/2021,4989,1385930,4387,906971,502,435463,100,43496,1344,76357,3632,675059,1445,751416,California
Contra Costa, County,Contra Costa County,6/8/2021,6127,1392057,5280,912251,724,436187,123,43619,1412,73195,4698,679757,1536,752952,California
Contra Costa, County,Contra Costa County,6/9/2021,4904,1396961,4181,916432,574,436761,149,43768,1261,70982,3623,683380,1410,754362,California
Contra Costa, County,Contra Costa County,6/10/2021,4837,1401798,4063,920495,604,437365,170,43938,1240,68811,3581,686961,1410,755772,California
Contra Costa, County,Contra Costa County,6/11/2021,4873,1406671,3998,924493,675,438040,200,44138,1263,66678,3594,690555,1461,757233,California
Contra Costa, County,Contra Costa County,6/12/2021,3190,1409861,2709,927202,414,438454,67,44205,714,64993,2464,693019,779,758012,California
Contra Costa, County,Contra Costa County,6/13/2021,1154,1411015,862,928064,185,438639,107,44312,290,64533,857,693876,397,758409,California
Contra Costa, County,Contra Costa County,6/14/2021,3945,1414960,3329,931393,484,439123,132,44444,1150,63036,2776,696652,1279,759688,California
Contra Costa, County,Contra Costa County,6/15/2021,4221,1419181,3520,934913,540,439663,161,44605,1324,61635,2885,699537,1484,761172,California
Contra Costa, County,Contra Costa County,6/16/2021,3499,1422680,2853,937766,458,440121,188,44793,1209,60758,2271,701808,1394,762566,California
Contra Costa, County,Contra Costa County,6/17/2021,2788,1425468,2281,940047,381,440502,126,44919,1064,60230,1716,703524,1188,763754,California
Contra Costa, County,Contra Costa County,6/18/2021,3701,1429169,3045,943092,466,440968,190,45109,1327,59376,2362,705886,1508,765262,California
Contra Costa, County,Contra Costa County,6/19/2021,2045,1431214,1711,944803,230,441198,104,45213,577,58594,1464,707350,682,765944,California
Contra Costa, County,Contra Costa County,6/20/2021,793,1432007,667,945470,98,441296,28,45241,333,58498,456,707806,360,766304,California
Contra Costa, County,Contra Costa County,6/21/2021,1829,1433836,1388,946858,282,441578,159,45400,975,58786,845,708651,1133,767437,California
Contra Costa, County,Contra Costa County,6/22/2021,3057,1436893,2587,949445,330,441908,140,45540,1192,58267,1850,710501,1331,768768,California
Contra Costa, County,Contra Costa County,6/23/2021,2580,1439473,2136,951581,340,442248,104,45644,1036,57874,1533,712034,1140,769908,California
Contra Costa, County,Contra Costa County,6/24/2021,2361,1441834,1983,953564,250,442498,128,45772,942,57538,1405,713439,1069,770977,California
Contra Costa, County,Contra Costa County,6/25/2021,2787,1444621,2272,955836,359,442857,156,45928,1133,57182,1646,715085,1290,772267,California
Contra Costa, County,Contra Costa County,6/26/2021,1497,1446118,1227,957063,173,443030,97,46025,489,56762,1006,716091,586,772853,California
Contra Costa, County,Contra Costa County,6/27/2021,703,1446821,614,957677,67,443097,22,46047,272,56627,429,716520,294,773147,California
Contra Costa, County,Contra Costa County,6/28/2021,2372,1449193,2041,959718,180,443277,151,46198,850,56118,1509,718029,1000,774147,California
Contra Costa, County,Contra Costa County,6/29/2021,2559,1451752,2134,961852,294,443571,131,46329,987,55675,1559,719588,1116,775263,California
Contra Costa, County,Contra Costa County,6/30/2021,2198,1453950,1796,963648,301,443872,101,46430,895,55376,1292,720880,993,776256,California
Contra Costa, County,Contra Costa County,7/1/2021,2111,1456061,1767,965415,237,444109,107,46537,860,55105,1241,722121,970,777226,California
Contra Costa, County,Contra Costa County,7/2/2021,2196,1458257,1793,967208,302,444411,101,46638,909,54839,1275,723396,1009,778235,California
Contra Costa, County,Contra Costa County,7/3/2021,1071,1459328,877,968085,136,444547,58,46696,434,54699,631,724027,491,778726,California
Contra Costa, County,Contra Costa County,7/4/2021,55,1459383,21,968106,19,444566,15,46711,20,54699,35,724062,35,778761,California
Contra Costa, County,Contra Costa County,7/5/2021,833,1460216,685,968791,108,444674,40,46751,401,54711,429,724491,441,779202,California
Contra Costa, County,Contra Costa County,7/6/2021,2647,1462863,2242,971033,275,444949,130,46881,880,53968,1752,726243,1009,780211,California
Contra Costa, County,Contra Costa County,7/7/2021,2043,1464906,1709,972742,224,445173,110,46991,780,53603,1252,727495,887,781098,California
Contra Costa, County,Contra Costa County,7/8/2021,1869,1466775,1577,974319,202,445375,90,47081,789,53413,1069,728564,879,781977,California
Contra Costa, County,Contra Costa County,7/9/2021,2355,1469130,1892,976211,346,445721,117,47198,926,53038,1416,729980,1041,783018,California
Contra Costa, County,Contra Costa County,7/10/2021,970,1470100,803,977014,119,445840,48,47246,393,52910,567,730547,439,783457,California
Contra Costa, County,Contra Costa County,7/11/2021,691,1470791,466,977480,143,445983,82,47328,281,52865,408,730955,363,783820,California
Contra Costa, County,Contra Costa County,7/12/2021,2102,1472893,1836,979316,196,446179,70,47398,879,52600,1213,732168,948,784768,California
Contra Costa, County,Contra Costa County,7/13/2021,2073,1474966,1770,981086,231,446410,72,47470,838,52290,1223,733391,913,785681,California
Contra Costa, County,Contra Costa County,7/14/2021,1821,1476787,1527,982613,218,446628,76,47546,777,52109,1034,734425,853,786534,California
Contra Costa, County,Contra Costa County,7/15/2021,1731,1478518,1493,984106,167,446795,71,47617,821,52101,899,735324,891,787425,California
Contra Costa, County,Contra Costa County,7/16/2021,2155,1480673,1821,985927,241,447036,93,47710,993,52034,1149,736473,1082,788507,California
Contra Costa, County,Contra Costa County,7/17/2021,1025,1481698,818,986745,158,447194,49,47759,491,52052,522,736995,540,789047,California
Contra Costa, County,Contra Costa County,7/18/2021,559,1482257,452,987197,68,447262,39,47798,282,52099,273,737268,320,789367,California
Contra Costa, County,Contra Costa County,7/19/2021,1830,1484087,1544,988741,204,447466,82,47880,934,52230,886,738154,1017,790384,California
Contra Costa, County,Contra Costa County,7/20/2021,1991,1486078,1686,990427,219,447685,86,47966,983,52303,996,739150,1069,791453,California
Contra Costa, County,Contra Costa County,7/21/2021,1897,1487975,1559,991986,261,447946,77,48043,985,52471,894,740044,1062,792515,California
Contra Costa, County,Contra Costa County,7/22/2021,1954,1489929,1640,993626,238,448184,76,48119,1101,52804,843,740887,1176,793691,California
Contra Costa, County,Contra Costa County,7/23/2021,2232,1492161,1840,995466,296,448480,96,48215,1231,53142,986,741873,1324,795015,California
Contra Costa, County,Contra Costa County,7/24/2021,1191,1493352,966,996432,166,448646,59,48274,600,53223,577,742450,658,795673,California
Contra Costa, County,Contra Costa County,7/25/2021,550,1493902,458,996890,71,448717,21,48295,416,53529,130,742580,436,796109,California
Contra Costa, County,Contra Costa County,7/26/2021,2051,1495953,1727,998617,237,448954,87,48382,1349,54283,684,743264,1438,797547,California
Contra Costa, County,Contra Costa County,7/27/2021,2380,1498333,1981,1000598,268,449222,131,48513,1369,54790,992,744256,1499,799046,California
Contra Costa, County,Contra Costa County,7/28/2021,2202,1500535,1789,1002387,281,449503,132,48645,1229,55197,952,745208,1359,800405,California
Contra Costa, County,Contra Costa County,7/29/2021,2036,1502571,1695,1004082,235,449738,106,48751,1117,55523,896,746104,1222,801627,California
Contra Costa, County,Contra Costa County,7/30/2021,2500,1505071,2081,1006163,316,450054,103,48854,1426,56049,1000,747104,1526,803153,California
Contra Costa, County,Contra Costa County,7/31/2021,1170,1506241,978,1007141,165,450219,27,48881,703,56336,440,747544,727,803880,California
Contra Costa, County,Contra Costa County,8/1/2021,691,1506932,558,1007699,105,450324,28,48909,452,56585,231,747775,480,804360,California
Contra Costa, County,Contra Costa County,8/2/2021,2490,1509422,2081,1009780,326,450650,83,48992,1539,57268,938,748713,1621,805981,California
Contra Costa, County,Contra Costa County,8/3/2021,2592,1512014,2216,1011996,268,450918,108,49100,1612,58029,960,749673,1721,807702,California
Contra Costa, County,Contra Costa County,8/4/2021,2290,1514304,1966,1013962,235,451153,89,49189,1438,58719,837,750510,1527,809229,California
Contra Costa, County,Contra Costa County,8/5/2021,2384,1516688,2065,1016027,237,451390,82,49271,1475,59382,894,751404,1557,810786,California
Contra Costa, County,Contra Costa County,8/6/2021,2773,1519461,2303,1018330,369,451759,101,49372,1604,59952,1135,752539,1705,812491,California
Contra Costa, County,Contra Costa County,8/7/2021,1394,1520855,1149,1019479,173,451932,72,49444,880,60407,494,753033,949,813440,California
Contra Costa, County,Contra Costa County,8/8/2021,721,1521576,579,1020058,133,452065,9,49453,449,60595,271,753304,459,813899,California
Contra Costa, County,Contra Costa County,8/9/2021,1938,1523514,1659,1021717,214,452279,65,49518,1119,60975,802,754106,1182,815081,California
Contra Costa, County,Contra Costa County,8/10/2021,1686,1525200,1487,1023204,108,452387,91,49609,1001,61390,677,754783,1092,816173,California
Del Norte, County,Del Norte County,12/15/2020,0,0,0,0,0,0,0,0,0,0,0,0,0,0,California
Del Norte, County,Del Norte County,12/16/2020,0,0,0,0,0,0,0,0,0,0,0,0,0,0,California
Del Norte, County,Del Norte County,12/17/2020,0,0,0,0,0,0,0,0,0,0,0,0,0,0,California
Del Norte, County,Del Norte County,12/18/2020,0,0,0,0,0,0,0,0,0,0,0,0,0,0,California
Del Norte, County,Del Norte County,12/19/2020,0,0,0,0,0,0,0,0,0,0,0,0,0,0,California
Del Norte, County,Del Norte County,12/20/2020,0,0,0,0,0,0,0,0,0,0,0,0,0,0,California
Del Norte, County,Del Norte County,12/21/2020,22,22,22,22,0,0,0,0,22,22,0,0,22,22,California
Del Norte, County,Del Norte County,12/22/2020,46,68,46,68,0,0,0,0,46,68,0,0,46,68,California
Del Norte, County,Del Norte County,12/23/2020,58,126,48,116,10,10,0,0,56,124,0,0,56,124,California
Del Norte, County,Del Norte County,12/24/2020,0,126,0,116,0,10,0,0,0,124,0,0,0,124,California
Del Norte, County,Del Norte County,12/25/2020,0,126,0,116,0,10,0,0,0,124,0,0,0,124,California
Del Norte, County,Del Norte County,12/26/2020,0,126,0,116,0,10,0,0,0,124,0,0,0,124,California
Del Norte, County,Del Norte County,12/27/2020,0,126,0,116,0,10,0,0,0,124,0,0,0,124,California
Del Norte, County,Del Norte County,12/28/2020,35,161,35,151,0,10,0,0,35,159,0,0,35,159,California
Del Norte, County,Del Norte County,12/29/2020,4,165,4,155,0,10,0,0,4,163,0,0,4,163,California
Del Norte, County,Del Norte County,12/30/2020,68,233,56,211,12,22,0,0,68,231,0,0,68,231,California
Del Norte, County,Del Norte County,12/31/2020,16,249,13,224,3,25,0,0,16,247,0,0,16,247,California
Del Norte, County,Del Norte County,1/1/2021,0,249,0,224,0,25,0,0,0,247,0,0,0,247,California
Del Norte, County,Del Norte County,1/2/2021,0,249,0,224,0,25,0,0,0,247,0,0,0,247,California
Del Norte, County,Del Norte County,1/3/2021,0,249,0,224,0,25,0,0,0,247,0,0,0,247,California
Del Norte, County,Del Norte County,1/4/2021,103,352,50,274,53,78,0,0,103,350,0,0,103,350,California
Del Norte, County,Del Norte County,1/5/2021,31,383,0,274,31,109,0,0,31,381,0,0,31,381,California
Del Norte, County,Del Norte County,1/6/2021,77,460,18,292,59,168,0,0,77,458,0,0,77,458,California
Del Norte, County,Del Norte County,1/7/2021,21,481,1,293,20,188,0,0,21,479,0,0,21,479,California
Del Norte, County,Del Norte County,1/8/2021,79,560,7,300,72,260,0,0,79,558,0,0,79,558,California
Del Norte, County,Del Norte County,1/9/2021,0,560,0,300,0,260,0,0,0,558,0,0,0,558,California
Del Norte, County,Del Norte County,1/10/2021,0,560,0,300,0,260,0,0,0,558,0,0,0,558,California
Del Norte, County,Del Norte County,1/11/2021,39,599,20,320,19,279,0,0,18,556,21,21,19,577,California
Del Norte, County,Del Norte County,1/12/2021,52,651,33,353,19,298,0,0,31,566,21,42,31,608,California
Del Norte, County,Del Norte County,1/13/2021,86,737,42,395,44,342,0,0,53,586,33,75,53,661,California
Del Norte, County,Del Norte County,1/14/2021,54,791,14,409,40,382,0,0,48,628,6,81,48,709,California
Del Norte, County,Del Norte County,1/15/2021,107,898,18,427,89,471,0,0,95,711,12,93,95,804,California
Del Norte, County,Del Norte County,1/16/2021,0,898,0,427,0,471,0,0,0,711,0,93,0,804,California
Del Norte, County,Del Norte County,1/17/2021,1,899,1,428,0,471,0,0,1,712,0,93,1,805,California
Del Norte, County,Del Norte County,1/18/2021,2,901,0,428,2,473,0,0,2,714,0,93,2,807,California
Del Norte, County,Del Norte County,1/19/2021,120,1021,58,486,62,535,0,0,77,748,43,136,77,884,California
Del Norte, County,Del Norte County,1/20/2021,161,1182,86,572,75,610,0,0,98,783,63,199,98,982,California
Del Norte, County,Del Norte County,1/21/2021,43,1225,40,612,3,613,0,0,32,804,11,210,32,1014,California
Del Norte, County,Del Norte County,1/22/2021,19,1244,17,629,2,615,0,0,12,809,7,217,12,1026,California
Del Norte, County,Del Norte County,1/23/2021,1,1245,0,629,1,616,0,0,1,810,0,217,1,1027,California
Del Norte, County,Del Norte County,1/24/2021,1,1246,0,629,1,617,0,0,1,811,0,217,1,1028,California
Del Norte, County,Del Norte County,1/25/2021,101,1347,83,712,18,635,0,0,56,822,45,262,56,1084,California
Del Norte, County,Del Norte County,1/26/2021,18,1365,11,723,7,642,0,0,7,818,11,273,7,1091,California
Del Norte, County,Del Norte County,1/27/2021,64,1429,21,744,43,685,0,0,61,876,3,276,61,1152,California
Del Norte, County,Del Norte County,1/28/2021,293,1722,20,764,273,958,0,0,288,1159,5,281,288,1440,California
Del Norte, County,Del Norte County,1/29/2021,63,1785,23,787,40,998,0,0,44,1184,19,300,44,1484,California
Del Norte, County,Del Norte County,1/30/2021,8,1793,1,788,7,1005,0,0,8,1192,0,300,8,1492,California
Del Norte, County,Del Norte County,1/31/2021,0,1793,0,788,0,1005,0,0,0,1192,0,300,0,1492,California
Del Norte, County,Del Norte County,2/1/2021,40,1833,1,789,39,1044,0,0,25,1202,15,315,25,1517,California
Del Norte, County,Del Norte County,2/2/2021,142,1975,33,822,109,1153,0,0,72,1207,68,383,73,1590,California
Del Norte, County,Del Norte County,2/3/2021,131,2106,44,866,87,1240,0,0,74,1224,57,440,74,1664,California
Del Norte, County,Del Norte County,2/4/2021,70,2176,28,894,42,1282,0,0,40,1234,30,470,40,1704,California
Del Norte, County,Del Norte County,2/5/2021,183,2359,21,915,162,1444,0,0,117,1286,65,535,117,1821,California
Del Norte, County,Del Norte County,2/6/2021,309,2668,3,918,306,1750,0,0,309,1595,0,535,309,2130,California
Del Norte, County,Del Norte County,2/7/2021,1,2669,1,919,0,1750,0,0,1,1596,0,535,1,2131,California
Del Norte, County,Del Norte County,2/8/2021,35,2704,1,920,34,1784,0,0,31,1623,4,539,31,2162,California
Del Norte, County,Del Norte County,2/9/2021,9,2713,6,926,3,1787,0,0,2,1618,7,546,2,2164,California
Del Norte, County,Del Norte County,2/10/2021,142,2855,20,946,122,1909,0,0,85,1647,56,602,85,2249,California
Del Norte, County,Del Norte County,2/11/2021,176,3031,58,1004,118,2027,0,0,63,1597,113,715,63,2312,California
Del Norte, County,Del Norte County,2/12/2021,123,3154,14,1018,109,2136,0,0,69,1612,54,769,69,2381,California
Del Norte, County,Del Norte County,2/13/2021,2,3156,1,1019,1,2137,0,0,2,1614,0,769,2,2383,California
Del Norte, County,Del Norte County,2/14/2021,4,3160,1,1020,3,2140,0,0,3,1616,1,770,3,2386,California
Del Norte, County,Del Norte County,2/15/2021,5,3165,0,1020,5,2145,0,0,3,1617,2,772,3,2389,California
Del Norte, County,Del Norte County,2/16/2021,132,3297,1,1021,131,2276,0,0,13,1511,119,891,13,2402,California
Del Norte, County,Del Norte County,2/17/2021,92,3389,19,1040,73,2349,0,0,24,1468,67,958,24,2426,California
Del Norte, County,Del Norte County,2/18/2021,76,3465,24,1064,52,2401,0,0,50,1492,26,984,50,2476,California
Del Norte, County,Del Norte County,2/19/2021,43,3508,17,1081,26,2427,0,0,33,1515,10,994,33,2509,California
Del Norte, County,Del Norte County,2/20/2021,10,3518,7,1088,3,2430,0,0,7,1519,3,997,7,2516,California
Del Norte, County,Del Norte County,2/21/2021,1,3519,0,1088,1,2431,0,0,0,1518,1,998,0,2516,California
Del Norte, County,Del Norte County,2/22/2021,2,3521,0,1088,2,2433,0,0,2,1520,0,998,2,2518,California
Del Norte, County,Del Norte County,2/23/2021,110,3631,92,1180,18,2451,0,0,32,1475,77,1075,32,2550,California
Del Norte, County,Del Norte County,2/24/2021,159,3790,103,1283,56,2507,0,0,84,1484,75,1150,84,2634,California
Del Norte, County,Del Norte County,2/25/2021,500,4290,149,1432,351,2858,0,0,232,1450,266,1416,232,2866,California
Del Norte, County,Del Norte County,2/26/2021,212,4502,175,1607,37,2895,0,0,165,1568,47,1463,165,3031,California
Del Norte, County,Del Norte County,2/27/2021,153,4655,146,1753,6,2901,1,1,145,1706,8,1471,146,3177,California
Del Norte, County,Del Norte County,2/28/2021,3,4658,0,1753,3,2904,0,1,3,1709,0,1471,3,3180,California
Del Norte, County,Del Norte County,3/1/2021,28,4686,2,1755,26,2930,0,1,4,1690,23,1494,4,3184,California
Del Norte, County,Del Norte County,3/2/2021,234,4920,154,1909,80,3010,0,1,200,1856,34,1528,200,3384,California
Del Norte, County,Del Norte County,3/3/2021,181,5101,111,2020,70,3080,0,1,139,1953,42,1570,139,3523,California
Del Norte, County,Del Norte County,3/4/2021,125,5226,87,2107,38,3118,0,1,95,2019,29,1599,95,3618,California
Del Norte, County,Del Norte County,3/5/2021,126,5352,11,2118,115,3233,0,1,75,2043,51,1650,75,3693,California
Del Norte, County,Del Norte County,3/6/2021,465,5817,77,2195,339,3572,49,50,164,1913,301,1951,171,3864,California
Del Norte, County,Del Norte County,3/7/2021,1,5818,1,2196,0,3572,0,50,1,1914,0,1951,1,3865,California
Del Norte, County,Del Norte County,3/8/2021,29,5847,0,2196,27,3599,2,52,6,1900,22,1973,8,3873,California
Del Norte, County,Del Norte County,3/9/2021,193,6040,113,2309,77,3676,3,55,182,2074,11,1984,185,4058,California
Del Norte, County,Del Norte County,3/10/2021,237,6277,95,2404,113,3789,29,84,134,2134,103,2087,163,4221,California
Del Norte, County,Del Norte County,3/11/2021,150,6427,55,2459,90,3879,5,89,102,2193,48,2135,107,4328,California
Del Norte, County,Del Norte County,3/12/2021,179,6606,88,2547,91,3970,0,89,124,2263,54,2189,124,4452,California
Del Norte, County,Del Norte County,3/13/2021,95,6701,94,2641,1,3971,0,89,91,2350,4,2193,91,4543,California
Del Norte, County,Del Norte County,3/14/2021,2,6703,0,2641,2,3973,0,89,0,2348,2,2195,0,4543,California
Del Norte, County,Del Norte County,3/15/2021,39,6742,0,2641,39,4012,0,89,35,2379,4,2199,35,4578,California
Del Norte, County,Del Norte County,3/16/2021,281,7023,134,2775,147,4159,0,89,258,2614,23,2222,258,4836,California
Del Norte, County,Del Norte County,3/17/2021,284,7307,95,2870,187,4346,2,91,167,2666,117,2339,169,5005,California
Del Norte, County,Del Norte County,3/18/2021,286,7593,107,2977,177,4523,2,93,139,2661,146,2485,141,5146,California
Del Norte, County,Del Norte County,3/19/2021,268,7861,158,3135,104,4627,6,99,90,2579,178,2663,96,5242,California
Del Norte, County,Del Norte County,3/20/2021,156,8017,153,3288,3,4630,0,99,11,2445,145,2808,11,5253,California
Del Norte, County,Del Norte County,3/21/2021,4,8021,2,3290,2,4632,0,99,2,2445,2,2810,2,5255,California
Del Norte, County,Del Norte County,3/22/2021,42,8063,2,3292,39,4671,1,100,38,2481,3,2813,39,5294,California
Del Norte, County,Del Norte County,3/23/2021,334,8397,166,3458,150,4821,18,118,154,2474,178,2991,171,5465,California
Del Norte, County,Del Norte County,3/24/2021,399,8796,107,3565,252,5073,40,158,227,2569,172,3163,267,5732,California
Del Norte, County,Del Norte County,3/25/2021,195,8991,89,3654,106,5179,0,158,80,2535,114,3277,80,5812,California
Del Norte, County,Del Norte County,3/26/2021,233,9224,112,3766,121,5300,0,158,195,2693,37,3314,195,6007,California
Del Norte, County,Del Norte County,3/27/2021,107,9331,86,3852,4,5304,17,175,17,2637,90,3404,34,6041,California
Del Norte, County,Del Norte County,3/28/2021,4,9335,2,3854,2,5306,0,175,1,2635,3,3407,1,6042,California
Del Norte, County,Del Norte County,3/29/2021,56,9391,6,3860,34,5340,16,191,32,2659,24,3431,48,6090,California
Del Norte, County,Del Norte County,3/30/2021,339,9730,120,3980,208,5548,11,202,127,2585,212,3643,138,6228,California
Del Norte, County,Del Norte County,3/31/2021,358,10088,102,4082,238,5786,18,220,200,2647,156,3799,218,6446,California
Del Norte, County,Del Norte County,4/1/2021,162,10250,58,4140,70,5856,34,254,68,2656,93,3892,102,6548,California
Del Norte, County,Del Norte County,4/2/2021,233,10483,79,4219,105,5961,49,303,50,2573,183,4075,100,6648,California
Del Norte, County,Del Norte County,4/3/2021,109,10592,84,4303,2,5963,23,326,6,2500,102,4177,29,6677,California
Del Norte, County,Del Norte County,4/4/2021,4,10596,0,4303,0,5963,4,330,0,2500,4,4181,4,6681,California
Del Norte, County,Del Norte County,4/5/2021,44,10640,3,4306,37,6000,4,334,38,2536,6,4187,42,6723,California
Del Norte, County,Del Norte County,4/6/2021,379,11019,118,4424,224,6224,37,371,145,2489,230,4417,183,6906,California
Del Norte, County,Del Norte County,4/7/2021,439,11458,115,4539,263,6487,61,432,289,2690,150,4567,351,7257,California
Del Norte, County,Del Norte County,4/8/2021,230,11688,54,4593,106,6593,70,502,105,2740,125,4692,175,7432,California
Del Norte, County,Del Norte County,4/9/2021,206,11894,46,4639,83,6676,77,579,99,2808,106,4798,174,7606,California
Del Norte, County,Del Norte County,4/10/2021,46,11940,25,4664,4,6680,17,596,25,2829,21,4819,42,7648,California
Del Norte, County,Del Norte County,4/11/2021,10,11950,3,4667,0,6680,7,603,1,2828,9,4828,8,7656,California
Del Norte, County,Del Norte County,4/12/2021,28,11978,1,4668,10,6690,17,620,1,2820,26,4854,18,7674,California
Del Norte, County,Del Norte County,4/13/2021,297,12275,49,4717,248,6938,0,620,154,2831,143,4997,154,7828,California
Del Norte, County,Del Norte County,4/14/2021,332,12607,23,4740,309,7247,0,620,139,2782,193,5190,144,7972,California
Del Norte, County,Del Norte County,4/15/2021,166,12773,30,4770,136,7383,0,620,45,2707,121,5311,46,8018,California
Del Norte, County,Del Norte County,4/16/2021,162,12935,39,4809,123,7506,0,620,59,2665,102,5413,60,8078,California
Del Norte, County,Del Norte County,4/17/2021,108,13043,76,4885,32,7538,0,620,102,2761,6,5419,102,8180,California
Del Norte, County,Del Norte County,4/18/2021,6,13049,5,4890,1,7539,0,620,5,2765,1,5420,5,8185,California
Del Norte, County,Del Norte County,4/19/2021,51,13100,6,4896,45,7584,0,620,9,2732,42,5462,9,8194,California
Del Norte, County,Del Norte County,4/20/2021,208,13308,40,4936,168,7752,0,620,74,2672,134,5596,74,8268,California
Del Norte, County,Del Norte County,4/21/2021,293,13601,24,4960,269,8021,0,620,68,2518,225,5821,71,8339,California
Del Norte, County,Del Norte County,4/22/2021,119,13720,17,4977,102,8123,0,620,64,2527,55,5876,64,8403,California
Del Norte, County,Del Norte County,4/23/2021,154,13874,23,5000,131,8254,0,620,40,2454,113,5989,40,8443,California
Del Norte, County,Del Norte County,4/24/2021,27,13901,16,5016,11,8265,0,620,21,2469,6,5995,21,8464,California
Del Norte, County,Del Norte County,4/25/2021,2,13903,0,5016,2,8267,0,620,2,2471,0,5995,2,8466,California
Del Norte, County,Del Norte County,4/26/2021,32,13935,1,5017,31,8298,0,620,9,2458,22,6017,9,8475,California
Del Norte, County,Del Norte County,4/27/2021,179,14114,19,5036,155,8453,5,625,49,2383,130,6147,55,8530,California
Del Norte, County,Del Norte County,4/28/2021,352,14466,101,5137,246,8699,5,630,63,2165,287,6434,69,8599,California
Del Norte, County,Del Norte County,4/29/2021,95,14561,8,5145,83,8782,4,634,27,2128,68,6502,31,8630,California
Del Norte, County,Del Norte County,4/30/2021,92,14653,8,5153,74,8856,10,644,48,2143,43,6545,58,8688,California
Del Norte, County,Del Norte County,5/1/2021,7,14660,2,5155,5,8861,0,644,5,2146,2,6547,5,8693,California
Del Norte, County,Del Norte County,5/2/2021,8,14668,0,5155,8,8869,0,644,8,2154,0,6547,8,8701,California
Del Norte, County,Del Norte County,5/3/2021,40,14708,3,5158,34,8903,3,647,2,2123,36,6583,5,8706,California
Del Norte, County,Del Norte County,5/4/2021,223,14931,36,5194,182,9085,5,652,47,1999,176,6759,52,8758,California
Del Norte, County,Del Norte County,5/5/2021,234,15165,20,5214,206,9291,8,660,59,1892,174,6933,67,8825,California
Del Norte, County,Del Norte County,5/6/2021,112,15277,25,5239,74,9365,13,673,25,1843,87,7020,38,8863,California
Del Norte, County,Del Norte County,5/7/2021,151,15428,27,5266,120,9485,4,677,30,1756,121,7141,34,8897,California
Del Norte, County,Del Norte County,5/8/2021,64,15492,54,5320,8,9493,2,679,6,1706,58,7199,8,8905,California
Del Norte, County,Del Norte County,5/9/2021,10,15502,4,5324,3,9496,3,682,3,1705,7,7206,6,8911,California
Del Norte, County,Del Norte County,5/10/2021,25,15527,3,5327,18,9514,4,686,15,1714,10,7216,19,8930,California
Del Norte, County,Del Norte County,5/11/2021,179,15706,50,5377,127,9641,2,688,35,1607,144,7360,37,8967,California
Del Norte, County,Del Norte County,5/12/2021,154,15860,24,5401,120,9761,10,698,27,1518,126,7486,37,9004,California
Del Norte, County,Del Norte County,5/13/2021,69,15929,30,5431,38,9799,1,699,38,1526,31,7517,39,9043,California
Del Norte, County,Del Norte County,5/14/2021,78,16007,26,5457,51,9850,1,700,41,1531,37,7554,42,9085,California
Del Norte, County,Del Norte County,5/15/2021,97,16104,54,5511,37,9887,6,706,53,1546,44,7598,59,9144,California
Del Norte, County,Del Norte County,5/16/2021,11,16115,0,5511,11,9898,0,706,11,1557,0,7598,11,9155,California
Del Norte, County,Del Norte County,5/17/2021,27,16142,4,5515,20,9918,3,709,15,1564,11,7609,18,9173,California
Del Norte, County,Del Norte County,5/18/2021,130,16272,70,5585,60,9978,0,709,82,1598,48,7657,82,9255,California
Del Norte, County,Del Norte County,5/19/2021,97,16369,14,5599,66,10044,17,726,35,1587,62,7719,51,9306,California
Del Norte, County,Del Norte County,5/20/2021,100,16469,31,5630,66,10110,3,729,40,1571,59,7778,43,9349,California
Del Norte, County,Del Norte County,5/21/2021,81,16550,34,5664,44,10154,3,732,44,1581,37,7815,47,9396,California
Del Norte, County,Del Norte County,5/22/2021,24,16574,8,5672,16,10170,0,732,11,1580,12,7827,11,9407,California
Del Norte, County,Del Norte County,5/23/2021,14,16588,5,5677,9,10179,0,732,7,1580,7,7834,7,9414,California
Del Norte, County,Del Norte County,5/24/2021,26,16614,9,5686,17,10196,0,732,17,1588,9,7843,17,9431,California
Del Norte, County,Del Norte County,5/25/2021,47,16661,5,5691,36,10232,6,738,17,1584,27,7870,23,9454,California
Del Norte, County,Del Norte County,5/26/2021,117,16778,36,5727,73,10305,8,746,53,1582,63,7933,61,9515,California
Del Norte, County,Del Norte County,5/27/2021,74,16852,28,5755,42,10347,4,750,34,1581,39,7972,38,9553,California
Del Norte, County,Del Norte County,5/28/2021,53,16905,7,5762,38,10385,8,758,9,1554,44,8016,17,9570,California
Del Norte, County,Del Norte County,5/29/2021,8,16913,0,5762,4,10389,4,762,3,1556,5,8021,7,9577,California
Del Norte, County,Del Norte County,5/30/2021,6,16919,0,5762,6,10395,0,762,1,1552,5,8026,1,9578,California
Del Norte, County,Del Norte County,5/31/2021,4,16923,2,5764,2,10397,0,762,3,1554,1,8027,3,9581,California
Del Norte, County,Del Norte County,6/1/2021,51,16974,6,5770,39,10436,6,768,11,1531,40,8067,17,9598,California
Del Norte, County,Del Norte County,6/2/2021,84,17058,11,5781,68,10504,5,773,20,1492,64,8131,25,9623,California
Del Norte, County,Del Norte County,6/3/2021,64,17122,36,5817,26,10530,2,775,29,1488,35,8166,31,9654,California
Del Norte, County,Del Norte County,6/4/2021,69,17191,24,5841,40,10570,5,780,20,1464,49,8215,25,9679,California
Del Norte, County,Del Norte County,6/5/2021,1,17192,0,5841,1,10571,0,780,0,1463,1,8216,0,9679,California
Del Norte, County,Del Norte County,6/6/2021,10,17202,4,5845,4,10575,2,782,7,1469,3,8219,9,9688,California
Del Norte, County,Del Norte County,6/7/2021,42,17244,9,5854,28,10603,5,787,15,1462,27,8246,20,9708,California
Del Norte, County,Del Norte County,6/8/2021,112,17356,81,5935,26,10629,5,792,33,1421,79,8325,38,9746,California
Del Norte, County,Del Norte County,6/9/2021,58,17414,11,5946,40,10669,7,799,16,1402,42,8367,23,9769,California
Del Norte, County,Del Norte County,6/10/2021,56,17470,26,5972,23,10692,7,806,11,1376,44,8411,18,9787,California
Del Norte, County,Del Norte County,6/11/2021,60,17530,24,5996,27,10719,9,815,14,1353,46,8457,23,9810,California
Del Norte, County,Del Norte County,6/12/2021,17,17547,3,5999,11,10730,3,818,2,1343,15,8472,5,9815,California
Del Norte, County,Del Norte County,6/13/2021,60,17607,43,6042,13,10743,4,822,13,1313,47,8519,17,9832,California
Del Norte, County,Del Norte County,6/14/2021,37,17644,15,6057,18,10761,4,826,15,1311,21,8540,19,9851,California
Del Norte, County,Del Norte County,6/15/2021,37,17681,9,6066,20,10781,8,834,4,1290,33,8573,12,9863,California
Del Norte, County,Del Norte County,6/16/2021,99,17780,36,6102,50,10831,13,847,22,1248,77,8650,35,9898,California
Del Norte, County,Del Norte County,6/17/2021,31,17811,13,6115,15,10846,3,850,6,1232,25,8675,9,9907,California
Del Norte, County,Del Norte County,6/18/2021,49,17860,23,6138,21,10867,5,855,20,1228,29,8704,25,9932,California
Del Norte, County,Del Norte County,6/19/2021,11,17871,0,6138,7,10874,4,859,3,1227,8,8712,7,9939,California
Del Norte, County,Del Norte County,6/20/2021,13,17884,9,6147,4,10878,0,859,8,1230,5,8717,8,9947,California
Del Norte, County,Del Norte County,6/21/2021,23,17907,8,6155,10,10888,5,864,9,1230,14,8731,14,9961,California
Del Norte, County,Del Norte County,6/22/2021,39,17946,9,6164,19,10907,11,875,14,1230,25,8756,25,9986,California
Del Norte, County,Del Norte County,6/23/2021,69,18015,33,6197,30,10937,6,881,32,1232,36,8792,38,10024,California
Del Norte, County,Del Norte County,6/24/2021,45,18060,26,6223,12,10949,7,888,15,1224,30,8822,22,10046,California
Del Norte, County,Del Norte County,6/25/2021,29,18089,14,6237,13,10962,2,890,13,1223,16,8838,15,10061,California
Del Norte, County,Del Norte County,6/26/2021,5,18094,0,6237,5,10967,0,890,2,1222,3,8841,2,10063,California
Del Norte, County,Del Norte County,6/27/2021,13,18107,8,6245,5,10972,0,890,9,1227,4,8845,9,10072,California
Del Norte, County,Del Norte County,6/28/2021,13,18120,6,6251,5,10977,2,892,7,1230,6,8851,9,10081,California
Del Norte, County,Del Norte County,6/29/2021,55,18175,40,6291,12,10989,3,895,19,1216,36,8887,22,10103,California
Del Norte, County,Del Norte County,6/30/2021,33,18208,16,6307,12,11001,5,900,9,1206,24,8911,14,10117,California
Del Norte, County,Del Norte County,7/1/2021,23,18231,8,6315,11,11012,4,904,8,1203,15,8926,12,10129,California
Del Norte, County,Del Norte County,7/2/2021,19,18250,7,6322,11,11023,1,905,6,1197,13,8939,7,10136,California
Del Norte, County,Del Norte County,7/3/2021,3,18253,2,6324,1,11024,0,905,2,1198,1,8940,2,10138,California
Del Norte, County,Del Norte County,7/4/2021,10,18263,9,6333,1,11025,0,905,6,1200,4,8944,6,10144,California
Del Norte, County,Del Norte County,7/5/2021,11,18274,7,6340,4,11029,0,905,2,1193,9,8953,2,10146,California
Del Norte, County,Del Norte County,7/6/2021,32,18306,17,6357,13,11042,2,907,17,1198,14,8967,19,10165,California
Del Norte, County,Del Norte County,7/7/2021,49,18355,22,6379,22,11064,5,912,19,1192,30,8997,24,10189,California
Del Norte, County,Del Norte County,7/8/2021,30,18385,12,6391,14,11078,4,916,11,1189,18,9015,15,10204,California
Del Norte, County,Del Norte County,7/9/2021,21,18406,10,6401,10,11088,1,917,8,1185,13,9028,9,10213,California
Del Norte, County,Del Norte County,7/10/2021,9,18415,5,6406,4,11092,0,917,5,1186,4,9032,5,10218,California
Del Norte, County,Del Norte County,7/11/2021,5,18420,4,6410,1,11093,0,917,2,1185,3,9035,2,10220,California
Del Norte, County,Del Norte County,7/12/2021,22,18442,14,6424,7,11100,1,918,11,1186,11,9046,12,10232,California
Del Norte, County,Del Norte County,7/13/2021,24,18466,13,6437,8,11108,3,921,8,1183,16,9062,13,10245,California
Del Norte, County,Del Norte County,7/14/2021,52,18518,26,6463,19,11127,7,928,15,1168,37,9099,22,10267,California
Del Norte, County,Del Norte County,7/15/2021,27,18545,18,6481,7,11134,2,930,19,1181,8,9107,21,10288,California
Del Norte, County,Del Norte County,7/16/2021,20,18565,10,6491,7,11141,3,933,5,1174,15,9122,8,10296,California
Del Norte, County,Del Norte County,7/17/2021,8,18573,1,6492,7,11148,0,933,4,1174,4,9126,4,10300,California
Del Norte, County,Del Norte County,7/18/2021,6,18579,1,6493,4,11152,1,934,4,1177,2,9128,5,10305,California
Del Norte, County,Del Norte County,7/19/2021,28,18607,17,6510,9,11161,2,936,14,1179,14,9142,16,10321,California
Del Norte, County,Del Norte County,7/20/2021,35,18642,24,6534,6,11167,5,941,13,1176,22,9164,19,10340,California
Del Norte, County,Del Norte County,7/21/2021,34,18676,17,6551,11,11178,6,947,17,1182,17,9181,23,10363,California
Del Norte, County,Del Norte County,7/22/2021,35,18711,24,6575,7,11185,4,951,13,1177,22,9203,17,10380,California
Del Norte, County,Del Norte County,7/23/2021,27,18738,14,6589,9,11194,4,955,15,1185,11,9214,19,10399,California
Del Norte, County,Del Norte County,7/24/2021,12,18750,4,6593,8,11202,0,955,11,1195,1,9215,11,10410,California
Del Norte, County,Del Norte County,7/25/2021,7,18757,1,6594,6,11208,0,955,4,1196,3,9218,4,10414,California
Del Norte, County,Del Norte County,7/26/2021,14,18771,10,6604,4,11212,0,955,12,1206,2,9220,12,10426,California
Del Norte, County,Del Norte County,7/27/2021,40,18811,14,6618,23,11235,3,958,20,1209,20,9240,23,10449,California
Del Norte, County,Del Norte County,7/28/2021,35,18846,10,6628,21,11256,4,962,15,1208,20,9260,19,10468,California
Del Norte, County,Del Norte County,7/29/2021,34,18880,14,6642,13,11269,7,969,21,1223,13,9273,28,10496,California
Del Norte, County,Del Norte County,7/30/2021,40,18920,21,6663,13,11282,6,975,23,1235,17,9290,29,10525,California
Del Norte, County,Del Norte County,7/31/2021,33,18953,16,6679,14,11296,3,978,25,1255,8,9298,28,10553,California
Del Norte, County,Del Norte County,8/1/2021,5,18958,2,6681,3,11299,0,978,5,1260,0,9298,5,10558,California
Del Norte, County,Del Norte County,8/2/2021,39,18997,23,6704,10,11309,6,984,25,1277,14,9312,31,10589,California
Del Norte, County,Del Norte County,8/3/2021,44,19041,20,6724,18,11327,6,990,26,1291,18,9330,32,10621,California
Del Norte, County,Del Norte County,8/4/2021,65,19106,28,6752,27,11354,10,1000,32,1300,33,9363,42,10663,California
Del Norte, County,Del Norte County,8/5/2021,76,19182,43,6795,20,11374,13,1013,51,1339,25,9388,64,10727,California
Del Norte, County,Del Norte County,8/6/2021,50,19232,20,6815,23,11397,7,1020,37,1371,12,9400,44,10771,California
Del Norte, County,Del Norte County,8/7/2021,13,19245,4,6819,9,11406,0,1020,9,1376,4,9404,9,10780,California
Del Norte, County,Del Norte County,8/8/2021,7,19252,0,6819,5,11411,2,1022,4,1379,3,9407,6,10786,California
Del Norte, County,Del Norte County,8/9/2021,52,19304,23,6842,27,11438,2,1024,40,1410,11,9418,42,10828,California
Del Norte, County,Del Norte County,8/10/2021,58,19362,26,6868,26,11464,6,1030,44,1446,14,9432,50,10878,California
El Dorado, County,El Dorado County,12/15/2020,12,12,12,12,0,0,0,0,12,12,0,0,12,12,California
El Dorado, County,El Dorado County,12/16/2020,40,52,40,52,0,0,0,0,40,52,0,0,40,52,California
El Dorado, County,El Dorado County,12/17/2020,34,86,34,86,0,0,0,0,34,86,0,0,34,86,California
El Dorado, County,El Dorado County,12/18/2020,261,347,261,347,0,0,0,0,261,347,0,0,261,347,California
El Dorado, County,El Dorado County,12/19/2020,121,468,121,468,0,0,0,0,121,468,0,0,121,468,California
El Dorado, County,El Dorado County,12/20/2020,84,552,84,552,0,0,0,0,84,552,0,0,84,552,California
El Dorado, County,El Dorado County,12/21/2020,317,869,316,868,1,1,0,0,317,869,0,0,317,869,California
El Dorado, County,El Dorado County,12/22/2020,243,1112,220,1088,23,24,0,0,243,1112,0,0,243,1112,California
El Dorado, County,El Dorado County,12/23/2020,192,1304,142,1230,50,74,0,0,192,1304,0,0,192,1304,California
El Dorado, County,El Dorado County,12/24/2020,84,1388,63,1293,21,95,0,0,84,1388,0,0,84,1388,California
El Dorado, County,El Dorado County,12/25/2020,8,1396,8,1301,0,95,0,0,8,1396,0,0,8,1396,California
El Dorado, County,El Dorado County,12/26/2020,45,1441,27,1328,18,113,0,0,45,1441,0,0,45,1441,California
El Dorado, County,El Dorado County,12/27/2020,38,1479,34,1362,4,117,0,0,38,1479,0,0,38,1479,California
El Dorado, County,El Dorado County,12/28/2020,218,1697,167,1529,51,168,0,0,218,1697,0,0,218,1697,California
El Dorado, County,El Dorado County,12/29/2020,462,2159,143,1672,319,487,0,0,462,2159,0,0,462,2159,California
El Dorado, County,El Dorado County,12/30/2020,516,2675,142,1814,374,861,0,0,516,2675,0,0,516,2675,California
El Dorado, County,El Dorado County,12/31/2020,109,2784,69,1883,40,901,0,0,109,2784,0,0,109,2784,California
El Dorado, County,El Dorado County,1/1/2021,8,2792,4,1887,4,905,0,0,8,2792,0,0,8,2792,California
El Dorado, County,El Dorado County,1/2/2021,154,2946,141,2028,13,918,0,0,154,2946,0,0,154,2946,California
El Dorado, County,El Dorado County,1/3/2021,95,3041,18,2046,77,995,0,0,95,3041,0,0,95,3041,California
El Dorado, County,El Dorado County,1/4/2021,195,3236,63,2109,132,1127,0,0,195,3236,0,0,195,3236,California
El Dorado, County,El Dorado County,1/5/2021,230,3466,74,2183,156,1283,0,0,212,3430,18,18,212,3448,California
El Dorado, County,El Dorado County,1/6/2021,243,3709,168,2351,75,1358,0,0,178,3544,64,82,178,3626,California
El Dorado, County,El Dorado County,1/7/2021,340,4049,141,2492,199,1557,0,0,260,3724,80,162,260,3886,California
El Dorado, County,El Dorado County,1/8/2021,996,5045,514,3006,482,2039,0,0,771,4270,225,387,771,4657,California
El Dorado, County,El Dorado County,1/9/2021,199,5244,163,3169,36,2075,0,0,128,4327,71,458,128,4785,California
El Dorado, County,El Dorado County,1/10/2021,183,5427,133,3302,50,2125,0,0,109,4363,74,532,110,4895,California
El Dorado, County,El Dorado County,1/11/2021,666,6093,297,3599,369,2494,0,0,464,4627,201,733,465,5360,California
El Dorado, County,El Dorado County,1/12/2021,813,6906,429,4028,384,2878,0,0,560,4934,253,986,560,5920,California
El Dorado, County,El Dorado County,1/13/2021,710,7616,303,4331,407,3285,0,0,544,5312,166,1152,544,6464,California
El Dorado, County,El Dorado County,1/14/2021,804,8420,222,4553,582,3867,0,0,707,5924,95,1247,707,7171,California
El Dorado, County,El Dorado County,1/15/2021,805,9225,186,4739,619,4486,0,0,731,6581,74,1321,731,7902,California
El Dorado, County,El Dorado County,1/16/2021,224,9449,104,4843,120,4606,0,0,198,6753,26,1347,198,8100,California
El Dorado, County,El Dorado County,1/17/2021,109,9558,49,4892,60,4666,0,0,92,6828,17,1364,92,8192,California
El Dorado, County,El Dorado County,1/18/2021,434,9992,148,5040,286,4952,0,0,359,7112,75,1439,359,8551,California
El Dorado, County,El Dorado County,1/19/2021,756,10748,452,5492,304,5256,0,0,607,7571,149,1588,608,9159,California
El Dorado, County,El Dorado County,1/20/2021,1018,11766,692,6184,326,5582,0,0,901,8356,116,1704,901,10060,California
El Dorado, County,El Dorado County,1/21/2021,1278,13044,684,6868,594,6176,0,0,1071,9261,166,1870,1071,11131,California
El Dorado, County,El Dorado County,1/22/2021,1254,14298,844,7712,410,6586,0,0,1190,10388,63,1933,1190,12321,California
El Dorado, County,El Dorado County,1/23/2021,879,15177,618,8330,261,6847,0,0,763,11035,116,2049,763,13084,California
El Dorado, County,El Dorado County,1/24/2021,134,15311,81,8411,53,6900,0,0,113,11127,21,2070,113,13197,California
El Dorado, County,El Dorado County,1/25/2021,702,16013,294,8705,408,7308,0,0,610,11645,92,2162,610,13807,California
El Dorado, County,El Dorado County,1/26/2021,702,16715,382,9087,320,7628,0,0,591,12125,111,2273,591,14398,California
El Dorado, County,El Dorado County,1/27/2021,1005,17720,398,9485,607,8235,0,0,665,12449,341,2614,665,15063,California
El Dorado, County,El Dorado County,1/28/2021,1118,18838,455,9940,663,8898,0,0,753,12837,365,2979,753,15816,California
El Dorado, County,El Dorado County,1/29/2021,1062,19900,556,10496,506,9404,0,0,767,13311,294,3273,768,16584,California
El Dorado, County,El Dorado County,1/30/2021,850,20750,299,10795,551,9955,0,0,748,13959,100,3373,748,17332,California
El Dorado, County,El Dorado County,1/31/2021,245,20995,220,11015,25,9980,0,0,191,14096,54,3427,191,17523,California
El Dorado, County,El Dorado County,2/1/2021,809,21804,372,11387,437,10417,0,0,659,14605,150,3577,659,18182,California
El Dorado, County,El Dorado County,2/2/2021,865,22669,383,11770,482,10899,0,0,700,15140,165,3742,700,18882,California
El Dorado, County,El Dorado County,2/3/2021,919,23588,487,12257,432,11331,0,0,703,15627,216,3958,703,19585,California
El Dorado, County,El Dorado County,2/4/2021,1268,24856,717,12974,551,11882,0,0,881,16123,385,4343,881,20466,California
El Dorado, County,El Dorado County,2/5/2021,1525,26381,620,13594,905,12787,0,0,887,16409,601,4944,887,21353,California
El Dorado, County,El Dorado County,2/6/2021,1083,27464,331,13925,752,13539,0,0,977,17281,106,5050,978,22331,California
El Dorado, County,El Dorado County,2/7/2021,262,27726,177,14102,85,13624,0,0,194,17408,67,5117,194,22525,California
El Dorado, County,El Dorado County,2/8/2021,896,28622,426,14528,470,14094,0,0,613,17740,281,5398,613,23138,California
El Dorado, County,El Dorado County,2/9/2021,989,29611,557,15085,432,14526,0,0,554,17859,435,5833,554,23692,California
El Dorado, County,El Dorado County,2/10/2021,1277,30888,747,15832,530,15056,0,0,675,17933,601,6434,675,24367,California
El Dorado, County,El Dorado County,2/11/2021,2184,33072,902,16734,1282,16338,0,0,759,17272,1421,7855,760,25127,California
El Dorado, County,El Dorado County,2/12/2021,1592,34664,832,17566,760,17098,0,0,677,17037,914,8769,679,25806,California
El Dorado, County,El Dorado County,2/13/2021,1261,35925,670,18236,591,17689,0,0,665,17108,594,9363,665,26471,California
El Dorado, County,El Dorado County,2/14/2021,501,36426,157,18393,344,18033,0,0,402,17411,99,9462,402,26873,California
El Dorado, County,El Dorado County,2/15/2021,1190,37616,391,18784,799,18832,0,0,827,17879,363,9825,831,27704,California
El Dorado, County,El Dorado County,2/16/2021,1221,38837,540,19324,681,19513,0,0,676,18012,544,10369,677,28381,California
El Dorado, County,El Dorado County,2/17/2021,969,39806,430,19754,539,20052,0,0,469,17981,500,10869,469,28850,California
El Dorado, County,El Dorado County,2/18/2021,2136,41942,1043,20797,1093,21145,0,0,1080,18008,1053,11922,1080,29930,California
El Dorado, County,El Dorado County,2/19/2021,1249,43191,669,21466,580,21725,0,0,700,18162,546,12468,700,30630,California
El Dorado, County,El Dorado County,2/20/2021,1113,44304,464,21930,649,22374,0,0,697,18449,411,12879,698,31328,California
El Dorado, County,El Dorado County,2/21/2021,378,44682,245,22175,133,22507,0,0,181,18433,197,13076,181,31509,California
El Dorado, County,El Dorado County,2/22/2021,934,45616,467,22642,467,22974,0,0,295,18092,636,13712,295,31804,California
El Dorado, County,El Dorado County,2/23/2021,917,46533,518,23160,399,23373,0,0,364,17907,549,14261,364,32168,California
El Dorado, County,El Dorado County,2/24/2021,1078,47611,474,23634,604,23977,0,0,446,17723,630,14891,446,32614,California
El Dorado, County,El Dorado County,2/25/2021,1992,49603,1201,24835,791,24768,0,0,710,17165,1272,16163,714,33328,California
El Dorado, County,El Dorado County,2/26/2021,2519,52122,1579,26414,940,25708,0,0,1688,18030,823,16986,1688,35016,California
El Dorado, County,El Dorado County,2/27/2021,1791,53913,454,26868,1337,27045,0,0,1333,18908,455,17441,1333,36349,California
El Dorado, County,El Dorado County,2/28/2021,991,54904,239,27107,752,27797,0,0,517,18954,472,17913,518,36867,California
El Dorado, County,El Dorado County,3/1/2021,1208,56112,480,27587,726,28523,2,2,669,19087,538,18451,671,37538,California
El Dorado, County,El Dorado County,3/2/2021,977,57089,296,27883,679,29202,2,4,504,19124,470,18921,507,38045,California
El Dorado, County,El Dorado County,3/3/2021,1800,58889,499,28382,1301,30503,0,4,1221,19777,571,19492,1224,39269,California
El Dorado, County,El Dorado County,3/4/2021,2586,61475,1585,29967,1000,31503,1,5,1218,19634,1362,20854,1219,40488,California
El Dorado, County,El Dorado County,3/5/2021,1626,63101,452,30419,1169,32672,5,10,1074,20167,546,21400,1079,41567,California
El Dorado, County,El Dorado County,3/6/2021,761,63862,229,30648,501,33173,31,41,402,20242,356,21756,431,41998,California
El Dorado, County,El Dorado County,3/7/2021,892,64754,201,30849,656,33829,35,76,259,19907,629,22385,294,42292,California
El Dorado, County,El Dorado County,3/8/2021,1384,66138,388,31237,921,34750,75,151,896,20392,484,22869,969,43261,California
El Dorado, County,El Dorado County,3/9/2021,1025,67163,243,31480,712,35462,70,221,609,20671,400,23269,679,43940,California
El Dorado, County,El Dorado County,3/10/2021,992,68155,348,31828,587,36049,57,278,574,20891,410,23679,630,44570,California
El Dorado, County,El Dorado County,3/11/2021,3090,71245,1869,33697,1032,37081,189,467,1308,20628,1757,25436,1494,46064,California
El Dorado, County,El Dorado County,3/12/2021,1832,73077,635,34332,944,38025,253,720,766,20597,1049,26485,1018,47082,California
El Dorado, County,El Dorado County,3/13/2021,1151,74228,351,34683,516,38541,284,1004,440,20612,707,27192,722,47804,California
El Dorado, County,El Dorado County,3/14/2021,1028,75256,205,34888,711,39252,112,1116,283,20264,743,27935,395,48199,California
El Dorado, County,El Dorado County,3/15/2021,1424,76680,306,35194,988,40240,130,1246,618,20208,802,28737,746,48945,California
El Dorado, County,El Dorado County,3/16/2021,1251,77931,438,35632,667,40907,146,1392,575,20257,671,29408,720,49665,California
El Dorado, County,El Dorado County,3/17/2021,1194,79125,391,36023,702,41609,101,1493,777,20716,416,29824,875,50540,California
El Dorado, County,El Dorado County,3/18/2021,3066,82191,1813,37836,1211,42820,42,1535,2010,21726,1042,30866,2052,52592,California
El Dorado, County,El Dorado County,3/19/2021,1136,83327,363,38199,615,43435,158,1693,626,22001,507,31373,782,53374,California
El Dorado, County,El Dorado County,3/20/2021,1101,84428,270,38469,816,44251,15,1708,508,21943,581,31954,523,53897,California
El Dorado, County,El Dorado County,3/21/2021,1118,85546,428,38897,685,44936,5,1713,923,22680,192,32146,929,54826,California
El Dorado, County,El Dorado County,3/22/2021,1531,87077,504,39401,944,45880,83,1796,1197,23632,328,32474,1280,56106,California
El Dorado, County,El Dorado County,3/23/2021,1174,88251,466,39867,613,46493,95,1891,735,24037,425,32899,830,56936,California
El Dorado, County,El Dorado County,3/24/2021,1481,89732,641,40508,640,47133,200,2091,647,24077,806,33705,846,57782,California
El Dorado, County,El Dorado County,3/25/2021,2551,92283,1712,42220,731,47864,108,2199,1374,24392,1168,34873,1483,59265,California
El Dorado, County,El Dorado County,3/26/2021,1859,94142,712,42932,1033,48897,114,2313,927,24526,906,35779,1040,60305,California
El Dorado, County,El Dorado County,3/27/2021,1524,95666,193,43125,1327,50224,4,2317,476,23965,1041,36820,480,60785,California
El Dorado, County,El Dorado County,3/28/2021,700,96366,187,43312,501,50725,12,2329,157,23596,538,37358,169,60954,California
El Dorado, County,El Dorado County,3/29/2021,1340,97706,448,43760,876,51601,16,2345,826,23928,510,37868,842,61796,California
El Dorado, County,El Dorado County,3/30/2021,1397,99103,434,44194,865,52466,98,2443,691,24019,697,38565,788,62584,California
El Dorado, County,El Dorado County,3/31/2021,1587,100690,595,44789,921,53387,71,2514,656,23816,927,39492,724,63308,California
El Dorado, County,El Dorado County,4/1/2021,3260,103950,1787,46576,1390,54777,83,2597,1539,23722,1716,41208,1622,64930,California
El Dorado, County,El Dorado County,4/2/2021,1912,105862,573,47149,1243,56020,96,2693,737,23386,1169,42377,833,65763,California
El Dorado, County,El Dorado County,4/3/2021,762,106624,304,47453,339,56359,119,2812,229,23205,529,42906,348,66111,California
El Dorado, County,El Dorado County,4/4/2021,275,106899,83,47536,144,56503,48,2860,96,23172,178,43084,145,66256,California
El Dorado, County,El Dorado County,4/5/2021,1454,108353,432,47968,929,57432,93,2953,589,22997,856,43940,681,66937,California
El Dorado, County,El Dorado County,4/6/2021,1435,109788,538,48506,678,58110,219,3172,439,22660,991,44931,654,67591,California
El Dorado, County,El Dorado County,4/7/2021,1621,111409,579,49085,584,58694,458,3630,539,22575,1078,46009,993,68584,California
El Dorado, County,El Dorado County,4/8/2021,2737,114146,1752,50837,745,59439,240,3870,1119,22322,1610,47619,1357,69941,California
El Dorado, County,El Dorado County,4/9/2021,1454,115600,451,51288,779,60218,224,4094,572,22232,879,48498,789,70730,California
El Dorado, County,El Dorado County,4/10/2021,1016,116616,225,51513,680,60898,111,4205,660,22648,353,48851,769,71499,California
El Dorado, County,El Dorado County,4/11/2021,781,117397,459,51972,306,61204,16,4221,211,22306,569,49420,227,71726,California
El Dorado, County,El Dorado County,4/12/2021,1311,118708,513,52485,647,61851,151,4372,561,22276,741,50161,711,72437,California
El Dorado, County,El Dorado County,4/13/2021,1146,119854,622,53107,524,62375,0,4372,514,22163,627,50788,514,72951,California
El Dorado, County,El Dorado County,4/14/2021,1112,120966,475,53582,636,63011,1,4373,374,21817,721,51509,375,73326,California
El Dorado, County,El Dorado County,4/15/2021,2547,123513,1711,55293,836,63847,0,4373,952,21181,1589,53098,953,74279,California
El Dorado, County,El Dorado County,4/16/2021,1489,125002,526,55819,963,64810,0,4373,610,20920,872,53970,611,74890,California
El Dorado, County,El Dorado County,4/17/2021,1033,126035,210,56029,822,65632,1,4374,713,21316,317,54287,713,75603,California
El Dorado, County,El Dorado County,4/18/2021,1226,127261,119,56148,1107,66739,0,4374,428,20949,795,55082,428,76031,California
El Dorado, County,El Dorado County,4/19/2021,1743,129004,446,56594,1297,68036,0,4374,687,20587,1049,56131,687,76718,California
El Dorado, County,El Dorado County,4/20/2021,1163,130167,409,57003,754,68790,0,4374,481,20391,678,56809,482,77200,California
El Dorado, County,El Dorado County,4/21/2021,1251,131418,544,57547,703,69493,4,4378,642,20434,601,57410,644,77844,California
El Dorado, County,El Dorado County,4/22/2021,2637,134055,1750,59297,887,70380,0,4378,1090,19982,1544,58954,1092,78936,California
El Dorado, County,El Dorado County,4/23/2021,1463,135518,539,59836,923,71303,1,4379,743,20011,717,59671,746,79682,California
El Dorado, County,El Dorado County,4/24/2021,1060,136578,526,60362,534,71837,0,4379,816,20586,241,59912,816,80498,California
El Dorado, County,El Dorado County,4/25/2021,843,137421,456,60818,387,72224,0,4379,481,20705,362,60274,481,80979,California
El Dorado, County,El Dorado County,4/26/2021,1236,138657,514,61332,705,72929,17,4396,582,20654,649,60923,598,81577,California
El Dorado, County,El Dorado County,4/27/2021,1170,139827,456,61788,676,73605,38,4434,534,20597,629,61552,572,82149,California
El Dorado, County,El Dorado County,4/28/2021,1149,140976,436,62224,673,74278,40,4474,499,20490,647,62199,540,82689,California
El Dorado, County,El Dorado County,4/29/2021,2056,143032,1422,63646,602,74880,32,4506,624,19717,1429,63628,656,83345,California
El Dorado, County,El Dorado County,4/30/2021,2196,145228,1400,65046,754,75634,42,4548,1413,20405,766,64394,1454,84799,California
El Dorado, County,El Dorado County,5/1/2021,624,145852,284,65330,312,75946,28,4576,283,20382,334,64728,311,85110,California
El Dorado, County,El Dorado County,5/2/2021,303,146155,214,65544,59,76005,30,4606,99,20309,201,64929,128,85238,California
El Dorado, County,El Dorado County,5/3/2021,846,147001,419,65963,376,76381,51,4657,288,20095,554,65483,340,85578,California
El Dorado, County,El Dorado County,5/4/2021,937,147938,480,66443,397,76778,60,4717,341,19904,592,66075,401,85979,California
El Dorado, County,El Dorado County,5/5/2021,917,148855,464,66907,378,77156,75,4792,442,19948,473,66548,517,86496,California
El Dorado, County,El Dorado County,5/6/2021,1152,150007,507,67414,597,77753,48,4840,486,19822,656,67204,530,87026,California
El Dorado, County,El Dorado County,5/7/2021,1013,151020,399,67813,555,78308,59,4899,410,19687,603,67807,468,87494,California
El Dorado, County,El Dorado County,5/8/2021,687,151707,164,67977,486,78794,37,4936,208,19456,476,68283,245,87739,California
El Dorado, County,El Dorado County,5/9/2021,237,151944,97,68074,112,78906,28,4964,104,19456,132,68415,132,87871,California
El Dorado, County,El Dorado County,5/10/2021,835,152779,277,68351,499,79405,59,5023,243,19174,582,68997,300,88171,California
El Dorado, County,El Dorado County,5/11/2021,711,153490,320,68671,329,79734,62,5085,288,19105,420,69417,351,88522,California
El Dorado, County,El Dorado County,5/12/2021,655,154145,347,69018,267,80001,41,5126,252,18996,403,69820,294,88816,California
El Dorado, County,El Dorado County,5/13/2021,1285,155430,811,69829,434,80435,40,5166,472,18700,807,70627,511,89327,California
El Dorado, County,El Dorado County,5/14/2021,1436,156866,838,70667,514,80949,84,5250,677,18707,754,71381,761,90088,California
El Dorado, County,El Dorado County,5/15/2021,913,157779,565,71232,290,81239,58,5308,323,18498,590,71971,381,90469,California
El Dorado, County,El Dorado County,5/16/2021,883,158662,470,71702,387,81626,26,5334,238,18118,644,72615,264,90733,California
El Dorado, County,El Dorado County,5/17/2021,1622,160284,693,72395,879,82505,50,5384,562,17673,1056,73671,611,91344,California
El Dorado, County,El Dorado County,5/18/2021,1055,161339,544,72939,457,82962,54,5438,436,17546,618,74289,491,91835,California
El Dorado, County,El Dorado County,5/19/2021,883,162222,391,73330,438,83400,54,5492,312,17347,564,74853,365,92200,California
El Dorado, County,El Dorado County,5/20/2021,1225,163447,692,74022,454,83854,79,5571,450,17100,773,75626,526,92726,California
El Dorado, County,El Dorado County,5/21/2021,2370,165817,1775,75797,555,84409,40,5611,815,16406,1549,77175,855,93581,California
El Dorado, County,El Dorado County,5/22/2021,718,166535,207,76004,474,84883,37,5648,224,16174,493,77668,261,93842,California
El Dorado, County,El Dorado County,5/23/2021,387,166922,133,76137,226,85109,28,5676,94,16006,290,77958,122,93964,California
El Dorado, County,El Dorado County,5/24/2021,919,167841,484,76621,366,85475,69,5745,332,15822,583,78541,399,94363,California
El Dorado, County,El Dorado County,5/25/2021,639,168480,279,76900,322,85797,38,5783,235,15694,400,78941,272,94635,California
El Dorado, County,El Dorado County,5/26/2021,826,169306,411,77311,392,86189,23,5806,284,15459,542,79483,307,94942,California
El Dorado, County,El Dorado County,5/27/2021,628,169934,249,77560,344,86533,35,5841,312,15490,315,79798,346,95288,California
El Dorado, County,El Dorado County,5/28/2021,756,170690,281,77841,410,86943,65,5906,319,15439,435,80233,384,95672,California
El Dorado, County,El Dorado County,5/29/2021,394,171084,112,77953,265,87208,17,5923,171,15406,221,80454,188,95860,California
El Dorado, County,El Dorado County,5/30/2021,173,171257,101,78054,58,87266,14,5937,82,15412,90,80544,96,95956,California
El Dorado, County,El Dorado County,5/31/2021,38,171295,12,78066,14,87280,12,5949,8,15402,30,80574,20,95976,California
El Dorado, County,El Dorado County,6/1/2021,695,171990,301,78367,354,87634,40,5989,237,15224,455,81029,277,96253,California
El Dorado, County,El Dorado County,6/2/2021,634,172624,306,78673,277,87911,51,6040,264,15171,368,81397,315,96568,California
El Dorado, County,El Dorado County,6/3/2021,735,173359,341,79014,351,88262,43,6083,177,14833,558,81955,220,96788,California
El Dorado, County,El Dorado County,6/4/2021,906,174265,544,79558,328,88590,34,6117,195,14353,709,82664,229,97017,California
El Dorado, County,El Dorado County,6/5/2021,391,174656,226,79784,153,88743,12,6129,81,14137,309,82973,93,97110,California
El Dorado, County,El Dorado County,6/6/2021,284,174940,198,79982,70,88813,16,6145,52,13973,231,83204,67,97177,California
El Dorado, County,El Dorado County,6/7/2021,793,175733,495,80477,258,89071,40,6185,171,13570,614,83818,211,97388,California
El Dorado, County,El Dorado County,6/8/2021,632,176365,383,80860,215,89286,34,6219,131,13236,498,84316,164,97552,California
El Dorado, County,El Dorado County,6/9/2021,466,176831,277,81137,164,89450,25,6244,110,13015,356,84672,135,97687,California
El Dorado, County,El Dorado County,6/10/2021,593,177424,370,81507,192,89642,31,6275,161,12777,430,85102,192,97879,California
El Dorado, County,El Dorado County,6/11/2021,659,178083,398,81905,217,89859,44,6319,129,12421,529,85631,173,98052,California
El Dorado, County,El Dorado County,6/12/2021,260,178343,152,82057,89,89948,19,6338,58,12296,202,85833,77,98129,California
El Dorado, County,El Dorado County,6/13/2021,162,178505,90,82147,54,90002,18,6356,32,12217,129,85962,50,98179,California
El Dorado, County,El Dorado County,6/14/2021,518,179023,364,82511,124,90126,30,6386,122,11973,396,86358,152,98331,California
El Dorado, County,El Dorado County,6/15/2021,466,179489,258,82769,171,90297,37,6423,123,11794,339,86697,160,98491,California
El Dorado, County,El Dorado County,6/16/2021,509,179998,359,83128,108,90405,42,6465,129,11587,378,87075,171,98662,California
El Dorado, County,El Dorado County,6/17/2021,436,180434,266,83394,137,90542,33,6498,137,11461,298,87373,172,98834,California
El Dorado, County,El Dorado County,6/18/2021,416,180850,271,83665,110,90652,35,6533,121,11323,294,87667,156,98990,California
El Dorado, County,El Dorado County,6/19/2021,248,181098,151,83816,83,90735,14,6547,90,11270,157,87824,104,99094,California
El Dorado, County,El Dorado County,6/20/2021,125,181223,91,83907,28,90763,6,6553,52,11255,73,87897,58,99152,California
El Dorado, County,El Dorado County,6/21/2021,323,181546,166,84073,131,90894,26,6579,121,11203,199,88096,147,99299,California
El Dorado, County,El Dorado County,6/22/2021,401,181947,258,84331,115,91009,28,6607,129,11089,271,88367,157,99456,California
El Dorado, County,El Dorado County,6/23/2021,426,182373,294,84625,110,91119,22,6629,135,10957,289,88656,157,99613,California
El Dorado, County,El Dorado County,6/24/2021,396,182769,244,84869,137,91256,15,6644,148,10872,248,88904,163,99776,California
El Dorado, County,El Dorado County,6/25/2021,354,183123,214,85083,101,91357,39,6683,137,10836,212,89116,176,99952,California
El Dorado, County,El Dorado County,6/26/2021,208,183331,122,85205,71,91428,15,6698,70,10785,137,89253,86,100038,California
El Dorado, County,El Dorado County,6/27/2021,119,183450,83,85288,30,91458,6,6704,54,10780,65,89318,60,100098,California
El Dorado, County,El Dorado County,6/28/2021,304,183754,215,85503,63,91521,26,6730,131,10765,172,89490,157,100255,California
El Dorado, County,El Dorado County,6/29/2021,297,184051,174,85677,102,91623,21,6751,120,10731,175,89665,141,100396,California
El Dorado, County,El Dorado County,6/30/2021,246,184297,174,85851,59,91682,13,6764,121,10741,124,89789,134,100530,California
El Dorado, County,El Dorado County,7/1/2021,235,184532,137,85988,82,91764,16,6780,90,10700,145,89934,104,100634,California
El Dorado, County,El Dorado County,7/2/2021,261,184793,165,86153,71,91835,25,6805,113,10691,147,90081,138,100772,California
El Dorado, County,El Dorado County,7/3/2021,100,184893,76,86229,19,91854,5,6810,47,10690,53,90134,52,100824,California
El Dorado, County,El Dorado County,7/4/2021,4,184897,0,86229,1,91855,3,6813,0,10689,4,90138,3,100827,California
El Dorado, County,El Dorado County,7/5/2021,159,185056,99,86328,53,91908,7,6820,87,10710,72,90210,93,100920,California
El Dorado, County,El Dorado County,7/6/2021,297,185353,189,86517,76,91984,32,6852,117,10681,178,90388,149,101069,California
El Dorado, County,El Dorado County,7/7/2021,265,185618,172,86689,78,92062,15,6867,123,10678,141,90529,138,101207,California
El Dorado, County,El Dorado County,7/8/2021,306,185924,177,86866,116,92178,13,6880,151,10688,153,90682,163,101370,California
El Dorado, County,El Dorado County,7/9/2021,288,186212,188,87054,78,92256,22,6902,113,10649,174,90856,135,101505,California
El Dorado, County,El Dorado County,7/10/2021,142,186354,105,87159,30,92286,7,6909,51,10617,90,90946,58,101563,California
El Dorado, County,El Dorado County,7/11/2021,90,186444,68,87227,13,92299,9,6918,30,10596,60,91006,39,101602,California
El Dorado, County,El Dorado County,7/12/2021,258,186702,181,87408,68,92367,9,6927,124,10595,134,91140,133,101735,California
El Dorado, County,El Dorado County,7/13/2021,314,187016,206,87614,83,92450,25,6952,136,10580,176,91316,161,101896,California
El Dorado, County,El Dorado County,7/14/2021,195,187211,116,87730,65,92515,14,6966,84,10569,107,91423,96,101992,California
El Dorado, County,El Dorado County,7/15/2021,324,187535,230,87960,81,92596,13,6979,168,10596,154,91577,181,102173,California
El Dorado, County,El Dorado County,7/16/2021,297,187832,201,88161,68,92664,28,7007,158,10644,138,91715,186,102359,California
El Dorado, County,El Dorado County,7/17/2021,117,187949,79,88240,30,92694,8,7015,48,10632,68,91783,56,102415,California
El Dorado, County,El Dorado County,7/18/2021,98,188047,71,88311,24,92718,3,7018,48,10634,49,91832,51,102466,California
El Dorado, County,El Dorado County,7/19/2021,302,188349,209,88520,85,92803,8,7026,149,10641,150,91982,157,102623,California
El Dorado, County,El Dorado County,7/20/2021,310,188659,196,88716,99,92902,15,7041,174,10698,132,92114,189,102812,California
El Dorado, County,El Dorado County,7/21/2021,267,188926,174,88890,81,92983,12,7053,125,10694,142,92256,138,102950,California
El Dorado, County,El Dorado County,7/22/2021,275,189201,180,89070,82,93065,13,7066,163,10758,112,92368,176,103126,California
El Dorado, County,El Dorado County,7/23/2021,316,189517,209,89279,89,93154,18,7084,182,10824,133,92501,199,103325,California
El Dorado, County,El Dorado County,7/24/2021,141,189658,95,89374,44,93198,2,7086,69,10824,71,92572,71,103396,California
El Dorado, County,El Dorado County,7/25/2021,91,189749,55,89429,28,93226,8,7094,59,10861,30,92602,67,103463,California
El Dorado, County,El Dorado County,7/26/2021,320,190069,216,89645,92,93318,12,7106,222,10998,97,92699,234,103697,California
El Dorado, County,El Dorado County,7/27/2021,398,190467,267,89912,103,93421,28,7134,249,11129,146,92845,277,103974,California
El Dorado, County,El Dorado County,7/28/2021,311,190778,192,90104,94,93515,25,7159,191,11227,118,92963,216,104190,California
El Dorado, County,El Dorado County,7/29/2021,340,191118,232,90336,88,93603,20,7179,216,11343,120,93083,236,104426,California
El Dorado, County,El Dorado County,7/30/2021,381,191499,247,90583,96,93699,38,7217,220,11444,157,93240,258,104684,California
El Dorado, County,El Dorado County,7/31/2021,172,191671,126,90709,35,93734,11,7228,113,11512,56,93296,124,104808,California
El Dorado, County,El Dorado County,8/1/2021,106,191777,78,90787,28,93762,0,7228,75,11556,31,93327,75,104883,California
El Dorado, County,El Dorado County,8/2/2021,346,192123,257,91044,75,93837,14,7242,223,11671,122,93449,237,105120,California
El Dorado, County,El Dorado County,8/3/2021,339,192462,224,91268,84,93921,31,7273,211,11785,128,93577,242,105362,California
El Dorado, County,El Dorado County,8/4/2021,344,192806,227,91495,96,94017,21,7294,233,11930,109,93686,254,105616,California
El Dorado, County,El Dorado County,8/5/2021,406,193212,268,91763,98,94115,40,7334,232,12028,173,93859,271,105887,California
El Dorado, County,El Dorado County,8/6/2021,434,193646,303,92066,97,94212,34,7368,271,12172,161,94020,305,106192,California
El Dorado, County,El Dorado County,8/7/2021,174,193820,136,92202,36,94248,2,7370,113,12232,55,94075,115,106307,California
El Dorado, County,El Dorado County,8/8/2021,87,193907,66,92268,19,94267,2,7372,58,12265,27,94102,60,106367,California
El Dorado, County,El Dorado County,8/9/2021,315,194222,217,92485,79,94346,19,7391,191,12353,122,94224,210,106577,California
El Dorado, County,El Dorado County,8/10/2021,206,194428,137,92622,39,94385,30,7421,116,12410,89,94313,146,106723,California
Fresno, County,Fresno County,12/15/2020,4,4,4,4,0,0,0,0,4,4,0,0,4,4,California
Fresno, County,Fresno County,12/16/2020,127,131,127,131,0,0,0,0,127,131,0,0,127,131,California
Fresno, County,Fresno County,12/17/2020,123,254,123,254,0,0,0,0,123,254,0,0,123,254,California
Fresno, County,Fresno County,12/18/2020,352,606,351,605,1,1,0,0,352,606,0,0,352,606,California
Fresno, County,Fresno County,12/19/2020,162,768,162,767,0,1,0,0,162,768,0,0,162,768,California
Fresno, County,Fresno County,12/20/2020,257,1025,254,1021,3,4,0,0,257,1025,0,0,257,1025,California
Fresno, County,Fresno County,12/21/2020,933,1958,931,1952,2,6,0,0,962,1987,0,0,962,1987,California
Fresno, County,Fresno County,12/22/2020,906,2864,873,2825,33,39,0,0,910,2897,0,0,910,2897,California
Fresno, County,Fresno County,12/23/2020,1098,3962,1049,3874,49,88,0,0,1099,3996,0,0,1099,3996,California
Fresno, County,Fresno County,12/24/2020,593,4555,567,4441,26,114,0,0,593,4589,0,0,593,4589,California
Fresno, County,Fresno County,12/25/2020,3,4558,1,4442,2,116,0,0,3,4592,0,0,3,4592,California
Fresno, County,Fresno County,12/26/2020,723,5281,713,5155,10,126,0,0,723,5315,0,0,723,5315,California
Fresno, County,Fresno County,12/27/2020,308,5589,209,5364,99,225,0,0,308,5623,0,0,308,5623,California
Fresno, County,Fresno County,12/28/2020,1099,6688,802,6166,297,522,0,0,1099,6722,0,0,1099,6722,California
Fresno, County,Fresno County,12/29/2020,1761,8449,995,7161,766,1288,0,0,1760,8482,0,0,1760,8482,California
Fresno, County,Fresno County,12/30/2020,987,9436,444,7605,543,1831,0,0,986,9467,1,1,986,9468,California
Fresno, County,Fresno County,12/31/2020,924,10360,309,7914,615,2446,0,0,924,10391,0,1,924,10392,California
Fresno, County,Fresno County,1/1/2021,9,10369,3,7917,6,2452,0,0,9,10400,0,1,9,10401,California
Fresno, County,Fresno County,1/2/2021,1026,11395,711,8628,315,2767,0,0,1026,11426,0,1,1026,11427,California
Fresno, County,Fresno County,1/3/2021,156,11551,129,8757,27,2794,0,0,156,11582,0,1,156,11583,California
Fresno, County,Fresno County,1/4/2021,627,12178,376,9133,251,3045,0,0,627,12209,0,1,627,12210,California
Fresno, County,Fresno County,1/5/2021,792,12970,313,9446,479,3524,0,0,717,12852,75,76,718,12928,California
Fresno, County,Fresno County,1/6/2021,1000,13970,351,9797,649,4173,0,0,824,13500,176,252,824,13752,California
Fresno, County,Fresno County,1/7/2021,1922,15892,923,10720,999,5172,0,0,1666,14913,256,508,1669,15421,California
Fresno, County,Fresno County,1/8/2021,1796,17688,616,11336,1180,6352,0,0,1429,15979,365,873,1431,16852,California
Fresno, County,Fresno County,1/9/2021,639,18327,391,11727,248,6600,0,0,361,16062,278,1151,361,17213,California
Fresno, County,Fresno County,1/10/2021,513,18840,483,12210,30,6630,0,0,201,15951,312,1463,201,17414,California
Fresno, County,Fresno County,1/11/2021,2235,21075,1817,14027,418,7048,0,0,1537,16793,699,2162,1541,18955,California
Fresno, County,Fresno County,1/12/2021,2537,23612,1830,15857,707,7755,0,0,1682,17620,857,3019,1684,20639,California
Fresno, County,Fresno County,1/13/2021,3585,27197,2443,18300,1142,8897,0,0,2723,19484,862,3881,2726,23365,California
Fresno, County,Fresno County,1/14/2021,4178,31375,2204,20504,1974,10871,0,0,3704,22715,473,4354,3704,27069,California
Fresno, County,Fresno County,1/15/2021,3685,35060,2540,23044,1145,12016,0,0,3326,25686,359,4713,3330,30399,California
Fresno, County,Fresno County,1/16/2021,3141,38201,2308,25352,833,12849,0,0,2671,27889,470,5183,2673,33072,California
Fresno, County,Fresno County,1/17/2021,976,39177,556,25908,420,13269,0,0,777,28467,199,5382,777,33849,California
Fresno, County,Fresno County,1/18/2021,3086,42263,2371,28279,715,13984,0,0,2428,30240,657,6039,2430,36279,California
Fresno, County,Fresno County,1/19/2021,4360,46623,2556,30835,1804,15788,0,0,3696,33275,664,6703,3699,39978,California
Fresno, County,Fresno County,1/20/2021,3059,49682,1231,32066,1828,17616,0,0,2740,35704,314,7017,2743,42721,California
Fresno, County,Fresno County,1/21/2021,4440,54122,2080,34146,2360,19976,0,0,4074,39441,343,7360,4080,46801,California
Fresno, County,Fresno County,1/22/2021,3330,57452,1354,35500,1976,21952,0,0,2945,42019,368,7728,2946,49747,California
Fresno, County,Fresno County,1/23/2021,3058,60510,1979,37479,1079,23031,0,0,2334,43634,724,8452,2339,52086,California
Fresno, County,Fresno County,1/24/2021,565,61075,380,37859,185,23216,0,0,354,43779,211,8663,356,52442,California
Fresno, County,Fresno County,1/25/2021,2439,63514,861,38720,1578,24794,0,0,1855,45053,584,9247,1858,54300,California
Fresno, County,Fresno County,1/26/2021,2100,65614,606,39326,1494,26288,0,0,1333,45622,765,10012,1334,55634,California
Fresno, County,Fresno County,1/27/2021,2414,68028,1242,40568,1172,27460,0,0,1733,46690,676,10688,1744,57378,California
Fresno, County,Fresno County,1/28/2021,4573,72601,3070,43638,1503,28963,0,0,3473,49070,1096,11784,3476,60854,California
Fresno, County,Fresno County,1/29/2021,1679,74280,954,44592,725,29688,0,0,1372,50141,302,12086,1373,62227,California
Fresno, County,Fresno County,1/30/2021,1422,75702,524,45116,898,30586,0,0,1003,50725,419,12505,1003,63230,California
Fresno, County,Fresno County,1/31/2021,228,75930,216,45332,12,30598,0,0,74,50645,154,12659,74,63304,California
Fresno, County,Fresno County,2/1/2021,3360,79290,1662,46994,1698,32296,0,0,1761,50821,1597,14256,1773,65077,California
Fresno, County,Fresno County,2/2/2021,2757,82047,566,47560,2191,34487,0,0,1586,51268,1155,15411,1602,66679,California
Fresno, County,Fresno County,2/3/2021,3585,85632,2116,49676,1469,35956,0,0,1541,50781,2029,17440,1542,68221,California
Fresno, County,Fresno County,2/4/2021,4236,89868,1914,51590,2322,38278,0,0,1925,50430,2281,19721,1930,70151,California
Fresno, County,Fresno County,2/5/2021,5358,95226,2729,54319,2629,40907,0,0,2297,49677,3054,22775,2301,72452,California
Fresno, County,Fresno County,2/6/2021,2931,98157,2040,56359,891,41798,0,0,959,48672,1965,24740,960,73412,California
Fresno, County,Fresno County,2/7/2021,465,98622,282,56641,183,41981,0,0,265,48738,199,24939,265,73677,California
Fresno, County,Fresno County,2/8/2021,4297,102919,2289,58930,2008,43989,0,0,1819,48102,2464,27403,1828,75505,California
Fresno, County,Fresno County,2/9/2021,5345,108264,2090,61020,3255,47244,0,0,3117,49078,2150,29553,3126,78631,California
Fresno, County,Fresno County,2/10/2021,3905,112169,1234,62254,2671,49915,0,0,1957,49155,1892,31445,1969,80600,California
Fresno, County,Fresno County,2/11/2021,6480,118649,2093,64347,4387,54302,0,0,3314,49326,3148,34593,3319,83919,California
Fresno, County,Fresno County,2/12/2021,5451,124100,1392,65739,4059,58361,0,0,2726,49356,2706,37299,2736,86655,California
Fresno, County,Fresno County,2/13/2021,3762,127862,1576,67315,2186,60547,0,0,2089,49790,1660,38959,2094,88749,California
Fresno, County,Fresno County,2/14/2021,1581,129443,290,67605,1291,61838,0,0,846,49906,732,39691,848,89597,California
Fresno, County,Fresno County,2/15/2021,2904,132347,274,67879,2630,64468,0,0,1801,50612,1099,40790,1805,91402,California
Fresno, County,Fresno County,2/16/2021,6762,139109,2419,70298,4343,68811,0,0,4236,52349,2505,43295,4242,95644,California
Fresno, County,Fresno County,2/17/2021,5360,144469,2477,72775,2883,71694,0,0,2983,53001,2335,45630,2987,98631,California
Fresno, County,Fresno County,2/18/2021,6933,151402,2936,75711,3997,75691,0,0,2583,51288,4307,49937,2594,101225,California
Fresno, County,Fresno County,2/19/2021,3979,155381,1138,76849,2841,78532,0,0,1838,51002,2127,52064,1841,103066,California
Fresno, County,Fresno County,2/20/2021,4648,160029,2550,79399,2098,80630,0,0,3126,52621,1514,53578,3133,106199,California
Fresno, County,Fresno County,2/21/2021,207,160236,187,79586,20,80650,0,0,133,52695,59,53637,133,106332,California
Fresno, County,Fresno County,2/22/2021,2345,162581,1052,80638,1293,81943,0,0,1280,52924,1054,54691,1283,107615,California
Fresno, County,Fresno County,2/23/2021,4800,167381,2332,82970,2468,84411,0,0,3887,55914,899,55590,3889,111504,California
Fresno, County,Fresno County,2/24/2021,4328,171709,1548,84518,2780,87191,0,0,3519,58643,794,56384,3523,115027,California
Fresno, County,Fresno County,2/25/2021,8921,180630,3834,88352,5087,92278,0,0,7353,64505,1499,57883,7361,122388,California
Fresno, County,Fresno County,2/26/2021,9346,189976,3845,92197,5501,97779,0,0,7954,71100,1364,59247,7959,130347,California
Fresno, County,Fresno County,2/27/2021,7534,197510,3246,95443,4287,102066,1,1,6784,77158,732,59979,6790,137137,California
Fresno, County,Fresno County,2/28/2021,1716,199226,550,95993,1166,103232,0,1,1611,78682,88,60067,1612,138749,California
Fresno, County,Fresno County,3/1/2021,5252,204478,1388,97381,3863,107095,1,2,3800,81055,1432,61499,3805,142554,California
Fresno, County,Fresno County,3/2/2021,10031,214509,3455,100836,6576,113671,0,2,8600,88277,1406,62905,8628,151182,California
Fresno, County,Fresno County,3/3/2021,7154,221663,1810,102646,5342,119013,2,4,6118,93486,1022,63927,6231,157413,California
Fresno, County,Fresno County,3/4/2021,10637,232300,4174,106820,6463,125476,0,4,8846,100580,1763,65690,8857,166270,California
Fresno, County,Fresno County,3/5/2021,9634,241934,3747,110567,5885,131361,2,6,8303,107763,1197,66887,8380,174650,California
Fresno, County,Fresno County,3/6/2021,7134,249068,3982,114549,3033,134394,119,125,6125,113014,998,67885,6249,180899,California
Fresno, County,Fresno County,3/7/2021,1564,250632,692,115241,790,135184,82,207,1290,114116,271,68156,1373,182272,California
Fresno, County,Fresno County,3/8/2021,5374,256006,2068,117309,3140,138324,166,373,4061,117055,1300,69456,4239,186511,California
Fresno, County,Fresno County,3/9/2021,8693,264699,3810,121119,4608,142932,275,648,4679,118056,3991,73447,4992,191503,California
Fresno, County,Fresno County,3/10/2021,6890,271589,2883,124002,3617,146549,390,1038,5366,122305,1514,74961,5763,197266,California
Fresno, County,Fresno County,3/11/2021,11612,283201,4596,128598,6465,153014,551,1589,6303,123951,5282,80243,6928,204194,California
Fresno, County,Fresno County,3/12/2021,12082,295283,5162,133760,6490,159504,430,2019,9062,130585,2996,83239,9630,213824,California
Fresno, County,Fresno County,3/13/2021,8347,303630,4071,137831,3258,162762,1018,3037,3999,131353,4323,87562,5091,218915,California
Fresno, County,Fresno County,3/14/2021,1786,305416,484,138315,1013,163775,289,3326,678,131224,1096,88658,967,219882,California
Fresno, County,Fresno County,3/15/2021,7147,312563,3184,141499,3788,167563,175,3501,4927,134325,2204,90862,5305,225187,California
Fresno, County,Fresno County,3/16/2021,10229,322792,4555,146054,5284,172847,390,3891,5397,135409,4799,95661,5883,231070,California
Fresno, County,Fresno County,3/17/2021,8757,331549,3995,150049,4050,176897,712,4603,5915,139630,2816,98477,7037,238107,California
Fresno, County,Fresno County,3/18/2021,12592,344141,6826,156875,5089,181986,677,5280,7019,142298,5523,104000,8191,246298,California
Fresno, County,Fresno County,3/19/2021,11277,355418,5987,162862,4675,186661,615,5895,6875,145799,4366,108366,7867,254165,California
Fresno, County,Fresno County,3/20/2021,7687,363105,4664,167526,2697,189358,326,6221,3751,146285,3909,112275,4395,258560,California
Fresno, County,Fresno County,3/21/2021,1860,364965,1264,168790,217,189575,379,6600,1014,146841,839,113114,1395,259955,California
Fresno, County,Fresno County,3/22/2021,5736,370701,2947,171737,2190,191765,599,7199,3797,149559,1919,115033,4637,264592,California
Fresno, County,Fresno County,3/23/2021,10709,381410,5373,177110,4828,196593,508,7707,5076,149986,5606,120639,6033,270625,California
Fresno, County,Fresno County,3/24/2021,8933,390343,3868,180978,4231,200824,834,8541,4946,151868,3947,124586,5829,276454,California
Fresno, County,Fresno County,3/25/2021,12296,402639,5722,186700,5751,206575,823,9364,4701,149936,7538,132124,5606,282060,California
Fresno, County,Fresno County,3/26/2021,12309,414948,5488,192188,6171,212746,650,10014,4322,147005,7926,140050,4995,287055,California
Fresno, County,Fresno County,3/27/2021,10174,425122,4882,197070,4210,216956,1082,11096,2888,143736,7242,147292,3973,291028,California
Fresno, County,Fresno County,3/28/2021,3444,428566,1331,198401,1414,218370,699,11795,1088,143628,2343,149635,2235,293263,California
Fresno, County,Fresno County,3/29/2021,6021,434587,2025,200426,3457,221827,539,12334,2849,143884,3144,152779,3400,296663,California
Fresno, County,Fresno County,3/30/2021,11041,445628,4290,204716,5844,227671,907,13241,3753,141294,7249,160028,4659,301322,California
Fresno, County,Fresno County,3/31/2021,9764,455392,3411,208127,5335,233006,1018,14259,3632,139855,6081,166109,4642,305964,California
Fresno, County,Fresno County,4/1/2021,12257,467649,4213,212340,7181,240187,863,15122,3965,136451,8185,174294,4781,310745,California
Fresno, County,Fresno County,4/2/2021,12148,479797,4647,216987,6708,246895,793,15915,4106,133460,7892,182186,4901,315646,California
Fresno, County,Fresno County,4/3/2021,6448,486245,3536,220523,2643,249538,269,16184,2126,131589,4300,186486,2429,318075,California
Fresno, County,Fresno County,4/4/2021,1512,487757,540,221063,925,250463,47,16231,544,131223,957,187443,591,318666,California
Fresno, County,Fresno County,4/5/2021,8385,496142,4501,225564,3070,253533,814,17045,2443,128625,5922,193365,3324,321990,California
Fresno, County,Fresno County,4/6/2021,9731,505873,4069,229633,4454,257987,1208,18253,3562,127282,6128,199493,4785,326775,California
Fresno, County,Fresno County,4/7/2021,10665,516538,5507,235140,3920,261907,1238,19491,3546,125019,7069,206562,4806,331581,California
Fresno, County,Fresno County,4/8/2021,11064,527602,5238,240378,4651,266558,1175,20666,3491,122208,7513,214075,4702,336283,California
Fresno, County,Fresno County,4/9/2021,11812,539414,5519,245897,4875,271433,1418,22084,3704,119290,8057,222132,5139,341422,California
Fresno, County,Fresno County,4/10/2021,7934,547348,5185,251082,2226,273659,523,22607,3679,119255,4234,226366,4199,345621,California
Fresno, County,Fresno County,4/11/2021,1404,548752,943,252025,369,274028,92,22699,444,118840,952,227318,537,346158,California
Fresno, County,Fresno County,4/12/2021,7657,556409,4129,256154,2573,276601,955,23654,2455,117079,5170,232488,3409,349567,California
Fresno, County,Fresno County,4/13/2021,9076,565485,4337,260491,4669,281270,70,23724,3531,115274,5502,237990,3697,353264,California
Fresno, County,Fresno County,4/14/2021,9769,575254,5823,266314,3945,285215,1,23725,3785,113169,5938,243928,3833,357097,California
Fresno, County,Fresno County,4/15/2021,8487,583741,4221,270535,4263,289478,3,23728,3145,111009,5310,249238,3150,360247,California
Fresno, County,Fresno County,4/16/2021,9644,593385,4695,275230,4947,294425,2,23730,3924,109269,5672,254910,3932,364179,California
Fresno, County,Fresno County,4/17/2021,5678,599063,3790,279020,1888,296313,0,23730,2666,108952,2985,257895,2668,366847,California
Fresno, County,Fresno County,4/18/2021,1170,600233,685,279705,485,296798,0,23730,525,108837,640,258535,525,367372,California
Fresno, County,Fresno County,4/19/2021,5823,606056,3248,282953,2572,299370,3,23733,2245,107553,3535,262070,2251,369623,California
Fresno, County,Fresno County,4/20/2021,7212,613268,3681,286634,3523,302893,8,23741,2659,105696,4523,266593,2666,372289,California
Fresno, County,Fresno County,4/21/2021,7105,620373,4223,290857,2873,305766,9,23750,2877,104406,4179,270772,2889,375178,California
Fresno, County,Fresno County,4/22/2021,6637,627010,3398,294255,3238,309004,1,23751,2428,102700,4138,274910,2432,377610,California
Fresno, County,Fresno County,4/23/2021,7457,634467,4114,298369,3326,312330,17,23768,2842,101029,4518,279428,2847,380457,California
Fresno, County,Fresno County,4/24/2021,4233,638700,2536,300905,1697,314027,0,23768,1921,100666,2284,281712,1921,382378,California
Fresno, County,Fresno County,4/25/2021,1390,640090,562,301467,825,314852,3,23771,693,100673,689,282401,696,383074,California
Fresno, County,Fresno County,4/26/2021,4395,644485,2261,303728,2088,316940,46,23817,1852,100063,2507,284908,1897,384971,California
Fresno, County,Fresno County,4/27/2021,4966,649451,2557,306285,2283,319223,126,23943,1942,99134,2995,287903,2066,387037,California
Fresno, County,Fresno County,4/28/2021,4966,654417,2842,309127,1994,321217,130,24073,2090,98508,2847,290750,2221,389258,California
Fresno, County,Fresno County,4/29/2021,4971,659388,2795,311922,2039,323256,137,24210,1896,97497,3040,293790,2029,391287,California
Fresno, County,Fresno County,4/30/2021,5625,665013,3458,315380,2034,325290,133,24343,2258,96559,3328,297118,2390,393677,California
Fresno, County,Fresno County,5/1/2021,4223,669236,3465,318845,621,325911,137,24480,1258,95013,2940,300058,1394,395071,California
Fresno, County,Fresno County,5/2/2021,1273,670509,790,319635,430,326341,53,24533,632,95066,629,300687,682,395753,California
Fresno, County,Fresno County,5/3/2021,4157,674666,2775,322410,1186,327527,196,24729,1330,93791,2796,303483,1521,397274,California
Fresno, County,Fresno County,5/4/2021,5021,679687,2660,325070,2208,329735,153,24882,1590,92134,3402,306885,1745,399019,California
Fresno, County,Fresno County,5/5/2021,5454,685141,3469,328539,1758,331493,227,25109,1697,90329,3725,310610,1920,400939,California
Fresno, County,Fresno County,5/6/2021,4593,689734,2993,331532,1497,332990,103,25212,1578,89030,2980,313590,1681,402620,California
Fresno, County,Fresno County,5/7/2021,5191,694925,3448,334980,1577,334567,166,25378,1602,87231,3563,317153,1764,404384,California
Fresno, County,Fresno County,5/8/2021,4139,699064,2696,337676,1292,335859,151,25529,1282,85836,2828,319981,1433,405817,California
Fresno, County,Fresno County,5/9/2021,721,699785,390,338066,286,336145,45,25574,350,85866,365,320346,395,406212,California
Fresno, County,Fresno County,5/10/2021,3020,702805,1620,339686,1257,337402,143,25717,938,84876,2071,322417,1081,407293,California
Fresno, County,Fresno County,5/11/2021,3979,706784,2125,341811,1758,339160,96,25813,1285,83579,2678,325095,1381,408674,California
Fresno, County,Fresno County,5/12/2021,4210,710994,2741,344552,1306,340466,163,25976,1417,82399,2761,327856,1581,410255,California
Fresno, County,Fresno County,5/13/2021,4225,715219,2474,347026,1648,342114,103,26079,1883,82085,2301,330157,1987,412242,California
Fresno, County,Fresno County,5/14/2021,5185,720404,3130,350156,1870,343984,185,26264,2184,81490,2965,333122,2370,414612,California
Fresno, County,Fresno County,5/15/2021,3681,724085,2766,352922,782,344766,133,26397,1883,81720,1783,334905,2013,416625,California
Fresno, County,Fresno County,5/16/2021,1600,725685,1092,354014,474,345240,34,26431,921,82004,672,335577,956,417581,California
Fresno, County,Fresno County,5/17/2021,4236,729921,2866,356880,1210,346450,160,26591,2236,82429,1969,337546,2394,419975,California
Fresno, County,Fresno County,5/18/2021,4141,734062,2562,359442,1425,347875,154,26745,2082,82630,2032,339578,2233,422208,California
Fresno, County,Fresno County,5/19/2021,4380,738442,2780,362222,1426,349301,174,26919,2072,82593,2284,341862,2247,424455,California
Fresno, County,Fresno County,5/20/2021,4177,742619,2508,364730,1479,350780,190,27109,1915,82457,2239,344101,2103,426558,California
Fresno, County,Fresno County,5/21/2021,4694,747313,3087,367817,1511,352291,96,27205,2117,82124,2543,346644,2210,428768,California
Fresno, County,Fresno County,5/22/2021,4017,751330,2981,370798,861,353152,175,27380,2307,82912,1692,348336,2480,431248,California
Fresno, County,Fresno County,5/23/2021,1025,752355,693,371491,302,353454,30,27410,528,82983,487,348823,558,431806,California
Fresno, County,Fresno County,5/24/2021,3329,755684,2121,373612,1091,354545,117,27527,1542,82878,1763,350586,1658,433464,California
Fresno, County,Fresno County,5/25/2021,3231,758915,1935,375547,1171,355716,125,27652,1354,82492,1864,352450,1478,434942,California
Fresno, County,Fresno County,5/26/2021,3256,762171,2147,377694,1001,356717,108,27760,1570,82504,1665,354115,1677,436619,California
Fresno, County,Fresno County,5/27/2021,3167,765338,1928,379622,1132,357849,107,27867,1320,82111,1822,355937,1429,438048,California
Fresno, County,Fresno County,5/28/2021,3456,768794,2221,381843,1140,358989,95,27962,1867,82510,1562,357499,1961,440009,California
Fresno, County,Fresno County,5/29/2021,2295,771089,1667,383510,557,359546,71,28033,1189,82675,1096,358595,1261,441270,California
Fresno, County,Fresno County,5/30/2021,906,771995,545,384055,325,359871,36,28069,420,82662,468,359063,455,441725,California
Fresno, County,Fresno County,5/31/2021,323,772318,160,384215,152,360023,11,28080,134,82622,183,359246,143,441868,California
Fresno, County,Fresno County,6/1/2021,3034,775352,1823,386038,1112,361135,99,28179,1140,81989,1870,361116,1237,443105,California
Fresno, County,Fresno County,6/2/2021,2669,778021,1718,387756,862,361997,89,28268,1059,81562,1577,362693,1150,444255,California
Fresno, County,Fresno County,6/3/2021,2981,781002,2041,389797,838,362835,102,28370,1115,80932,1845,364538,1215,445470,California
Fresno, County,Fresno County,6/4/2021,3261,784263,2359,392156,799,363634,103,28473,1071,79943,2164,366702,1175,446645,California
Fresno, County,Fresno County,6/5/2021,3141,787404,2322,394478,696,364330,123,28596,1225,79399,1890,368592,1346,447991,California
Fresno, County,Fresno County,6/6/2021,1189,788593,943,395421,208,364538,38,28634,347,78949,836,369428,386,448377,California
Fresno, County,Fresno County,6/7/2021,3117,791710,2443,397864,583,365121,91,28725,890,77726,2204,371632,981,449358,California
Fresno, County,Fresno County,6/8/2021,2778,794488,2041,399905,651,365772,86,28811,810,76666,1955,373587,895,450253,California
Fresno, County,Fresno County,6/9/2021,2965,797453,2210,402115,656,366428,99,28910,977,75771,1969,375556,1074,451327,California
Fresno, County,Fresno County,6/10/2021,2678,800131,1947,404062,659,367087,72,28982,911,75009,1744,377300,982,452309,California
Fresno, County,Fresno County,6/11/2021,3234,803365,2276,406338,846,367933,112,29094,1181,74284,2017,379317,1292,453601,California
Fresno, County,Fresno County,6/12/2021,2914,806279,2306,408644,443,368376,165,29259,777,73098,2123,381440,937,454538,California
Fresno, County,Fresno County,6/13/2021,716,806995,462,409106,237,368613,17,29276,190,72783,522,381962,207,454745,California
Fresno, County,Fresno County,6/14/2021,2544,809539,1847,410953,564,369177,133,29409,960,72313,1561,383523,1091,455836,California
Fresno, County,Fresno County,6/15/2021,2394,811933,1714,412667,599,369776,81,29490,947,71907,1431,384954,1025,456861,California
Fresno, County,Fresno County,6/16/2021,2648,814581,1896,414563,639,370415,113,29603,1043,71470,1591,386545,1154,458015,California
Fresno, County,Fresno County,6/17/2021,2276,816857,1591,416154,591,371006,94,29697,953,71208,1307,387852,1045,459060,California
Fresno, County,Fresno County,6/18/2021,3025,819882,2167,418321,740,371746,118,29815,1206,70730,1802,389654,1324,460384,California
Fresno, County,Fresno County,6/19/2021,1695,821577,1252,419573,367,372113,76,29891,582,70277,1109,390763,656,461040,California
Fresno, County,Fresno County,6/20/2021,502,822079,353,419926,138,372251,11,29902,193,70180,301,391064,204,461244,California
Fresno, County,Fresno County,6/21/2021,1644,823723,1093,421019,485,372736,66,29968,947,70509,684,391748,1013,462257,California
Fresno, County,Fresno County,6/22/2021,2190,825913,1514,422533,566,373302,110,30078,1021,70482,1155,392903,1128,463385,California
Fresno, County,Fresno County,6/23/2021,2070,827983,1481,424014,522,373824,67,30145,1020,70535,1032,393935,1085,464470,California
Fresno, County,Fresno County,6/24/2021,2021,830004,1431,425445,514,374338,76,30221,907,70421,1096,395031,982,465452,California
Fresno, County,Fresno County,6/25/2021,2070,832074,1437,426882,549,374887,84,30305,975,70405,1075,396106,1059,466511,California
Fresno, County,Fresno County,6/26/2021,1837,833911,1423,428305,314,375201,100,30405,717,70107,1115,397221,817,467328,California
Fresno, County,Fresno County,6/27/2021,914,834825,675,428980,140,375341,99,30504,464,70222,445,397666,560,467888,California
Fresno, County,Fresno County,6/28/2021,1637,836462,1240,430220,300,375641,97,30601,729,70147,898,398564,823,468711,California
Fresno, County,Fresno County,6/29/2021,1796,838258,1188,431408,524,376165,84,30685,804,70050,984,399548,887,469598,California
Fresno, County,Fresno County,6/30/2021,1735,839993,1184,432592,461,376626,90,30775,756,69932,964,400512,846,470444,California
Fresno, County,Fresno County,7/1/2021,1604,841597,1165,433757,373,376999,66,30841,697,69798,895,401407,761,471205,California
Fresno, County,Fresno County,7/2/2021,1722,843319,1227,434984,428,377427,67,30908,822,69795,890,402297,887,472092,California
Fresno, County,Fresno County,7/3/2021,1077,844396,793,435777,254,377681,30,30938,533,69825,533,402830,563,472655,California
Fresno, County,Fresno County,7/4/2021,87,844483,28,435805,53,377734,6,30944,33,69810,54,402884,39,472694,California
Fresno, County,Fresno County,7/5/2021,1017,845500,731,436536,245,377979,41,30985,451,69739,562,403446,491,473185,California
Fresno, County,Fresno County,7/6/2021,2055,847555,1432,437968,535,378514,88,31073,820,69436,1210,404656,907,474092,California
Fresno, County,Fresno County,7/7/2021,1798,849353,1364,439332,363,378877,71,31144,786,69292,999,405655,855,474947,California
Fresno, County,Fresno County,7/8/2021,1763,851116,1151,440483,491,379368,121,31265,752,69164,999,406654,871,475818,California
Fresno, County,Fresno County,7/9/2021,2085,853201,1516,441999,483,379851,86,31351,916,69011,1155,407809,1002,476820,California
Fresno, County,Fresno County,7/10/2021,1176,854377,827,442826,266,380117,83,31434,470,68868,696,408505,553,477373,California
Fresno, County,Fresno County,7/11/2021,480,854857,354,443180,116,380233,10,31444,247,68899,226,408731,257,477630,California
Fresno, County,Fresno County,7/12/2021,1658,856515,1257,444437,335,380568,66,31510,719,68756,927,409658,784,478414,California
Fresno, County,Fresno County,7/13/2021,1614,858129,1151,445588,428,380996,35,31545,669,68529,933,410591,706,479120,California
Fresno, County,Fresno County,7/14/2021,1904,860033,1374,446962,464,381460,66,31611,824,68354,1065,411656,890,480010,California
Fresno, County,Fresno County,7/15/2021,1552,861585,1089,448051,429,381889,34,31645,785,68415,758,412414,819,480829,California
Fresno, County,Fresno County,7/16/2021,2110,863695,1496,449547,540,382429,74,31719,1004,68401,1092,413506,1078,481907,California
Fresno, County,Fresno County,7/17/2021,1335,865030,1004,450551,279,382708,52,31771,630,68394,689,414195,682,482589,California
Fresno, County,Fresno County,7/18/2021,625,865655,496,451047,122,382830,7,31778,324,68431,293,414488,330,482919,California
Fresno, County,Fresno County,7/19/2021,1777,867432,1349,452396,358,383188,70,31848,924,68582,844,415332,995,483914,California
Fresno, County,Fresno County,7/20/2021,1772,869204,1230,453626,490,383678,52,31900,933,68747,821,416153,986,484900,California
Fresno, County,Fresno County,7/21/2021,1896,871100,1393,455019,451,384129,52,31952,1053,69033,819,416972,1105,486005,California
Fresno, County,Fresno County,7/22/2021,1784,872884,1278,456297,445,384574,61,32013,1039,69412,718,417690,1097,487102,California
Fresno, County,Fresno County,7/23/2021,2277,875161,1663,457960,539,385113,75,32088,1324,69871,938,418628,1397,488499,California
Fresno, County,Fresno County,7/24/2021,1280,876441,945,458905,307,385420,28,32116,773,70175,496,419124,800,489299,California
Fresno, County,Fresno County,7/25/2021,537,876978,385,459290,150,385570,2,32118,416,70474,119,419243,418,489717,California
Fresno, County,Fresno County,7/26/2021,1849,878827,1393,460683,405,385975,51,32169,1200,71084,639,419882,1249,490966,California
Fresno, County,Fresno County,7/27/2021,1884,880711,1305,461988,536,386511,43,32212,1148,71546,728,420610,1190,492156,California
Fresno, County,Fresno County,7/28/2021,2385,883096,1759,463747,557,387068,69,32281,1479,72203,887,421497,1544,493700,California
Fresno, County,Fresno County,7/29/2021,2052,885148,1484,465231,515,387583,53,32334,1275,72772,759,422256,1328,495028,California
Fresno, County,Fresno County,7/30/2021,2611,887759,1937,467168,603,388186,71,32405,1666,73581,927,423183,1736,496764,California
Fresno, County,Fresno County,7/31/2021,1434,889193,1029,468197,364,388550,41,32446,916,74036,503,423686,958,497722,California
Fresno, County,Fresno County,8/1/2021,799,889992,634,468831,159,388709,6,32452,571,74387,226,423912,577,498299,California
Fresno, County,Fresno County,8/2/2021,2197,892189,1689,470520,442,389151,66,32518,1461,75190,723,424635,1526,499825,California
Fresno, County,Fresno County,8/3/2021,2229,894418,1643,472163,555,389706,31,32549,1498,76017,701,425336,1528,501353,California
Fresno, County,Fresno County,8/4/2021,2437,896855,1801,473964,524,390230,112,32661,1619,76946,800,426136,1729,503082,California
Fresno, County,Fresno County,8/5/2021,2339,899194,1754,475718,521,390751,64,32725,1568,77816,757,426893,1627,504709,California
Fresno, County,Fresno County,8/6/2021,2880,902074,2193,477911,616,391367,71,32796,1894,78818,963,427856,1965,506674,California
Fresno, County,Fresno County,8/7/2021,1649,903723,1226,479137,360,391727,63,32859,1096,79438,539,428395,1159,507833,California
Fresno, County,Fresno County,8/8/2021,851,904574,568,479705,256,391983,27,32886,564,79749,280,428675,591,508424,California
Fresno, County,Fresno County,8/9/2021,2087,906661,1474,481179,559,392542,54,32940,1430,80592,639,429314,1482,509906,California
Fresno, County,Fresno County,8/10/2021,1178,907839,926,482105,198,392740,54,32994,841,81159,327,429641,894,510800,California
Glenn, County,Glenn County,12/15/2020,0,0,0,0,0,0,0,0,0,0,0,0,0,0,California
Glenn, County,Glenn County,12/16/2020,0,0,0,0,0,0,0,0,0,0,0,0,0,0,California
Glenn, County,Glenn County,12/17/2020,1,1,1,1,0,0,0,0,1,1,0,0,1,1,California
Glenn, County,Glenn County,12/18/2020,0,1,0,1,0,0,0,0,0,1,0,0,0,1,California
Glenn, County,Glenn County,12/19/2020,0,1,0,1,0,0,0,0,0,1,0,0,0,1,California
Glenn, County,Glenn County,12/20/2020,1,2,1,2,0,0,0,0,1,2,0,0,1,2,California
Glenn, County,Glenn County,12/21/2020,10,12,10,12,0,0,0,0,10,12,0,0,10,12,California
Glenn, County,Glenn County,12/22/2020,59,71,59,71,0,0,0,0,59,71,0,0,59,71,California
Glenn, County,Glenn County,12/23/2020,28,99,28,99,0,0,0,0,28,99,0,0,28,99,California
Glenn, County,Glenn County,12/24/2020,10,109,10,109,0,0,0,0,10,109,0,0,10,109,California
Glenn, County,Glenn County,12/25/2020,0,109,0,109,0,0,0,0,0,109,0,0,0,109,California
Glenn, County,Glenn County,12/26/2020,2,111,2,111,0,0,0,0,2,111,0,0,2,111,California
Glenn, County,Glenn County,12/27/2020,4,115,4,115,0,0,0,0,4,115,0,0,4,115,California
Glenn, County,Glenn County,12/28/2020,21,136,21,136,0,0,0,0,21,136,0,0,21,136,California
Glenn, County,Glenn County,12/29/2020,82,218,82,218,0,0,0,0,82,218,0,0,82,218,California
Glenn, County,Glenn County,12/30/2020,127,345,104,322,23,23,0,0,127,345,0,0,127,345,California
Glenn, County,Glenn County,12/31/2020,37,382,8,330,29,52,0,0,37,382,0,0,37,382,California
Glenn, County,Glenn County,1/1/2021,0,382,0,330,0,52,0,0,0,382,0,0,0,382,California
Glenn, County,Glenn County,1/2/2021,4,386,4,334,0,52,0,0,4,386,0,0,4,386,California
Glenn, County,Glenn County,1/3/2021,0,386,0,334,0,52,0,0,0,386,0,0,0,386,California
Glenn, County,Glenn County,1/4/2021,7,393,5,339,2,54,0,0,7,393,0,0,7,393,California
Glenn, County,Glenn County,1/5/2021,12,405,9,348,3,57,0,0,12,405,0,0,12,405,California
Glenn, County,Glenn County,1/6/2021,59,464,8,356,51,108,0,0,59,464,0,0,59,464,California
Glenn, County,Glenn County,1/7/2021,65,529,11,367,54,162,0,0,64,527,1,1,64,528,California
Glenn, County,Glenn County,1/8/2021,12,541,9,376,3,165,0,0,12,539,0,1,12,540,California
Glenn, County,Glenn County,1/9/2021,0,541,0,376,0,165,0,0,0,539,0,1,0,540,California
Glenn, County,Glenn County,1/10/2021,1,542,1,377,0,165,0,0,0,538,1,2,0,540,California
Glenn, County,Glenn County,1/11/2021,31,573,30,407,1,166,0,0,13,533,18,20,13,553,California
Glenn, County,Glenn County,1/12/2021,43,616,38,445,5,171,0,0,14,518,29,49,14,567,California
Glenn, County,Glenn County,1/13/2021,221,837,157,602,64,235,0,0,178,653,43,92,178,745,California
Glenn, County,Glenn County,1/14/2021,119,956,30,632,89,324,0,0,108,751,10,102,108,853,California
Glenn, County,Glenn County,1/15/2021,42,998,34,666,8,332,0,0,37,783,5,107,37,890,California
Glenn, County,Glenn County,1/16/2021,35,1033,14,680,21,353,0,0,25,798,10,117,25,915,California
Glenn, County,Glenn County,1/17/2021,5,1038,3,683,2,355,0,0,2,797,3,120,2,917,California
Glenn, County,Glenn County,1/18/2021,18,1056,17,700,1,356,0,0,9,797,9,129,9,926,California
Glenn, County,Glenn County,1/19/2021,30,1086,20,720,10,366,0,0,13,793,17,146,13,939,California
Glenn, County,Glenn County,1/20/2021,162,1248,93,813,69,435,0,0,82,795,80,226,82,1021,California
Glenn, County,Glenn County,1/21/2021,120,1368,94,907,26,461,0,0,29,733,91,317,29,1050,California
Glenn, County,Glenn County,1/22/2021,344,1712,67,974,277,738,0,0,337,1063,7,324,337,1387,California
Glenn, County,Glenn County,1/23/2021,16,1728,10,984,6,744,0,0,12,1071,4,328,12,1399,California
Glenn, County,Glenn County,1/24/2021,2,1730,2,986,0,744,0,0,2,1073,0,328,2,1401,California
Glenn, County,Glenn County,1/25/2021,27,1757,9,995,18,762,0,0,24,1094,3,331,24,1425,California
Glenn, County,Glenn County,1/26/2021,34,1791,15,1010,19,781,0,0,27,1114,7,338,27,1452,California
Glenn, County,Glenn County,1/27/2021,188,1979,12,1022,176,957,0,0,166,1258,22,360,166,1618,California
Glenn, County,Glenn County,1/28/2021,154,2133,8,1030,146,1103,0,0,118,1340,36,396,118,1736,California
Glenn, County,Glenn County,1/29/2021,301,2434,12,1042,289,1392,0,0,287,1613,14,410,287,2023,California
Glenn, County,Glenn County,1/30/2021,4,2438,0,1042,4,1396,0,0,4,1617,0,410,4,2027,California
Glenn, County,Glenn County,1/31/2021,1,2439,0,1042,1,1397,0,0,1,1618,0,410,1,2028,California
Glenn, County,Glenn County,2/1/2021,31,2470,11,1053,20,1417,0,0,19,1625,12,422,19,2047,California
Glenn, County,Glenn County,2/2/2021,32,2502,16,1069,16,1433,0,0,22,1637,10,432,22,2069,California
Glenn, County,Glenn County,2/3/2021,283,2785,128,1197,155,1588,0,0,136,1627,147,579,137,2206,California
Glenn, County,Glenn County,2/4/2021,81,2866,14,1211,67,1655,0,0,24,1594,57,636,24,2230,California
Glenn, County,Glenn County,2/5/2021,325,3191,25,1236,300,1955,0,0,304,1877,21,657,304,2534,California
Glenn, County,Glenn County,2/6/2021,20,3211,2,1238,18,1973,0,0,19,1895,1,658,19,2553,California
Glenn, County,Glenn County,2/7/2021,2,3213,2,1240,0,1973,0,0,2,1897,0,658,2,2555,California
Glenn, County,Glenn County,2/8/2021,22,3235,17,1257,5,1978,0,0,6,1887,16,674,6,2561,California
Glenn, County,Glenn County,2/9/2021,52,3287,19,1276,33,2011,0,0,37,1909,15,689,37,2598,California
Glenn, County,Glenn County,2/10/2021,143,3430,18,1294,125,2136,0,0,74,1914,69,758,74,2672,California
Glenn, County,Glenn County,2/11/2021,271,3701,169,1463,102,2238,0,0,186,2016,85,843,187,2859,California
Glenn, County,Glenn County,2/12/2021,418,4119,98,1561,320,2558,0,0,351,2300,67,910,351,3210,California
Glenn, County,Glenn County,2/13/2021,39,4158,9,1570,30,2588,0,0,17,2295,22,932,17,3227,California
Glenn, County,Glenn County,2/14/2021,1,4159,0,1570,1,2589,0,0,1,2296,0,932,1,3228,California
Glenn, County,Glenn County,2/15/2021,10,4169,1,1571,9,2598,0,0,8,2302,2,934,8,3236,California
Glenn, County,Glenn County,2/16/2021,45,4214,9,1580,36,2634,0,0,26,2309,19,953,26,3262,California
Glenn, County,Glenn County,2/17/2021,384,4598,14,1594,370,3004,0,0,305,2535,79,1032,305,3567,California
Glenn, County,Glenn County,2/18/2021,185,4783,150,1744,35,3039,0,0,160,2671,24,1056,160,3727,California
Glenn, County,Glenn County,2/19/2021,306,5089,16,1760,290,3329,0,0,29,2423,277,1333,29,3756,California
Glenn, County,Glenn County,2/20/2021,10,5099,0,1760,10,3339,0,0,2,2417,8,1341,2,3758,California
Glenn, County,Glenn County,2/21/2021,0,5099,0,1760,0,3339,0,0,0,2417,0,1341,0,3758,California
Glenn, County,Glenn County,2/22/2021,38,5137,17,1777,21,3360,0,0,18,2416,19,1360,18,3776,California
Glenn, County,Glenn County,2/23/2021,45,5182,12,1789,33,3393,0,0,30,2431,15,1375,30,3806,California
Glenn, County,Glenn County,2/24/2021,271,5453,54,1843,217,3610,0,0,58,2276,213,1588,58,3864,California
Glenn, County,Glenn County,2/25/2021,346,5799,228,2071,118,3728,0,0,231,2390,117,1705,231,4095,California
Glenn, County,Glenn County,2/26/2021,311,6110,25,2096,286,4014,0,0,22,2124,288,1993,22,4117,California
Glenn, County,Glenn County,2/27/2021,14,6124,4,2100,10,4024,0,0,5,2121,8,2001,5,4122,California
Glenn, County,Glenn County,2/28/2021,6,6130,3,2103,3,4027,0,0,3,2122,2,2003,3,4125,California
Glenn, County,Glenn County,3/1/2021,29,6159,7,2110,22,4049,0,0,12,2118,16,2019,12,4137,California
Glenn, County,Glenn County,3/2/2021,40,6199,10,2120,30,4079,0,0,21,2120,19,2038,21,4158,California
Glenn, County,Glenn County,3/3/2021,222,6421,39,2159,183,4262,0,0,121,2142,99,2137,121,4279,California
Glenn, County,Glenn County,3/4/2021,547,6968,205,2364,342,4604,0,0,363,2321,184,2321,363,4642,California
Glenn, County,Glenn County,3/5/2021,362,7330,47,2411,315,4919,0,0,36,2031,326,2647,36,4678,California
Glenn, County,Glenn County,3/6/2021,33,7363,3,2414,29,4948,1,1,10,2019,23,2670,11,4689,California
Glenn, County,Glenn County,3/7/2021,5,7368,0,2414,5,4953,0,1,3,2021,1,2671,3,4692,California
Glenn, County,Glenn County,3/8/2021,20,7388,3,2417,16,4969,1,2,18,2038,2,2673,19,4711,California
Glenn, County,Glenn County,3/9/2021,85,7473,11,2428,70,5039,4,6,53,2062,32,2705,56,4767,California
Glenn, County,Glenn County,3/10/2021,191,7664,81,2509,108,5147,2,8,105,2083,86,2791,107,4874,California
Glenn, County,Glenn County,3/11/2021,599,8263,182,2691,394,5541,23,31,415,2340,184,2975,441,5315,California
Glenn, County,Glenn County,3/12/2021,419,8682,13,2704,342,5883,64,95,40,2065,379,3354,104,5419,California
Glenn, County,Glenn County,3/13/2021,13,8695,1,2705,4,5887,8,103,1,2062,12,3366,9,5428,California
Glenn, County,Glenn County,3/14/2021,1,8696,0,2705,1,5888,0,103,0,2061,1,3367,0,5428,California
Glenn, County,Glenn County,3/15/2021,77,8773,16,2721,56,5944,5,108,60,2109,17,3384,65,5493,California
Glenn, County,Glenn County,3/16/2021,116,8889,34,2755,71,6015,11,119,70,2144,46,3430,81,5574,California
Glenn, County,Glenn County,3/17/2021,421,9310,103,2858,311,6326,7,126,116,1960,305,3735,121,5695,California
Glenn, County,Glenn County,3/18/2021,540,9850,236,3094,49,6375,255,381,54,1781,486,4221,307,6002,California
Glenn, County,Glenn County,3/19/2021,98,9948,16,3110,75,6450,7,388,75,1841,22,4243,82,6084,California
Glenn, County,Glenn County,3/20/2021,134,10082,2,3112,131,6581,1,389,130,1968,4,4247,131,6215,California
Glenn, County,Glenn County,3/21/2021,6,10088,5,3117,0,6581,1,390,3,1970,2,4249,4,6219,California
Glenn, County,Glenn County,3/22/2021,124,10212,56,3173,61,6642,7,397,104,2063,18,4267,111,6330,California
Glenn, County,Glenn County,3/23/2021,176,10388,67,3240,61,6703,48,445,105,2146,70,4337,153,6483,California
Glenn, County,Glenn County,3/24/2021,213,10601,105,3345,103,6806,5,450,122,2184,89,4426,127,6610,California
Glenn, County,Glenn County,3/25/2021,520,11121,276,3621,151,6957,93,543,385,2529,133,4559,478,7088,California
Glenn, County,Glenn County,3/26/2021,243,11364,36,3657,171,7128,36,579,193,2708,50,4609,229,7317,California
Glenn, County,Glenn County,3/27/2021,168,11532,20,3677,142,7270,6,585,155,2857,12,4621,161,7478,California
Glenn, County,Glenn County,3/28/2021,15,11547,10,3687,5,7275,0,585,11,2864,4,4625,11,7489,California
Glenn, County,Glenn County,3/29/2021,60,11607,20,3707,37,7312,3,588,45,2897,15,4640,48,7537,California
Glenn, County,Glenn County,3/30/2021,71,11678,40,3747,30,7342,1,589,40,2909,29,4669,41,7578,California
Glenn, County,Glenn County,3/31/2021,131,11809,35,3782,95,7437,1,590,42,2864,88,4757,43,7621,California
Glenn, County,Glenn County,4/1/2021,672,12481,206,3988,457,7894,9,599,249,2701,421,5178,258,7879,California
Glenn, County,Glenn County,4/2/2021,169,12650,26,4014,132,8026,11,610,131,2805,38,5216,142,8021,California
Glenn, County,Glenn County,4/3/2021,96,12746,4,4018,85,8111,7,617,85,2886,11,5227,92,8113,California
Glenn, County,Glenn County,4/4/2021,11,12757,5,4023,4,8115,2,619,7,2891,4,5231,9,8122,California
Glenn, County,Glenn County,4/5/2021,69,12826,28,4051,28,8143,13,632,32,2899,37,5268,45,8167,California
Glenn, County,Glenn County,4/6/2021,143,12969,52,4103,52,8195,39,671,36,2867,106,5374,74,8241,California
Glenn, County,Glenn County,4/7/2021,162,13131,48,4151,60,8255,54,725,75,2909,87,5461,129,8370,California
Glenn, County,Glenn County,4/8/2021,672,13803,214,4365,423,8678,35,760,159,2592,511,5972,194,8564,California
Glenn, County,Glenn County,4/9/2021,160,13963,57,4422,86,8764,17,777,103,2654,57,6029,119,8683,California
Glenn, County,Glenn County,4/10/2021,79,14042,1,4423,60,8824,18,795,58,2710,20,6049,76,8759,California
Glenn, County,Glenn County,4/11/2021,16,14058,8,4431,3,8827,5,800,7,2713,9,6058,12,8771,California
Glenn, County,Glenn County,4/12/2021,118,14176,26,4457,62,8889,30,830,22,2669,96,6154,52,8823,California
Glenn, County,Glenn County,4/13/2021,119,14295,64,4521,55,8944,0,830,29,2608,90,6244,29,8852,California
Glenn, County,Glenn County,4/14/2021,122,14417,45,4566,77,9021,0,830,69,2624,53,6297,69,8921,California
Glenn, County,Glenn County,4/15/2021,361,14778,276,4842,85,9106,0,830,74,2412,286,6583,74,8995,California
Glenn, County,Glenn County,4/16/2021,166,14944,40,4882,126,9232,0,830,77,2400,89,6672,77,9072,California
Glenn, County,Glenn County,4/17/2021,168,15112,16,4898,152,9384,0,830,30,2300,130,6802,30,9102,California
Glenn, County,Glenn County,4/18/2021,20,15132,7,4905,13,9397,0,830,15,2310,5,6807,15,9117,California
Glenn, County,Glenn County,4/19/2021,85,15217,17,4922,68,9465,0,830,24,2274,60,6867,24,9141,California
Glenn, County,Glenn County,4/20/2021,134,15351,88,5010,46,9511,0,830,56,2252,78,6945,56,9197,California
Glenn, County,Glenn County,4/21/2021,449,15800,349,5359,100,9611,0,830,291,2386,157,7102,291,9488,California
Glenn, County,Glenn County,4/22/2021,221,16021,54,5413,167,9778,0,830,39,2244,181,7283,39,9527,California
Glenn, County,Glenn County,4/23/2021,196,16217,36,5449,160,9938,0,830,49,2147,146,7429,49,9576,California
Glenn, County,Glenn County,4/24/2021,183,16400,32,5481,151,10089,0,830,30,2025,152,7581,30,9606,California
Glenn, County,Glenn County,4/25/2021,28,16428,17,5498,11,10100,0,830,20,2037,8,7589,20,9626,California
Glenn, County,Glenn County,4/26/2021,51,16479,15,5513,36,10136,0,830,19,2024,32,7621,19,9645,California
Glenn, County,Glenn County,4/27/2021,65,16544,50,5563,10,10146,5,835,33,2030,31,7652,37,9682,California
Glenn, County,Glenn County,4/28/2021,269,16813,190,5753,68,10214,11,846,117,2007,151,7803,128,9810,California
Glenn, County,Glenn County,4/29/2021,190,17003,28,5781,160,10374,2,848,41,1901,149,7952,43,9853,California
Glenn, County,Glenn County,4/30/2021,167,17170,41,5822,124,10498,2,850,42,1820,125,8077,44,9897,California
Glenn, County,Glenn County,5/1/2021,108,17278,13,5835,94,10592,1,851,25,1763,83,8160,26,9923,California
Glenn, County,Glenn County,5/2/2021,31,17309,13,5848,9,10601,9,860,14,1769,17,8177,23,9946,California
Glenn, County,Glenn County,5/3/2021,41,17350,26,5874,14,10615,1,861,14,1757,27,8204,15,9961,California
Glenn, County,Glenn County,5/4/2021,60,17410,36,5910,19,10634,5,866,28,1758,32,8236,33,9994,California
Glenn, County,Glenn County,5/5/2021,128,17538,39,5949,78,10712,11,877,52,1745,76,8312,63,10057,California
Glenn, County,Glenn County,5/6/2021,115,17653,42,5991,67,10779,6,883,43,1722,72,8384,49,10106,California
Glenn, County,Glenn County,5/7/2021,122,17775,35,6026,78,10857,9,892,30,1670,91,8475,39,10145,California
Glenn, County,Glenn County,5/8/2021,66,17841,12,6038,50,10907,4,896,21,1651,44,8519,25,10170,California
Glenn, County,Glenn County,5/9/2021,17,17858,11,6049,6,10913,0,896,11,1656,6,8525,11,10181,California
Glenn, County,Glenn County,5/10/2021,37,17895,15,6064,17,10930,5,901,13,1650,24,8549,18,10199,California
Glenn, County,Glenn County,5/11/2021,87,17982,61,6125,17,10947,9,910,16,1604,71,8620,25,10224,California
Glenn, County,Glenn County,5/12/2021,347,18329,264,6389,69,11016,14,924,37,1345,310,8930,51,10275,California
Glenn, County,Glenn County,5/13/2021,161,18490,61,6450,80,11096,20,944,66,1336,95,9025,86,10361,California
Glenn, County,Glenn County,5/14/2021,107,18597,24,6474,78,11174,5,949,33,1300,74,9099,38,10399,California
Glenn, County,Glenn County,5/15/2021,68,18665,40,6514,26,11200,2,951,33,1300,35,9134,35,10434,California
Glenn, County,Glenn County,5/16/2021,30,18695,17,6531,13,11213,0,951,8,1286,22,9156,8,10442,California
Glenn, County,Glenn County,5/17/2021,87,18782,61,6592,22,11235,4,955,62,1327,25,9181,66,10508,California
Glenn, County,Glenn County,5/18/2021,70,18852,49,6641,17,11252,4,959,21,1303,49,9230,25,10533,California
Glenn, County,Glenn County,5/19/2021,199,19051,117,6758,70,11322,12,971,70,1256,128,9358,81,10614,California
Glenn, County,Glenn County,5/20/2021,122,19173,79,6837,41,11363,2,973,82,1300,40,9398,84,10698,California
Glenn, County,Glenn County,5/21/2021,71,19244,27,6864,43,11406,1,974,28,1286,43,9441,29,10727,California
Glenn, County,Glenn County,5/22/2021,56,19300,23,6887,33,11439,0,974,29,1288,27,9468,29,10756,California
Glenn, County,Glenn County,5/23/2021,28,19328,15,6902,13,11452,0,974,12,1285,15,9483,12,10768,California
Glenn, County,Glenn County,5/24/2021,30,19358,11,6913,15,11467,4,978,11,1282,18,9501,15,10783,California
Glenn, County,Glenn County,5/25/2021,47,19405,35,6948,10,11477,2,980,23,1283,24,9525,25,10808,California
Glenn, County,Glenn County,5/26/2021,72,19477,14,6962,54,11531,4,984,25,1265,47,9572,29,10837,California
Glenn, County,Glenn County,5/27/2021,105,19582,65,7027,39,11570,1,985,49,1261,54,9626,50,10887,California
Glenn, County,Glenn County,5/28/2021,62,19644,18,7045,37,11607,7,992,31,1268,31,9657,38,10925,California
Glenn, County,Glenn County,5/29/2021,47,19691,11,7056,32,11639,4,996,21,1267,26,9683,25,10950,California
Glenn, County,Glenn County,5/30/2021,21,19712,13,7069,8,11647,0,996,8,1263,12,9695,8,10958,California
Glenn, County,Glenn County,5/31/2021,4,19716,0,7069,4,11651,0,996,0,1259,4,9699,0,10958,California
Glenn, County,Glenn County,6/1/2021,60,19776,35,7104,22,11673,3,999,25,1252,35,9734,28,10986,California
Glenn, County,Glenn County,6/2/2021,98,19874,49,7153,46,11719,3,1002,39,1235,59,9793,42,11028,California
Glenn, County,Glenn County,6/3/2021,79,19953,44,7197,28,11747,7,1009,18,1200,60,9853,25,11053,California
Glenn, County,Glenn County,6/4/2021,79,20032,38,7235,37,11784,4,1013,43,1211,36,9889,47,11100,California
Glenn, County,Glenn County,6/5/2021,55,20087,30,7265,22,11806,3,1016,17,1193,38,9927,20,11120,California
Glenn, County,Glenn County,6/6/2021,32,20119,28,7293,3,11809,1,1017,16,1195,15,9942,17,11137,California
Glenn, County,Glenn County,6/7/2021,68,20187,59,7352,7,11816,2,1019,12,1154,55,9997,14,11151,California
Glenn, County,Glenn County,6/8/2021,35,20222,19,7371,11,11827,5,1024,16,1156,19,10016,21,11172,California
Glenn, County,Glenn County,6/9/2021,63,20285,36,7407,20,11847,7,1031,32,1164,31,10047,39,11211,California
Glenn, County,Glenn County,6/10/2021,120,20405,89,7496,25,11872,6,1037,35,1120,85,10132,41,11252,California
Glenn, County,Glenn County,6/11/2021,91,20496,60,7556,28,11900,3,1040,27,1086,64,10196,30,11282,California
Glenn, County,Glenn County,6/12/2021,35,20531,19,7575,13,11913,3,1043,13,1080,22,10218,16,11298,California
Glenn, County,Glenn County,6/13/2021,12,20543,11,7586,1,11914,0,1043,5,1078,7,10225,5,11303,California
Glenn, County,Glenn County,6/14/2021,39,20582,26,7612,10,11924,3,1046,15,1073,23,10248,18,11321,California
Glenn, County,Glenn County,6/15/2021,49,20631,33,7645,15,11939,1,1047,22,1069,27,10275,23,11344,California
Glenn, County,Glenn County,6/16/2021,84,20715,49,7694,34,11973,1,1048,57,1102,25,10300,58,11402,California
Glenn, County,Glenn County,6/17/2021,64,20779,38,7732,22,11995,4,1052,10,1062,54,10354,14,11416,California
Glenn, County,Glenn County,6/18/2021,82,20861,44,7776,17,12012,21,1073,27,1055,55,10409,48,11464,California
Glenn, County,Glenn County,6/19/2021,41,20902,20,7796,21,12033,0,1073,23,1060,18,10427,23,11487,California
Glenn, County,Glenn County,6/20/2021,15,20917,11,7807,4,12037,0,1073,4,1053,11,10438,4,11491,California
Glenn, County,Glenn County,6/21/2021,25,20942,17,7824,6,12043,2,1075,18,1066,7,10445,20,11511,California
Glenn, County,Glenn County,6/22/2021,49,20991,34,7858,13,12056,2,1077,23,1066,25,10470,25,11536,California
Glenn, County,Glenn County,6/23/2021,53,21044,36,7894,14,12070,3,1080,27,1070,26,10496,30,11566,California
Glenn, County,Glenn County,6/24/2021,44,21088,27,7921,13,12083,4,1084,17,1064,27,10523,21,11587,California
Glenn, County,Glenn County,6/25/2021,69,21157,49,7970,19,12102,1,1085,32,1060,37,10560,33,11620,California
Glenn, County,Glenn County,6/26/2021,35,21192,20,7990,14,12116,1,1086,16,1058,19,10579,17,11637,California
Glenn, County,Glenn County,6/27/2021,17,21209,13,8003,4,12120,0,1086,4,1049,13,10592,4,11641,California
Glenn, County,Glenn County,6/28/2021,27,21236,23,8026,1,12121,3,1089,12,1048,15,10607,14,11655,California
Glenn, County,Glenn County,6/29/2021,33,21269,16,8042,12,12133,5,1094,10,1040,23,10630,15,11670,California
Glenn, County,Glenn County,6/30/2021,74,21343,50,8092,20,12153,4,1098,35,1040,39,10669,39,11709,California
Glenn, County,Glenn County,7/1/2021,56,21399,40,8132,13,12166,3,1101,16,1019,40,10709,19,11728,California
Glenn, County,Glenn County,7/2/2021,59,21458,35,8167,19,12185,5,1106,20,1006,38,10747,25,11753,California
Glenn, County,Glenn County,7/3/2021,35,21493,27,8194,7,12192,1,1107,23,1018,12,10759,24,11777,California
Glenn, County,Glenn County,7/4/2021,3,21496,2,8196,0,12192,1,1108,0,1016,3,10762,1,11778,California
Glenn, County,Glenn County,7/5/2021,20,21516,17,8213,1,12193,2,1110,6,1010,14,10776,8,11786,California
Glenn, County,Glenn County,7/6/2021,47,21563,36,8249,10,12203,1,1111,24,1012,23,10799,25,11811,California
Glenn, County,Glenn County,7/7/2021,69,21632,63,8312,4,12207,2,1113,33,1011,36,10835,35,11846,California
Glenn, County,Glenn County,7/8/2021,33,21665,16,8328,10,12217,7,1120,11,1007,22,10857,18,11864,California
Glenn, County,Glenn County,7/9/2021,72,21737,45,8373,18,12235,9,1129,29,1002,43,10900,38,11902,California
Glenn, County,Glenn County,7/10/2021,14,21751,10,8383,4,12239,0,1129,5,998,9,10909,5,11907,California
Glenn, County,Glenn County,7/11/2021,9,21760,8,8391,1,12240,0,1129,2,993,7,10916,2,11909,California
Glenn, County,Glenn County,7/12/2021,28,21788,23,8414,3,12243,2,1131,13,993,15,10931,15,11924,California
Glenn, County,Glenn County,7/13/2021,38,21826,25,8439,11,12254,2,1133,15,987,23,10954,17,11941,California
Glenn, County,Glenn County,7/14/2021,58,21884,45,8484,11,12265,2,1135,25,982,32,10986,27,11968,California
Glenn, County,Glenn County,7/15/2021,45,21929,28,8512,10,12275,7,1142,15,975,29,11015,22,11990,California
Glenn, County,Glenn County,7/16/2021,54,21983,42,8554,8,12283,4,1146,29,983,25,11040,33,12023,California
Glenn, County,Glenn County,7/17/2021,26,22009,14,8568,12,12295,0,1146,10,977,16,11056,10,12033,California
Glenn, County,Glenn County,7/18/2021,9,22018,9,8577,0,12295,0,1146,7,982,2,11058,7,12040,California
Glenn, County,Glenn County,7/19/2021,39,22057,33,8610,4,12299,2,1148,18,982,20,11078,20,12060,California
Glenn, County,Glenn County,7/20/2021,39,22096,33,8643,4,12303,2,1150,24,993,15,11093,26,12086,California
Glenn, County,Glenn County,7/21/2021,85,22181,71,8714,10,12313,4,1154,53,1019,31,11124,57,12143,California
Glenn, County,Glenn County,7/22/2021,36,22217,31,8745,2,12315,3,1157,18,1022,18,11142,21,12164,California
Glenn, County,Glenn County,7/23/2021,64,22281,48,8793,12,12327,4,1161,43,1048,21,11163,47,12211,California
Glenn, County,Glenn County,7/24/2021,34,22315,29,8822,4,12331,1,1162,8,1031,26,11189,9,12220,California
Glenn, County,Glenn County,7/25/2021,7,22322,5,8827,2,12333,0,1162,6,1036,1,11190,6,12226,California
Glenn, County,Glenn County,7/26/2021,35,22357,31,8858,3,12336,1,1163,24,1050,11,11201,25,12251,California
Glenn, County,Glenn County,7/27/2021,41,22398,34,8892,4,12340,3,1166,17,1046,24,11225,20,12271,California
Glenn, County,Glenn County,7/28/2021,76,22474,57,8949,14,12354,5,1171,31,1037,45,11270,36,12307,California
Glenn, County,Glenn County,7/29/2021,30,22504,16,8965,14,12368,0,1171,19,1045,11,11281,19,12326,California
Glenn, County,Glenn County,7/30/2021,61,22565,49,9014,7,12375,5,1176,42,1073,19,11300,47,12373,California
Glenn, County,Glenn County,7/31/2021,40,22605,33,9047,4,12379,3,1179,23,1082,16,11316,25,12398,California
Glenn, County,Glenn County,8/1/2021,23,22628,22,9069,0,12379,1,1180,20,1100,3,11319,21,12419,California
Glenn, County,Glenn County,8/2/2021,35,22663,29,9098,3,12382,3,1183,20,1108,15,11334,23,12442,California
Glenn, County,Glenn County,8/3/2021,49,22712,38,9136,9,12391,2,1185,31,1123,18,11352,33,12475,California
Glenn, County,Glenn County,8/4/2021,105,22817,84,9220,14,12405,7,1192,69,1163,36,11388,76,12551,California
Glenn, County,Glenn County,8/5/2021,52,22869,29,9249,20,12425,3,1195,31,1177,20,11408,34,12585,California
Glenn, County,Glenn County,8/6/2021,72,22941,60,9309,3,12428,9,1204,44,1202,28,11436,53,12638,California
Glenn, County,Glenn County,8/7/2021,18,22959,15,9324,2,12430,1,1205,12,1210,5,11441,13,12651,California
Glenn, County,Glenn County,8/8/2021,12,22971,10,9334,2,12432,0,1205,8,1214,4,11445,8,12659,California
Glenn, County,Glenn County,8/9/2021,23,22994,18,9352,5,12437,0,1205,14,1219,9,11454,14,12673,California
Glenn, County,Glenn County,8/10/2021,12,23006,10,9362,2,12439,0,1205,7,1221,5,11459,7,12680,California
Humboldt, County,Humboldt County,12/15/2020,3,3,3,3,0,0,0,0,3,3,0,0,3,3,California
Humboldt, County,Humboldt County,12/16/2020,16,19,16,19,0,0,0,0,16,19,0,0,16,19,California
Humboldt, County,Humboldt County,12/17/2020,118,137,118,137,0,0,0,0,118,137,0,0,118,137,California
Humboldt, County,Humboldt County,12/18/2020,175,312,175,312,0,0,0,0,175,312,0,0,175,312,California
Humboldt, County,Humboldt County,12/19/2020,10,322,10,322,0,0,0,0,10,322,0,0,10,322,California
Humboldt, County,Humboldt County,12/20/2020,27,349,27,349,0,0,0,0,27,349,0,0,27,349,California
Humboldt, County,Humboldt County,12/21/2020,168,517,168,517,0,0,0,0,169,518,0,0,169,518,California
Humboldt, County,Humboldt County,12/22/2020,338,855,338,855,0,0,0,0,338,856,0,0,338,856,California
Humboldt, County,Humboldt County,12/23/2020,324,1179,265,1120,59,59,0,0,326,1182,0,0,326,1182,California
Humboldt, County,Humboldt County,12/24/2020,28,1207,3,1123,25,84,0,0,28,1210,0,0,28,1210,California
Humboldt, County,Humboldt County,12/25/2020,2,1209,2,1125,0,84,0,0,2,1212,0,0,2,1212,California
Humboldt, County,Humboldt County,12/26/2020,6,1215,5,1130,1,85,0,0,6,1218,0,0,6,1218,California
Humboldt, County,Humboldt County,12/27/2020,1,1216,1,1131,0,85,0,0,1,1219,0,0,1,1219,California
Humboldt, County,Humboldt County,12/28/2020,210,1426,152,1283,58,143,0,0,210,1429,0,0,210,1429,California
Humboldt, County,Humboldt County,12/29/2020,188,1614,128,1411,60,203,0,0,189,1618,0,0,189,1618,California
Humboldt, County,Humboldt County,12/30/2020,236,1850,130,1541,106,309,0,0,236,1854,0,0,236,1854,California
Humboldt, County,Humboldt County,12/31/2020,245,2095,81,1622,164,473,0,0,245,2099,0,0,245,2099,California
Humboldt, County,Humboldt County,1/1/2021,3,2098,2,1624,1,474,0,0,3,2102,0,0,3,2102,California
Humboldt, County,Humboldt County,1/2/2021,40,2138,2,1626,38,512,0,0,40,2142,0,0,40,2142,California
Humboldt, County,Humboldt County,1/3/2021,0,2138,0,1626,0,512,0,0,0,2142,0,0,0,2142,California
Humboldt, County,Humboldt County,1/4/2021,218,2356,141,1767,77,589,0,0,219,2361,0,0,219,2361,California
Humboldt, County,Humboldt County,1/5/2021,134,2490,22,1789,112,701,0,0,134,2494,1,1,134,2495,California
Humboldt, County,Humboldt County,1/6/2021,315,2805,215,2004,100,801,0,0,241,2673,62,63,241,2736,California
Humboldt, County,Humboldt County,1/7/2021,437,3242,324,2328,113,914,0,0,322,2896,99,162,322,3058,California
Humboldt, County,Humboldt County,1/8/2021,438,3680,298,2626,140,1054,0,0,296,3056,136,298,296,3354,California
Humboldt, County,Humboldt County,1/9/2021,66,3746,43,2669,23,1077,0,0,64,3119,2,300,65,3419,California
Humboldt, County,Humboldt County,1/10/2021,84,3830,84,2753,0,1077,0,0,4,3043,80,380,4,3423,California
Humboldt, County,Humboldt County,1/11/2021,292,4122,282,3035,10,1087,0,0,70,2895,218,598,70,3493,California
Humboldt, County,Humboldt County,1/12/2021,503,4625,340,3375,163,1250,0,0,284,2982,197,795,284,3777,California
Humboldt, County,Humboldt County,1/13/2021,510,5135,279,3654,231,1481,0,0,331,3138,176,971,332,4109,California
Humboldt, County,Humboldt County,1/14/2021,568,5703,178,3832,390,1871,0,0,511,3592,58,1029,512,4621,California
Humboldt, County,Humboldt County,1/15/2021,372,6075,29,3861,343,2214,0,0,354,3928,18,1047,354,4975,California
Humboldt, County,Humboldt County,1/16/2021,168,6243,5,3866,163,2377,0,0,167,4094,1,1048,167,5142,California
Humboldt, County,Humboldt County,1/17/2021,7,6250,4,3870,3,2380,0,0,7,4101,0,1048,7,5149,California
Humboldt, County,Humboldt County,1/18/2021,311,6561,276,4146,35,2415,0,0,150,4090,161,1209,150,5299,California
Humboldt, County,Humboldt County,1/19/2021,662,7223,403,4549,259,2674,0,0,527,4488,129,1338,527,5826,California
Humboldt, County,Humboldt County,1/20/2021,953,8176,425,4974,528,3202,0,0,785,5115,160,1498,787,6613,California
Humboldt, County,Humboldt County,1/21/2021,971,9147,260,5234,711,3913,0,0,927,5998,44,1542,927,7540,California
Humboldt, County,Humboldt County,1/22/2021,688,9835,380,5614,308,4221,0,0,678,6667,10,1552,679,8219,California
Humboldt, County,Humboldt County,1/23/2021,931,10766,284,5898,647,4868,0,0,922,7581,9,1561,923,9142,California
Humboldt, County,Humboldt County,1/24/2021,228,10994,1,5899,227,5095,0,0,227,7807,1,1562,227,9369,California
Humboldt, County,Humboldt County,1/25/2021,353,11347,237,6136,116,5211,0,0,155,7764,198,1760,155,9524,California
Humboldt, County,Humboldt County,1/26/2021,545,11892,152,6288,393,5604,0,0,480,8179,65,1825,480,10004,California
Humboldt, County,Humboldt County,1/27/2021,1276,13168,586,6874,690,6294,0,0,1202,9316,67,1892,1204,11208,California
Humboldt, County,Humboldt County,1/28/2021,1469,14637,637,7511,832,7126,0,0,1323,10499,142,2034,1325,12533,California
Humboldt, County,Humboldt County,1/29/2021,1174,15811,552,8063,622,7748,0,0,692,10709,482,2516,692,13225,California
Humboldt, County,Humboldt County,1/30/2021,1029,16840,470,8533,559,8307,0,0,984,11649,45,2561,985,14210,California
Humboldt, County,Humboldt County,1/31/2021,320,17160,318,8851,2,8309,0,0,319,11967,1,2562,319,14529,California
Humboldt, County,Humboldt County,2/1/2021,320,17480,175,9026,145,8454,0,0,182,12011,138,2700,182,14711,California
Humboldt, County,Humboldt County,2/2/2021,454,17934,79,9105,375,8829,0,0,349,12260,102,2802,351,15062,California
Humboldt, County,Humboldt County,2/3/2021,678,18612,266,9371,412,9241,0,0,524,12630,154,2956,524,15586,California
Humboldt, County,Humboldt County,2/4/2021,656,19268,261,9632,395,9636,0,0,447,12871,206,3162,447,16033,California
Humboldt, County,Humboldt County,2/5/2021,829,20097,108,9740,721,10357,0,0,623,13289,205,3367,623,16656,California
Humboldt, County,Humboldt County,2/6/2021,1090,21187,474,10214,616,10973,0,0,1040,14281,49,3416,1041,17697,California
Humboldt, County,Humboldt County,2/7/2021,375,21562,5,10219,370,11343,0,0,370,14648,4,3420,371,18068,California
Humboldt, County,Humboldt County,2/8/2021,343,21905,146,10365,197,11540,0,0,184,14674,158,3578,184,18252,California
Humboldt, County,Humboldt County,2/9/2021,505,22410,230,10595,275,11815,0,0,177,14524,327,3905,177,18429,California
Humboldt, County,Humboldt County,2/10/2021,565,22975,370,10965,195,12010,0,0,207,14378,353,4258,207,18636,California
Humboldt, County,Humboldt County,2/11/2021,1336,24311,400,11365,936,12946,0,0,486,14020,846,5104,488,19124,California
Humboldt, County,Humboldt County,2/12/2021,1179,25490,753,12118,426,13372,0,0,721,14284,457,5561,721,19845,California
Humboldt, County,Humboldt County,2/13/2021,1556,27046,606,12724,950,14322,0,0,926,14583,628,6189,927,20772,California
Humboldt, County,Humboldt County,2/14/2021,116,27162,5,12729,111,14433,0,0,112,14692,3,6192,112,20884,California
Humboldt, County,Humboldt County,2/15/2021,297,27459,82,12811,215,14648,0,0,195,14786,101,6293,195,21079,California
Humboldt, County,Humboldt County,2/16/2021,553,28012,123,12934,430,15078,0,0,250,14736,302,6595,252,21331,California
Humboldt, County,Humboldt County,2/17/2021,454,28466,279,13213,175,15253,0,0,130,14544,322,6917,130,21461,California
Humboldt, County,Humboldt County,2/18/2021,1028,29494,606,13819,422,15675,0,0,272,14063,753,7670,272,21733,California
Humboldt, County,Humboldt County,2/19/2021,489,29983,441,14260,48,15723,0,0,92,13762,393,8063,92,21825,California
Humboldt, County,Humboldt County,2/20/2021,1761,31744,1037,15297,724,16447,0,0,486,12979,1272,9335,489,22314,California
Humboldt, County,Humboldt County,2/21/2021,498,32242,490,15787,8,16455,0,0,187,12856,311,9646,188,22502,California
Humboldt, County,Humboldt County,2/22/2021,144,32386,98,15885,46,16501,0,0,30,12775,111,9757,30,22532,California
Humboldt, County,Humboldt County,2/23/2021,188,32574,72,15957,116,16617,0,0,46,12681,140,9897,46,22578,California
Humboldt, County,Humboldt County,2/24/2021,1300,33874,793,16750,507,17124,0,0,629,12642,668,10565,629,23207,California
Humboldt, County,Humboldt County,2/25/2021,869,34743,327,17077,542,17666,0,0,235,12246,631,11196,235,23442,California
Humboldt, County,Humboldt County,2/26/2021,2262,37005,111,17188,2151,19817,0,0,453,10898,1802,12998,454,23896,California
Humboldt, County,Humboldt County,2/27/2021,1810,38815,1153,18341,657,20474,0,0,920,10934,888,13886,924,24820,California
Humboldt, County,Humboldt County,2/28/2021,134,38949,14,18355,120,20594,0,0,121,11045,10,13896,121,24941,California
Humboldt, County,Humboldt County,3/1/2021,272,39221,47,18402,225,20819,0,0,196,11166,75,13971,196,25137,California
Humboldt, County,Humboldt County,3/2/2021,313,39534,51,18453,262,21081,0,0,167,11187,146,14117,167,25304,California
Humboldt, County,Humboldt County,3/3/2021,1717,41251,1133,19586,584,21665,0,0,1251,11980,459,14576,1252,26556,California
Humboldt, County,Humboldt County,3/4/2021,938,42189,115,19701,823,22488,0,0,299,11642,639,15215,301,26857,California
Humboldt, County,Humboldt County,3/5/2021,962,43151,193,19894,758,23246,11,11,395,11485,563,15778,406,27263,California
Humboldt, County,Humboldt County,3/6/2021,1817,44968,953,20847,815,24061,49,60,796,11310,1019,16797,844,28107,California
Humboldt, County,Humboldt County,3/7/2021,390,45358,298,21145,59,24120,33,93,158,11268,232,17029,190,28297,California
Humboldt, County,Humboldt County,3/8/2021,287,45645,8,21153,194,24314,85,178,184,11433,102,17131,267,28564,California
Humboldt, County,Humboldt County,3/9/2021,520,46165,212,21365,157,24471,151,329,257,11575,261,17392,403,28967,California
Humboldt, County,Humboldt County,3/10/2021,704,46869,474,21839,71,24542,159,488,428,11886,274,17666,585,29552,California
Humboldt, County,Humboldt County,3/11/2021,1490,48359,459,22298,931,25473,100,588,658,11816,827,18493,757,30309,California
Humboldt, County,Humboldt County,3/12/2021,1768,50127,1099,23397,446,25919,223,811,1064,12411,695,19188,1290,31599,California
Humboldt, County,Humboldt County,3/13/2021,1601,51728,1051,24448,497,26416,53,864,677,12222,917,20105,728,32327,California
Humboldt, County,Humboldt County,3/14/2021,146,51874,20,24468,118,26534,8,872,29,12142,117,20222,37,32364,California
Humboldt, County,Humboldt County,3/15/2021,281,52155,49,24517,210,26744,22,894,60,12001,221,20443,80,32444,California
Humboldt, County,Humboldt County,3/16/2021,636,52791,201,24718,172,26916,263,1157,260,12147,375,20818,521,32965,California
Humboldt, County,Humboldt County,3/17/2021,736,53527,396,25114,232,27148,108,1265,342,12204,393,21211,450,33415,California
Humboldt, County,Humboldt County,3/18/2021,1747,55274,1170,26284,534,27682,43,1308,1016,12539,724,21935,1059,34474,California
Humboldt, County,Humboldt County,3/19/2021,1080,56354,62,26346,701,28383,317,1625,442,12661,636,22571,758,35232,California
Humboldt, County,Humboldt County,3/20/2021,1422,57776,789,27135,619,29002,14,1639,382,12023,1035,23606,397,35629,California
Humboldt, County,Humboldt County,3/21/2021,254,58030,37,27172,190,29192,27,1666,207,12210,46,23652,233,35862,California
Humboldt, County,Humboldt County,3/22/2021,122,58152,18,27190,54,29246,50,1716,64,12268,56,23708,114,35976,California
Humboldt, County,Humboldt County,3/23/2021,421,58573,42,27232,337,29583,42,1758,326,12542,94,23802,368,36344,California
Humboldt, County,Humboldt County,3/24/2021,1420,59993,391,27623,981,30564,48,1806,1038,13253,374,24176,1085,37429,California
Humboldt, County,Humboldt County,3/25/2021,1847,61840,1217,28840,567,31131,63,1869,921,13314,922,25098,983,38412,California
Humboldt, County,Humboldt County,3/26/2021,2052,63892,439,29279,1555,32686,58,1927,1597,14519,449,25547,1654,40066,California
Humboldt, County,Humboldt County,3/27/2021,2166,66058,1567,30846,424,33110,175,2102,1175,14880,987,26534,1348,41414,California
Humboldt, County,Humboldt County,3/28/2021,272,66330,84,30930,116,33226,72,2174,79,14839,192,26726,151,41565,California
Humboldt, County,Humboldt County,3/29/2021,470,66800,125,31055,248,33474,97,2271,196,14859,271,26997,291,41856,California
Humboldt, County,Humboldt County,3/30/2021,956,67756,306,31361,536,34010,114,2385,559,15139,392,27389,672,42528,California
Humboldt, County,Humboldt County,3/31/2021,1888,69644,541,31902,1250,35260,97,2482,1408,16168,477,27866,1506,44034,California
Humboldt, County,Humboldt County,4/1/2021,2120,71764,711,32613,1316,36576,93,2575,1483,17114,627,28493,1573,45607,California
Humboldt, County,Humboldt County,4/2/2021,1728,73492,1114,33727,508,37084,106,2681,611,16721,1109,29602,716,46323,California
Humboldt, County,Humboldt County,4/3/2021,1674,75166,1516,35243,144,37228,14,2695,658,16387,1006,30608,672,46995,California
Humboldt, County,Humboldt County,4/4/2021,481,75647,370,35613,101,37329,10,2705,400,16717,79,30687,409,47404,California
Humboldt, County,Humboldt County,4/5/2021,782,76429,465,36078,269,37598,48,2753,443,16872,336,31023,491,47895,California
Humboldt, County,Humboldt County,4/6/2021,850,77279,321,36399,394,37992,135,2888,589,17339,255,31278,722,48617,California
Humboldt, County,Humboldt County,4/7/2021,1525,78804,1079,37478,291,38283,155,3043,999,17968,525,31803,1154,49771,California
Humboldt, County,Humboldt County,4/8/2021,1777,80581,1099,38577,507,38790,171,3214,740,17845,1034,32837,911,50682,California
Humboldt, County,Humboldt County,4/9/2021,1450,82031,440,39017,852,39642,158,3372,1158,18860,291,33128,1306,51988,California
Humboldt, County,Humboldt County,4/10/2021,945,82976,141,39158,633,40275,171,3543,747,19580,196,33324,916,52904,California
Humboldt, County,Humboldt County,4/11/2021,649,83625,142,39300,37,40312,470,4013,130,19660,519,33843,599,53503,California
Humboldt, County,Humboldt County,4/12/2021,449,84074,234,39534,88,40400,127,4140,281,19902,167,34010,409,53912,California
Humboldt, County,Humboldt County,4/13/2021,595,84669,327,39861,262,40662,6,4146,558,20430,35,34045,563,54475,California
Humboldt, County,Humboldt County,4/14/2021,1459,86128,1056,40917,403,41065,0,4146,1339,21650,119,34164,1339,55814,California
Humboldt, County,Humboldt County,4/15/2021,1822,87950,1190,42107,628,41693,4,4150,1248,22345,555,34719,1250,57064,California
Humboldt, County,Humboldt County,4/16/2021,1136,89086,519,42626,617,42310,0,4150,552,22316,581,35300,552,57616,California
Humboldt, County,Humboldt County,4/17/2021,1890,90976,1568,44194,321,42631,1,4151,987,22407,897,36197,988,58604,California
Humboldt, County,Humboldt County,4/18/2021,675,91651,357,44551,317,42948,1,4152,83,21904,586,36783,83,58687,California
Humboldt, County,Humboldt County,4/19/2021,204,91855,81,44632,123,43071,0,4152,89,21880,113,36896,89,58776,California
Humboldt, County,Humboldt County,4/20/2021,514,92369,140,44772,374,43445,0,4152,251,21869,262,37158,251,59027,California
Humboldt, County,Humboldt County,4/21/2021,1124,93493,391,45163,733,44178,0,4152,453,21661,662,37820,454,59481,California
Humboldt, County,Humboldt County,4/22/2021,909,94402,543,45706,365,44543,1,4153,462,21679,444,38264,462,59943,California
Humboldt, County,Humboldt County,4/23/2021,2218,96620,314,46020,1904,46447,0,4153,344,20154,1869,40133,344,60287,California
Humboldt, County,Humboldt County,4/24/2021,1114,97734,893,46913,216,46663,5,4158,357,19762,754,40887,362,60649,California
Humboldt, County,Humboldt County,4/25/2021,388,98122,246,47159,142,46805,0,4158,198,19773,187,41074,198,60847,California
Humboldt, County,Humboldt County,4/26/2021,390,98512,269,47428,117,46922,4,4162,111,19609,277,41351,113,60960,California
Humboldt, County,Humboldt County,4/27/2021,812,99324,312,47740,470,47392,30,4192,180,19189,630,41981,210,61170,California
Humboldt, County,Humboldt County,4/28/2021,1614,100938,847,48587,721,48113,46,4238,422,18468,1189,43170,468,61638,California
Humboldt, County,Humboldt County,4/29/2021,1822,102760,640,49227,1143,49256,39,4277,307,17306,1508,44678,346,61984,California
Humboldt, County,Humboldt County,4/30/2021,1317,104077,438,49665,844,50100,35,4312,208,16445,1102,45780,241,62225,California
Humboldt, County,Humboldt County,5/1/2021,493,104570,395,50060,75,50175,23,4335,304,16584,188,45968,327,62552,California
Humboldt, County,Humboldt County,5/2/2021,239,104809,189,50249,40,50215,10,4345,118,16592,120,46088,128,62680,California
Humboldt, County,Humboldt County,5/3/2021,633,105442,387,50636,222,50437,24,4369,103,16192,528,46616,128,62808,California
Humboldt, County,Humboldt County,5/4/2021,872,106314,525,51161,302,50739,45,4414,265,15897,604,47220,309,63117,California
Humboldt, County,Humboldt County,5/5/2021,1765,108079,1135,52296,571,51310,59,4473,192,14581,1565,48785,249,63366,California
Humboldt, County,Humboldt County,5/6/2021,1717,109796,1094,53390,369,51679,254,4727,142,13405,1572,50357,396,63762,California
Humboldt, County,Humboldt County,5/7/2021,1443,111239,318,53708,1065,52744,60,4787,240,12502,1201,51558,298,64060,California
Humboldt, County,Humboldt County,5/8/2021,750,111989,148,53856,578,53322,24,4811,90,11958,658,52216,114,64174,California
Humboldt, County,Humboldt County,5/9/2021,910,112899,857,54713,43,53365,10,4821,47,11152,863,53079,57,64231,California
Humboldt, County,Humboldt County,5/10/2021,219,113118,37,54750,140,53505,42,4863,81,11137,138,53217,123,64354,California
Humboldt, County,Humboldt County,5/11/2021,542,113660,187,54937,281,53786,74,4937,206,11081,335,53552,279,64633,California
Humboldt, County,Humboldt County,5/12/2021,626,114286,142,55079,437,54223,47,4984,230,10962,395,53947,276,64909,California
Humboldt, County,Humboldt County,5/13/2021,637,114923,301,55380,309,54532,27,5011,287,10929,348,54295,315,65224,California
Humboldt, County,Humboldt County,5/14/2021,714,115637,145,55525,464,54996,105,5116,233,10788,478,54773,337,65561,California
Humboldt, County,Humboldt County,5/15/2021,797,116434,653,56178,134,55130,10,5126,215,10433,580,55353,225,65786,California
Humboldt, County,Humboldt County,5/16/2021,119,116553,53,56231,62,55192,4,5130,68,10454,51,55404,72,65858,California
Humboldt, County,Humboldt County,5/17/2021,410,116963,215,56446,173,55365,22,5152,222,10512,186,55590,244,66102,California
Humboldt, County,Humboldt County,5/18/2021,663,117626,323,56769,311,55676,29,5181,360,10597,303,55893,388,66490,California
Humboldt, County,Humboldt County,5/19/2021,987,118613,549,57318,395,56071,43,5224,319,10293,664,56557,360,66850,California
Humboldt, County,Humboldt County,5/20/2021,846,119459,616,57934,217,56288,13,5237,608,10680,235,56792,622,67472,California
Humboldt, County,Humboldt County,5/21/2021,891,120350,292,58226,532,56820,67,5304,352,10560,539,57331,419,67891,California
Humboldt, County,Humboldt County,5/22/2021,420,120770,323,58549,89,56909,8,5312,148,10446,270,57601,156,68047,California
Humboldt, County,Humboldt County,5/23/2021,397,121167,329,58878,65,56974,3,5315,76,10204,321,57922,79,68126,California
Humboldt, County,Humboldt County,5/24/2021,337,121504,173,59051,135,57109,29,5344,182,10260,155,58077,211,68337,California
Humboldt, County,Humboldt County,5/25/2021,533,122037,340,59391,168,57277,25,5369,287,10329,243,58320,312,68649,California
Humboldt, County,Humboldt County,5/26/2021,649,122686,310,59701,315,57592,24,5393,305,10315,343,58663,329,68978,California
Humboldt, County,Humboldt County,5/27/2021,464,123150,247,59948,180,57772,37,5430,276,10440,188,58851,313,69291,California
Humboldt, County,Humboldt County,5/28/2021,415,123565,193,60141,173,57945,49,5479,170,10417,242,59093,219,69510,California
Humboldt, County,Humboldt County,5/29/2021,174,123739,102,60243,66,58011,6,5485,91,10431,83,59176,97,69607,California
Humboldt, County,Humboldt County,5/30/2021,106,123845,45,60288,56,58067,5,5490,50,10431,55,59231,55,69662,California
Humboldt, County,Humboldt County,5/31/2021,73,123918,27,60315,40,58107,6,5496,49,10462,23,59254,54,69716,California
Humboldt, County,Humboldt County,6/1/2021,466,124384,268,60583,183,58290,15,5511,187,10385,279,59533,202,69918,California
Humboldt, County,Humboldt County,6/2/2021,536,124920,252,60835,229,58519,55,5566,238,10383,293,59826,291,70209,California
Humboldt, County,Humboldt County,6/3/2021,390,125310,227,61062,141,58660,22,5588,83,10209,279,60105,105,70314,California
Humboldt, County,Humboldt County,6/4/2021,511,125821,320,61382,167,58827,24,5612,138,10041,329,60434,161,70475,California
Humboldt, County,Humboldt County,6/5/2021,410,126231,315,61697,50,58877,45,5657,207,10145,148,60582,252,70727,California
Humboldt, County,Humboldt County,6/6/2021,173,126404,119,61816,44,58921,10,5667,69,10126,98,60680,79,70806,California
Humboldt, County,Humboldt County,6/7/2021,365,126769,219,62035,122,59043,24,5691,117,10020,247,60927,141,70947,California
Humboldt, County,Humboldt County,6/8/2021,519,127288,302,62337,188,59231,29,5720,147,9825,370,61297,175,71122,California
Humboldt, County,Humboldt County,6/9/2021,403,127691,207,62544,148,59379,48,5768,128,9728,273,61570,176,71298,California
Humboldt, County,Humboldt County,6/10/2021,567,128258,446,62990,94,59473,27,5795,95,9380,468,62038,120,71418,California
Humboldt, County,Humboldt County,6/11/2021,439,128697,244,63234,167,59640,28,5823,100,9171,338,62376,129,71547,California
Humboldt, County,Humboldt County,6/12/2021,184,128881,133,63367,50,59690,1,5824,51,9091,132,62508,52,71599,California
Humboldt, County,Humboldt County,6/13/2021,215,129096,148,63515,41,59731,26,5850,93,9089,120,62628,118,71717,California
Humboldt, County,Humboldt County,6/14/2021,420,129516,254,63769,138,59869,28,5878,112,8923,306,62934,140,71857,California
Humboldt, County,Humboldt County,6/15/2021,551,130067,375,64144,148,60017,28,5906,158,8721,387,63321,185,72042,California
Humboldt, County,Humboldt County,6/16/2021,486,130553,324,64468,113,60130,49,5955,143,8579,334,63655,192,72234,California
Humboldt, County,Humboldt County,6/17/2021,408,130961,262,64730,100,60230,46,6001,100,8417,308,63963,146,72380,California
Humboldt, County,Humboldt County,6/18/2021,415,131376,239,64969,147,60377,29,6030,146,8328,263,64226,174,72554,California
Humboldt, County,Humboldt County,6/19/2021,205,131581,136,65105,48,60425,21,6051,87,8318,117,64343,107,72661,California
Humboldt, County,Humboldt County,6/20/2021,80,131661,36,65141,30,60455,14,6065,33,8320,45,64388,47,72708,California
Humboldt, County,Humboldt County,6/21/2021,157,131818,73,65214,55,60510,29,6094,55,8302,102,64490,84,72792,California
Humboldt, County,Humboldt County,6/22/2021,352,132170,224,65438,109,60619,19,6113,148,8266,203,64693,167,72959,California
Humboldt, County,Humboldt County,6/23/2021,356,132526,250,65688,75,60694,31,6144,107,8160,242,64935,136,73095,California
Humboldt, County,Humboldt County,6/24/2021,217,132743,107,65795,53,60747,57,6201,88,8178,125,65060,143,73238,California
Humboldt, County,Humboldt County,6/25/2021,262,133005,149,65944,99,60846,14,6215,107,8147,152,65212,121,73359,California
Humboldt, County,Humboldt County,6/26/2021,253,133258,190,66134,39,60885,24,6239,62,8042,191,65403,86,73445,California
Humboldt, County,Humboldt County,6/27/2021,74,133332,51,66185,21,60906,2,6241,26,8022,48,65451,28,73473,California
Humboldt, County,Humboldt County,6/28/2021,157,133489,99,66284,30,60936,28,6269,70,8033,87,65538,98,73571,California
Humboldt, County,Humboldt County,6/29/2021,267,133756,159,66443,75,61011,33,6302,90,7980,175,65713,122,73693,California
Humboldt, County,Humboldt County,6/30/2021,225,133981,145,66588,60,61071,20,6322,94,7965,129,65842,114,73807,California
Humboldt, County,Humboldt County,7/1/2021,198,134179,113,66701,67,61138,18,6340,88,7963,108,65950,106,73913,California
Humboldt, County,Humboldt County,7/2/2021,265,134444,141,66842,83,61221,41,6381,107,7954,157,66107,148,74061,California
Humboldt, County,Humboldt County,7/3/2021,90,134534,61,66903,19,61240,10,6391,39,7953,50,66157,49,74110,California
Humboldt, County,Humboldt County,7/4/2021,9,134543,4,66907,5,61245,0,6391,5,7954,4,66161,5,74115,California
Humboldt, County,Humboldt County,7/5/2021,146,134689,99,67006,35,61280,12,6403,65,7951,80,66241,77,74192,California
Humboldt, County,Humboldt County,7/6/2021,252,134941,161,67167,71,61351,20,6423,68,7856,183,66424,88,74280,California
Humboldt, County,Humboldt County,7/7/2021,260,135201,158,67325,65,61416,37,6460,79,7793,179,66603,116,74396,California
Humboldt, County,Humboldt County,7/8/2021,192,135393,129,67454,46,61462,17,6477,74,7768,116,66719,91,74487,California
Humboldt, County,Humboldt County,7/9/2021,227,135620,140,67594,66,61528,21,6498,79,7719,148,66867,99,74586,California
Humboldt, County,Humboldt County,7/10/2021,131,135751,91,67685,30,61558,10,6508,58,7714,73,66940,68,74654,California
Humboldt, County,Humboldt County,7/11/2021,80,135831,54,67739,14,61572,12,6520,35,7716,45,66985,47,74701,California
Humboldt, County,Humboldt County,7/12/2021,114,135945,67,67806,41,61613,6,6526,53,7714,61,67046,59,74760,California
Humboldt, County,Humboldt County,7/13/2021,174,136119,116,67922,38,61651,20,6546,51,7665,120,67166,71,74831,California
Humboldt, County,Humboldt County,7/14/2021,246,136365,162,68084,71,61722,13,6559,98,7631,144,67310,110,74941,California
Humboldt, County,Humboldt County,7/15/2021,150,136515,90,68174,49,61771,11,6570,51,7595,97,67407,61,75002,California
Humboldt, County,Humboldt County,7/16/2021,243,136758,155,68329,67,61838,21,6591,105,7586,136,67543,127,75129,California
Humboldt, County,Humboldt County,7/17/2021,95,136853,68,68397,26,61864,1,6592,44,7582,50,67593,46,75175,California
Humboldt, County,Humboldt County,7/18/2021,49,136902,26,68423,15,61879,8,6600,21,7583,28,67621,29,75204,California
Humboldt, County,Humboldt County,7/19/2021,156,137058,100,68523,43,61922,13,6613,78,7596,78,67699,91,75295,California
Humboldt, County,Humboldt County,7/20/2021,265,137323,150,68673,72,61994,43,6656,115,7606,148,67847,158,75453,California
Humboldt, County,Humboldt County,7/21/2021,234,137557,169,68842,44,62038,21,6677,118,7631,114,67961,139,75592,California
Humboldt, County,Humboldt County,7/22/2021,196,137753,111,68953,64,62102,21,6698,89,7634,107,68068,110,75702,California
Humboldt, County,Humboldt County,7/23/2021,287,138040,172,69125,89,62191,26,6724,155,7684,131,68199,181,75883,California
Humboldt, County,Humboldt County,7/24/2021,169,138209,112,69237,25,62216,32,6756,82,7714,84,68283,114,75997,California
Humboldt, County,Humboldt County,7/25/2021,60,138269,35,69272,15,62231,10,6766,35,7734,25,68308,45,76042,California
Humboldt, County,Humboldt County,7/26/2021,181,138450,120,69392,48,62279,13,6779,102,7771,78,68386,115,76157,California
Humboldt, County,Humboldt County,7/27/2021,224,138674,138,69530,67,62346,19,6798,126,7822,93,68479,144,76301,California
Humboldt, County,Humboldt County,7/28/2021,244,138918,163,69693,64,62410,17,6815,146,7888,97,68576,163,76464,California
Humboldt, County,Humboldt County,7/29/2021,193,139111,119,69812,53,62463,21,6836,106,7930,85,68661,127,76591,California
Humboldt, County,Humboldt County,7/30/2021,306,139417,177,69989,103,62566,26,6862,162,7979,135,68796,184,76775,California
Humboldt, County,Humboldt County,7/31/2021,141,139558,98,70087,25,62591,18,6880,67,7993,70,68866,84,76859,California
Humboldt, County,Humboldt County,8/1/2021,78,139636,53,70140,21,62612,4,6884,58,8035,20,68886,62,76921,California
Humboldt, County,Humboldt County,8/2/2021,171,139807,105,70245,41,62653,25,6909,99,8090,69,68955,124,77045,California
Humboldt, County,Humboldt County,8/3/2021,223,140030,136,70381,54,62707,33,6942,134,8174,83,69038,167,77212,California
Humboldt, County,Humboldt County,8/4/2021,243,140273,139,70520,73,62780,31,6973,132,8227,110,69148,163,77375,California
Humboldt, County,Humboldt County,8/5/2021,237,140510,150,70670,63,62843,24,6997,146,8309,85,69233,167,77542,California
Humboldt, County,Humboldt County,8/6/2021,429,140939,267,70937,89,62932,73,7070,270,8495,156,69389,342,77884,California
Humboldt, County,Humboldt County,8/7/2021,220,141159,162,71099,32,62964,26,7096,138,8579,80,69469,164,78048,California
Humboldt, County,Humboldt County,8/8/2021,95,141254,62,71161,18,62982,15,7111,62,8623,33,69502,77,78125,California
Humboldt, County,Humboldt County,8/9/2021,197,141451,113,71274,72,63054,12,7123,124,8690,69,69571,136,78261,California
Humboldt, County,Humboldt County,8/10/2021,157,141608,118,71392,15,63069,24,7147,88,8736,66,69637,112,78373,California
Imperial, County,Imperial County,12/15/2020,0,0,0,0,0,0,0,0,0,0,0,0,0,0,California
Imperial, County,Imperial County,12/16/2020,1,1,1,1,0,0,0,0,1,1,0,0,1,1,California
Imperial, County,Imperial County,12/17/2020,4,5,4,5,0,0,0,0,4,5,0,0,4,5,California
Imperial, County,Imperial County,12/18/2020,16,21,16,21,0,0,0,0,16,21,0,0,16,21,California
Imperial, County,Imperial County,12/19/2020,0,21,0,21,0,0,0,0,0,21,0,0,0,21,California
Imperial, County,Imperial County,12/20/2020,2,23,2,23,0,0,0,0,2,23,0,0,2,23,California
Imperial, County,Imperial County,12/21/2020,185,208,185,208,0,0,0,0,185,208,0,0,185,208,California
Imperial, County,Imperial County,12/22/2020,243,451,241,449,2,2,0,0,243,451,0,0,243,451,California
Imperial, County,Imperial County,12/23/2020,210,661,209,658,1,3,0,0,210,661,0,0,210,661,California
Imperial, County,Imperial County,12/24/2020,7,668,7,665,0,3,0,0,7,668,0,0,7,668,California
Imperial, County,Imperial County,12/25/2020,1,669,1,666,0,3,0,0,1,669,0,0,1,669,California
Imperial, County,Imperial County,12/26/2020,4,673,2,668,2,5,0,0,4,673,0,0,4,673,California
Imperial, County,Imperial County,12/27/2020,62,735,0,668,62,67,0,0,62,735,0,0,62,735,California
Imperial, County,Imperial County,12/28/2020,218,953,116,784,102,169,0,0,218,953,0,0,218,953,California
Imperial, County,Imperial County,12/29/2020,194,1147,39,823,155,324,0,0,194,1147,0,0,194,1147,California
Imperial, County,Imperial County,12/30/2020,369,1516,51,874,318,642,0,0,369,1516,0,0,369,1516,California
Imperial, County,Imperial County,12/31/2020,200,1716,29,903,171,813,0,0,200,1716,0,0,200,1716,California
Imperial, County,Imperial County,1/1/2021,22,1738,5,908,17,830,0,0,22,1738,0,0,22,1738,California
Imperial, County,Imperial County,1/2/2021,6,1744,1,909,5,835,0,0,6,1744,0,0,6,1744,California
Imperial, County,Imperial County,1/3/2021,91,1835,0,909,91,926,0,0,91,1835,0,0,91,1835,California
Imperial, County,Imperial County,1/4/2021,90,1925,10,919,80,1006,0,0,90,1925,0,0,90,1925,California
Imperial, County,Imperial County,1/5/2021,174,2099,15,934,159,1165,0,0,174,2099,0,0,174,2099,California
Imperial, County,Imperial County,1/6/2021,197,2296,27,961,170,1335,0,0,196,2294,1,1,196,2295,California
Imperial, County,Imperial County,1/7/2021,333,2629,14,975,319,1654,0,0,328,2617,5,6,328,2623,California
Imperial, County,Imperial County,1/8/2021,199,2828,56,1031,143,1797,0,0,187,2792,12,18,187,2810,California
Imperial, County,Imperial County,1/9/2021,25,2853,22,1053,3,1800,0,0,25,2817,0,18,25,2835,California
Imperial, County,Imperial County,1/10/2021,6,2859,0,1053,6,1806,0,0,6,2823,0,18,6,2841,California
Imperial, County,Imperial County,1/11/2021,403,3262,244,1297,159,1965,0,0,176,2772,227,245,176,3017,California
Imperial, County,Imperial County,1/12/2021,585,3847,475,1772,110,2075,0,0,319,2826,265,510,319,3336,California
Imperial, County,Imperial County,1/13/2021,391,4238,137,1909,254,2329,0,0,289,3013,102,612,289,3625,California
Imperial, County,Imperial County,1/14/2021,307,4545,189,2098,118,2447,0,0,301,3309,5,617,301,3926,California
Imperial, County,Imperial County,1/15/2021,247,4792,182,2280,65,2512,0,0,239,3540,8,625,239,4165,California
Imperial, County,Imperial County,1/16/2021,97,4889,75,2355,22,2534,0,0,96,3635,1,626,96,4261,California
Imperial, County,Imperial County,1/17/2021,19,4908,6,2361,13,2547,0,0,18,3652,1,627,18,4279,California
Imperial, County,Imperial County,1/18/2021,1080,5988,405,2766,675,3222,0,0,981,4535,99,726,982,5261,California
Imperial, County,Imperial County,1/19/2021,180,6168,136,2902,44,3266,0,0,131,4617,49,775,131,5392,California
Imperial, County,Imperial County,1/20/2021,312,6480,202,3104,110,3376,0,0,273,4851,39,814,273,5665,California
Imperial, County,Imperial County,1/21/2021,468,6948,215,3319,253,3629,0,0,444,5271,24,838,444,6109,California
Imperial, County,Imperial County,1/22/2021,482,7430,193,3512,289,3918,0,0,473,5735,9,847,473,6582,California
Imperial, County,Imperial County,1/23/2021,1067,8497,293,3805,774,4692,0,0,1064,6796,3,850,1064,7646,California
Imperial, County,Imperial County,1/24/2021,27,8524,6,3811,21,4713,0,0,26,6821,1,851,26,7672,California
Imperial, County,Imperial County,1/25/2021,229,8753,10,3821,219,4932,0,0,44,6682,183,1034,44,7716,California
Imperial, County,Imperial County,1/26/2021,404,9157,196,4017,208,5140,0,0,257,6794,146,1180,258,7974,California
Imperial, County,Imperial County,1/27/2021,605,9762,174,4191,431,5571,0,0,267,6723,338,1518,267,8241,California
Imperial, County,Imperial County,1/28/2021,666,10428,174,4365,492,6063,0,0,555,7167,111,1629,555,8796,California
Imperial, County,Imperial County,1/29/2021,466,10894,310,4675,156,6219,0,0,413,7527,53,1682,413,9209,California
Imperial, County,Imperial County,1/30/2021,89,10983,43,4718,46,6265,0,0,71,7580,18,1700,71,9280,California
Imperial, County,Imperial County,1/31/2021,37,11020,13,4731,24,6289,0,0,36,7615,1,1701,36,9316,California
Imperial, County,Imperial County,2/1/2021,478,11498,76,4807,402,6691,0,0,264,7666,213,1914,264,9580,California
Imperial, County,Imperial County,2/2/2021,773,12271,89,4896,684,7375,0,0,586,8065,187,2101,586,10166,California
Imperial, County,Imperial County,2/3/2021,635,12906,187,5083,448,7823,0,0,371,8174,262,2363,371,10537,California
Imperial, County,Imperial County,2/4/2021,1952,14858,1396,6479,556,8379,0,0,1511,9246,440,2803,1512,12049,California
Imperial, County,Imperial County,2/5/2021,478,15336,261,6740,217,8596,0,0,241,9251,238,3041,243,12292,California
Imperial, County,Imperial County,2/6/2021,893,16229,851,7591,42,8638,0,0,856,10068,39,3080,856,13148,California
Imperial, County,Imperial County,2/7/2021,50,16279,17,7608,33,8671,0,0,46,10110,4,3084,46,13194,California
Imperial, County,Imperial County,2/8/2021,297,16576,66,7674,231,8902,0,0,228,10269,69,3153,228,13422,California
Imperial, County,Imperial County,2/9/2021,531,17107,183,7857,348,9250,0,0,357,10455,174,3327,360,13782,California
Imperial, County,Imperial County,2/10/2021,506,17613,77,7934,429,9679,0,0,134,10220,372,3699,137,13919,California
Imperial, County,Imperial County,2/11/2021,1111,18724,402,8336,709,10388,0,0,192,9501,914,4613,195,14114,California
Imperial, County,Imperial County,2/12/2021,2240,20964,1481,9817,759,11147,0,0,1875,11014,368,4981,1881,15995,California
Imperial, County,Imperial County,2/13/2021,125,21089,62,9879,63,11210,0,0,106,11099,22,5003,107,16102,California
Imperial, County,Imperial County,2/14/2021,61,21150,37,9916,24,11234,0,0,57,11152,4,5007,57,16159,California
Imperial, County,Imperial County,2/15/2021,177,21327,65,9981,112,11346,0,0,133,11244,44,5051,136,16295,California
Imperial, County,Imperial County,2/16/2021,566,21893,283,10264,283,11629,0,0,337,11356,229,5280,341,16636,California
Imperial, County,Imperial County,2/17/2021,476,22369,315,10579,161,11790,0,0,110,11105,366,5646,115,16751,California
Imperial, County,Imperial County,2/18/2021,705,23074,346,10925,359,12149,0,0,173,10757,531,6177,183,16934,California
Imperial, County,Imperial County,2/19/2021,813,23887,412,11337,401,12550,0,0,217,10381,595,6772,219,17153,California
Imperial, County,Imperial County,2/20/2021,1083,24970,217,11554,866,13416,0,0,348,10010,733,7505,362,17515,California
Imperial, County,Imperial County,2/21/2021,630,25600,595,12149,35,13451,0,0,617,10618,12,7517,620,18135,California
Imperial, County,Imperial County,2/22/2021,884,26484,618,12767,266,13717,0,0,806,11351,78,7595,811,18946,California
Imperial, County,Imperial County,2/23/2021,1183,27667,566,13333,617,14334,0,0,1007,12197,175,7770,1021,19967,California
Imperial, County,Imperial County,2/24/2021,887,28554,414,13747,473,14807,0,0,748,12822,137,7907,762,20729,California
Imperial, County,Imperial County,2/25/2021,1015,29569,436,14183,579,15386,0,0,584,13000,430,8337,608,21337,California
Imperial, County,Imperial County,2/26/2021,2453,32022,1449,15632,1004,16390,0,0,1908,14387,544,8881,1931,23268,California
Imperial, County,Imperial County,2/27/2021,1087,33109,982,16614,105,16495,0,0,278,13876,810,9691,299,23567,California
Imperial, County,Imperial County,2/28/2021,123,33232,97,16711,26,16521,0,0,99,13962,24,9715,110,23677,California
Imperial, County,Imperial County,3/1/2021,647,33879,394,17105,249,16770,4,4,548,14432,93,9808,563,24240,California
Imperial, County,Imperial County,3/2/2021,845,34724,328,17433,516,17286,1,5,479,14564,363,10171,495,24735,California
Imperial, County,Imperial County,3/3/2021,1050,35774,115,17548,935,18221,0,5,632,14810,414,10585,660,25395,California
Imperial, County,Imperial County,3/4/2021,887,36661,158,17706,728,18949,1,6,584,15145,300,10885,635,26030,California
Imperial, County,Imperial County,3/5/2021,3247,39908,2308,20014,939,19888,0,6,1831,15590,1419,12304,1864,27894,California
Imperial, County,Imperial County,3/6/2021,862,40770,353,20367,507,20395,2,8,759,16279,99,12403,788,28682,California
Imperial, County,Imperial County,3/7/2021,184,40954,118,20485,62,20457,4,12,125,16375,58,12461,154,28836,California
Imperial, County,Imperial County,3/8/2021,534,41488,413,20898,82,20539,39,51,419,16753,114,12575,492,29328,California
Imperial, County,Imperial County,3/9/2021,796,42284,394,21292,151,20690,251,302,472,17154,324,12899,725,30053,California
Imperial, County,Imperial County,3/10/2021,893,43177,395,21687,306,20996,192,494,400,17267,492,13391,605,30658,California
Imperial, County,Imperial County,3/11/2021,1985,45162,543,22230,1169,22165,273,767,1268,18119,713,14104,1565,32223,California
Imperial, County,Imperial County,3/12/2021,5041,50203,3540,25770,1236,23401,265,1032,3184,19741,1849,15953,3471,35694,California
Imperial, County,Imperial County,3/13/2021,1257,51460,126,25896,895,24296,236,1268,900,20550,354,16307,1163,36857,California
Imperial, County,Imperial County,3/14/2021,240,51700,66,25962,158,24454,16,1284,166,20675,73,16380,198,37055,California
Imperial, County,Imperial County,3/15/2021,833,52533,287,26249,243,24697,303,1587,448,21063,382,16762,770,37825,California
Imperial, County,Imperial County,3/16/2021,1333,53866,392,26641,422,25119,519,2106,641,21565,688,17450,1190,39015,California
Imperial, County,Imperial County,3/17/2021,1776,55642,765,27406,819,25938,192,2298,1084,22166,684,18134,1285,40300,California
Imperial, County,Imperial County,3/18/2021,1969,57611,1289,28695,595,26533,85,2383,1362,23016,602,18736,1452,41752,California
Imperial, County,Imperial County,3/19/2021,3966,61577,2884,31579,1057,27590,25,2408,1966,23019,1992,20728,1995,43747,California
Imperial, County,Imperial County,3/20/2021,1865,63442,598,32177,1249,28839,18,2426,1364,23917,491,21219,1389,45136,California
Imperial, County,Imperial County,3/21/2021,298,63740,109,32286,184,29023,5,2431,168,23968,130,21349,181,45317,California
Imperial, County,Imperial County,3/22/2021,1185,64925,433,32719,725,29748,27,2458,658,24141,524,21873,697,46014,California
Imperial, County,Imperial County,3/23/2021,1645,66570,577,33296,1046,30794,22,2480,1004,24537,637,22510,1033,47047,California
Imperial, County,Imperial County,3/24/2021,2337,68907,662,33958,1231,32025,444,2924,1244,25140,1088,23598,1691,48738,California
Imperial, County,Imperial County,3/25/2021,3372,72279,822,34780,911,32936,1639,4563,1273,25950,2093,25691,2903,51641,California
Imperial, County,Imperial County,3/26/2021,3395,75674,1282,36062,1093,34029,1020,5583,988,25570,2394,28085,2014,53655,California
Imperial, County,Imperial County,3/27/2021,724,76398,346,36408,308,34337,70,5653,468,25856,252,28337,538,54193,California
Imperial, County,Imperial County,3/28/2021,273,76671,95,36503,169,34506,9,5662,189,25974,82,28419,200,54393,California
Imperial, County,Imperial County,3/29/2021,1674,78345,428,36931,439,34945,807,6469,379,25872,1290,29709,1188,55581,California
Imperial, County,Imperial County,3/30/2021,2284,80629,756,37687,644,35589,884,7353,734,25940,1546,31255,1614,57195,California
Imperial, County,Imperial County,3/31/2021,1702,82331,793,38480,853,36442,56,7409,1073,26442,626,31881,1128,58323,California
Imperial, County,Imperial County,4/1/2021,2274,84605,491,38971,1457,37899,326,7735,929,26362,1335,33216,1255,59578,California
Imperial, County,Imperial County,4/2/2021,2313,86918,538,39509,1637,39536,138,7873,1478,27152,826,34042,1616,61194,California
Imperial, County,Imperial County,4/3/2021,1596,88514,481,39990,1025,40561,90,7963,715,27080,879,34921,807,62001,California
Imperial, County,Imperial County,4/4/2021,127,88641,77,40067,33,40594,17,7980,38,27047,89,35010,56,62057,California
Imperial, County,Imperial County,4/5/2021,3552,92193,2365,42432,963,41557,224,8204,836,25408,2705,37715,1066,63123,California
Imperial, County,Imperial County,4/6/2021,1518,93711,609,43041,642,42199,267,8471,751,25668,762,38477,1022,64145,California
Imperial, County,Imperial County,4/7/2021,2318,96029,630,43671,1251,43450,437,8908,1593,26964,728,39205,2024,66169,California
Imperial, County,Imperial County,4/8/2021,2360,98389,1146,44817,855,44305,359,9267,1100,27166,1255,40460,1457,67626,California
Imperial, County,Imperial County,4/9/2021,3625,102014,1736,46553,1095,45400,794,10061,1608,27557,2007,42467,2398,70024,California
Imperial, County,Imperial County,4/10/2021,1422,103436,250,46803,849,46249,323,10384,268,26995,1150,43617,588,70612,California
Imperial, County,Imperial County,4/11/2021,265,103701,69,46872,163,46412,33,10417,92,26950,172,43789,127,70739,California
Imperial, County,Imperial County,4/12/2021,1542,105243,831,47703,488,46900,223,10640,871,27383,663,44452,1096,71835,California
Imperial, County,Imperial County,4/13/2021,3037,108280,1957,49660,1078,47978,2,10642,2077,28510,955,45407,2082,73917,California
Imperial, County,Imperial County,4/14/2021,2160,110440,1024,50684,1135,49113,1,10643,1431,29226,720,46127,1436,75353,California
Imperial, County,Imperial County,4/15/2021,2074,112514,953,51637,1121,50234,0,10643,1367,29900,699,46826,1373,76726,California
Imperial, County,Imperial County,4/16/2021,3609,116123,1840,53477,1769,52003,0,10643,2253,30813,1343,48169,2256,78982,California
Imperial, County,Imperial County,4/17/2021,1903,118026,965,54442,936,52939,2,10645,1460,31839,437,48606,1463,80445,California
Imperial, County,Imperial County,4/18/2021,281,118307,90,54532,191,53130,0,10645,93,31749,186,48792,96,80541,California
Imperial, County,Imperial County,4/19/2021,912,119219,287,54819,625,53755,0,10645,452,31749,457,49249,457,80998,California
Imperial, County,Imperial County,4/20/2021,1434,120653,572,55391,861,54616,1,10646,800,31921,631,49880,803,81801,California
Imperial, County,Imperial County,4/21/2021,1528,122181,405,55796,1122,55738,1,10647,862,32126,658,50538,863,82664,California
Imperial, County,Imperial County,4/22/2021,2585,124766,857,56653,1728,57466,0,10647,1781,33120,789,51327,1783,84447,California
Imperial, County,Imperial County,4/23/2021,2935,127701,561,57214,2374,59840,0,10647,1129,32482,1771,53098,1133,85580,California
Imperial, County,Imperial County,4/24/2021,622,128323,349,57563,273,60113,0,10647,246,32354,374,53472,246,85826,California
Imperial, County,Imperial County,4/25/2021,283,128606,109,57672,174,60287,0,10647,133,32340,147,53619,133,85959,California
Imperial, County,Imperial County,4/26/2021,1295,129901,509,58181,781,61068,5,10652,727,32512,560,54179,732,86691,California
Imperial, County,Imperial County,4/27/2021,1224,131125,402,58583,810,61878,12,10664,611,32531,605,54784,624,87315,California
Imperial, County,Imperial County,4/28/2021,1575,132700,670,59253,870,62748,35,10699,718,32435,849,55633,753,88068,California
Imperial, County,Imperial County,4/29/2021,1945,134645,895,60148,1000,63748,50,10749,866,32287,1066,56699,918,88986,California
Imperial, County,Imperial County,4/30/2021,3387,138032,1715,61863,1633,65381,39,10788,1640,32227,1739,58438,1679,90665,California
Imperial, County,Imperial County,5/1/2021,409,138441,158,62021,249,65630,2,10790,210,32246,195,58633,214,90879,California
Imperial, County,Imperial County,5/2/2021,101,138542,35,62056,59,65689,7,10797,47,32247,54,58687,55,90934,California
Imperial, County,Imperial County,5/3/2021,1715,140257,578,62634,1089,66778,48,10845,398,31388,1304,59991,445,91379,California
Imperial, County,Imperial County,5/4/2021,1874,142131,1002,63636,845,67623,27,10872,603,30758,1260,61251,630,92009,California
Imperial, County,Imperial County,5/5/2021,1602,143733,927,64563,654,68277,21,10893,506,30203,1083,62334,528,92537,California
Imperial, County,Imperial County,5/6/2021,1819,145552,1178,65741,599,68876,42,10935,588,29611,1224,63558,632,93169,California
Imperial, County,Imperial County,5/7/2021,2723,148275,1491,67232,1175,70051,57,10992,921,28812,1780,65338,981,94150,California
Imperial, County,Imperial County,5/8/2021,842,149117,660,67892,173,70224,9,11001,225,28436,610,65948,234,94384,California
Imperial, County,Imperial County,5/9/2021,111,149228,75,67967,34,70258,2,11003,32,28396,75,66023,35,94419,California
Imperial, County,Imperial County,5/10/2021,1212,150440,315,68282,773,71031,124,11127,374,28064,829,66852,497,94916,California
Imperial, County,Imperial County,5/11/2021,1553,151993,491,68773,1040,72071,22,11149,541,27627,1005,67857,568,95484,California
Imperial, County,Imperial County,5/12/2021,931,152924,286,69059,604,72675,41,11190,355,27451,571,68428,395,95879,California
Imperial, County,Imperial County,5/13/2021,2005,154929,1296,70355,636,73311,73,11263,912,27355,1079,69507,983,96862,California
Imperial, County,Imperial County,5/14/2021,1863,156792,987,71342,813,74124,63,11326,1206,27980,644,70151,1269,98131,California
Imperial, County,Imperial County,5/15/2021,1318,158110,499,71841,795,74919,24,11350,500,27692,813,70964,525,98656,California
Imperial, County,Imperial County,5/16/2021,130,158240,89,71930,37,74956,4,11354,57,27681,72,71036,61,98717,California
Imperial, County,Imperial County,5/17/2021,2013,160253,742,72672,1216,76172,55,11409,701,27132,1305,72341,756,99473,California
Imperial, County,Imperial County,5/18/2021,1821,162074,909,73581,832,77004,80,11489,985,27370,828,73169,1066,100539,California
Imperial, County,Imperial County,5/19/2021,1393,163467,629,74210,693,77697,71,11560,643,27343,740,73909,713,101252,California
Imperial, County,Imperial County,5/20/2021,1959,165426,1071,75281,808,78505,80,11640,824,27129,1118,75027,904,102156,California
Imperial, County,Imperial County,5/21/2021,2016,167442,1260,76541,690,79195,66,11706,1011,27213,993,76020,1077,103233,California
Imperial, County,Imperial County,5/22/2021,372,167814,204,76745,144,79339,24,11730,178,27228,187,76207,202,103435,California
Imperial, County,Imperial County,5/23/2021,100,167914,38,76783,53,79392,9,11739,37,27213,61,76268,46,103481,California
Imperial, County,Imperial County,5/24/2021,1305,169219,642,77425,599,79991,64,11803,532,27042,766,77034,595,104076,California
Imperial, County,Imperial County,5/25/2021,1590,170809,500,77925,1042,81033,48,11851,571,26655,1007,78041,620,104696,California
Imperial, County,Imperial County,5/26/2021,1145,171954,585,78510,502,81535,58,11909,510,26591,631,78672,567,105263,California
Imperial, County,Imperial County,5/27/2021,1429,173383,765,79275,585,82120,79,11988,703,26652,721,79393,782,106045,California
Imperial, County,Imperial County,5/28/2021,1161,174544,630,79905,438,82558,93,12081,427,26451,722,80115,521,106566,California
Imperial, County,Imperial County,5/29/2021,357,174901,156,80061,159,82717,42,12123,167,26470,189,80304,208,106774,California
Imperial, County,Imperial County,5/30/2021,106,175007,33,80094,71,82788,2,12125,72,26510,34,80338,74,106848,California
Imperial, County,Imperial County,5/31/2021,85,175092,23,80117,55,82843,7,12132,40,26512,45,80383,47,106895,California
Imperial, County,Imperial County,6/1/2021,1360,176452,599,80716,640,83483,121,12253,521,26327,828,81211,643,107538,California
Imperial, County,Imperial County,6/2/2021,1235,177687,634,81350,472,83955,129,12382,615,26458,611,81822,742,108280,California
Imperial, County,Imperial County,6/3/2021,1397,179084,781,82131,479,84434,137,12519,636,26478,753,82575,773,109053,California
Imperial, County,Imperial County,6/4/2021,2550,181634,1770,83901,620,85054,160,12679,1062,26229,1470,84045,1221,110274,California
Imperial, County,Imperial County,6/5/2021,490,182124,275,84176,157,85211,58,12737,232,26266,253,84298,290,110564,California
Imperial, County,Imperial County,6/6/2021,87,182211,50,84226,25,85236,12,12749,45,26282,42,84340,58,110622,California
Imperial, County,Imperial County,6/7/2021,1042,183253,668,84894,296,85532,78,12827,492,26304,548,84888,570,111192,California
Imperial, County,Imperial County,6/8/2021,1493,184746,1068,85962,336,85868,89,12916,600,26107,887,85775,690,111882,California
Imperial, County,Imperial County,6/9/2021,1146,185892,791,86753,279,86147,76,12992,523,26088,617,86392,598,112480,California
Imperial, County,Imperial County,6/10/2021,1233,187125,800,87553,359,86506,74,13066,445,25825,782,87174,519,112999,California
Imperial, County,Imperial County,6/11/2021,1744,188869,1226,88779,450,86956,68,13134,747,25659,984,88158,818,113817,California
Imperial, County,Imperial County,6/12/2021,342,189211,168,88947,141,87097,33,13167,163,25678,177,88335,196,114013,California
Imperial, County,Imperial County,6/13/2021,89,189300,26,88973,61,87158,2,13169,57,25707,31,88366,60,114073,California
Imperial, County,Imperial County,6/14/2021,889,190189,633,89606,211,87369,45,13214,383,25633,502,88868,428,114501,California
Imperial, County,Imperial County,6/15/2021,1112,191301,774,90380,289,87658,49,13263,503,25584,603,89471,554,115055,California
Imperial, County,Imperial County,6/16/2021,1047,192348,670,91050,307,87965,70,13333,501,25616,541,90012,573,115628,California
Imperial, County,Imperial County,6/17/2021,1134,193482,803,91853,271,88236,60,13393,477,25500,651,90663,535,116163,California
Imperial, County,Imperial County,6/18/2021,1191,194673,835,92688,285,88521,71,13464,719,25829,460,91123,789,116952,California
Imperial, County,Imperial County,6/19/2021,353,195026,221,92909,117,88638,15,13479,177,25846,175,91298,192,117144,California
Imperial, County,Imperial County,6/20/2021,67,195093,32,92941,31,88669,4,13483,24,25831,43,91341,28,117172,California
Imperial, County,Imperial County,6/21/2021,693,195786,422,93363,233,88902,38,13521,426,26036,261,91602,466,117638,California
Imperial, County,Imperial County,6/22/2021,1200,196986,834,94197,315,89217,51,13572,651,26196,542,92144,702,118340,California
Imperial, County,Imperial County,6/23/2021,1163,198149,794,94991,305,89522,64,13636,626,26358,526,92670,688,119028,California
Imperial, County,Imperial County,6/24/2021,1071,199220,728,95719,295,89817,48,13684,554,26446,514,93184,602,119630,California
Imperial, County,Imperial County,6/25/2021,1465,200685,1088,96807,293,90110,84,13768,623,26322,829,94013,705,120335,California
Imperial, County,Imperial County,6/26/2021,270,200955,174,96981,88,90198,8,13776,90,26242,178,94191,98,120433,California
Imperial, County,Imperial County,6/27/2021,126,201081,62,97043,59,90257,5,13781,53,26226,73,94264,57,120490,California
Imperial, County,Imperial County,6/28/2021,655,201736,477,97520,157,90414,21,13802,339,26274,311,94575,359,120849,California
Imperial, County,Imperial County,6/29/2021,894,202630,656,98176,184,90598,54,13856,409,26258,481,95056,465,121314,California
Imperial, County,Imperial County,6/30/2021,900,203530,586,98762,289,90887,25,13881,385,26160,510,95566,412,121726,California
Imperial, County,Imperial County,7/1/2021,809,204339,580,99342,213,91100,16,13897,394,26162,408,95974,410,122136,California
Imperial, County,Imperial County,7/2/2021,955,205294,644,99986,285,91385,26,13923,406,26051,542,96516,431,122567,California
Imperial, County,Imperial County,7/3/2021,250,205544,129,100115,114,91499,7,13930,100,26013,144,96660,106,122673,California
Imperial, County,Imperial County,7/4/2021,42,205586,15,100130,24,91523,3,13933,19,26012,23,96683,22,122695,California
Imperial, County,Imperial County,7/5/2021,206,205792,91,100221,108,91631,7,13940,84,25981,121,96804,90,122785,California
Imperial, County,Imperial County,7/6/2021,986,206778,691,100912,266,91897,29,13969,388,25808,591,97395,418,123203,California
Imperial, County,Imperial County,7/7/2021,886,207664,557,101469,197,92094,132,14101,316,25692,563,97958,447,123650,California
Imperial, County,Imperial County,7/8/2021,748,208412,543,102012,178,92272,27,14128,323,25623,419,98377,350,124000,California
Imperial, County,Imperial County,7/9/2021,1029,209441,755,102767,245,92517,29,14157,452,25535,569,98946,481,124481,California
Imperial, County,Imperial County,7/10/2021,257,209698,135,102902,119,92636,3,14160,128,25539,127,99073,131,124612,California
Imperial, County,Imperial County,7/11/2021,95,209793,41,102943,54,92690,0,14160,49,25543,45,99118,49,124661,California
Imperial, County,Imperial County,7/12/2021,700,210493,523,103466,162,92852,15,14175,271,25404,424,99542,285,124946,California
Imperial, County,Imperial County,7/13/2021,744,211237,551,104017,175,93027,18,14193,350,25383,389,99931,368,125314,California
Imperial, County,Imperial County,7/14/2021,889,212126,651,104668,212,93239,26,14219,333,25197,544,100475,358,125672,California
Imperial, County,Imperial County,7/15/2021,726,212852,528,105196,181,93420,17,14236,328,25149,392,100867,344,126016,California
Imperial, County,Imperial County,7/16/2021,790,213642,570,105766,198,93618,22,14258,371,25130,413,101280,394,126410,California
Imperial, County,Imperial County,7/17/2021,199,213841,90,105856,109,93727,0,14258,104,25138,96,101376,104,126514,California
Imperial, County,Imperial County,7/18/2021,57,213898,30,105886,26,93753,1,14259,30,25142,27,101403,31,126545,California
Imperial, County,Imperial County,7/19/2021,582,214480,383,106269,183,93936,16,14275,257,25095,318,101721,271,126816,California
Imperial, County,Imperial County,7/20/2021,863,215343,623,106892,206,94142,34,14309,396,25068,457,102178,430,127246,California
Imperial, County,Imperial County,7/21/2021,715,216058,432,107324,266,94408,17,14326,347,25073,362,102540,367,127613,California
Imperial, County,Imperial County,7/22/2021,758,216816,524,107848,214,94622,20,14346,336,25016,413,102953,356,127969,California
Imperial, County,Imperial County,7/23/2021,780,217596,556,108404,207,94829,17,14363,385,25031,387,103340,402,128371,California
Imperial, County,Imperial County,7/24/2021,210,217806,107,108511,100,94929,3,14366,129,25084,79,103419,132,128503,California
Imperial, County,Imperial County,7/25/2021,41,217847,10,108521,31,94960,0,14366,26,25096,14,103433,26,128529,California
Imperial, County,Imperial County,7/26/2021,485,218332,297,108818,161,95121,27,14393,269,25182,211,103644,297,128826,California
Imperial, County,Imperial County,7/27/2021,759,219091,537,109355,193,95314,29,14422,389,25239,363,104007,420,129246,California
Imperial, County,Imperial County,7/28/2021,659,219750,447,109802,179,95493,33,14455,374,25366,279,104286,406,129652,California
Imperial, County,Imperial County,7/29/2021,638,220388,468,110270,144,95637,26,14481,316,25393,315,104601,342,129994,California
Imperial, County,Imperial County,7/30/2021,722,221110,527,110797,165,95802,30,14511,364,25433,353,104954,393,130387,California
Imperial, County,Imperial County,7/31/2021,225,221335,150,110947,71,95873,4,14515,126,25464,99,105053,130,130517,California
Imperial, County,Imperial County,8/1/2021,72,221407,45,110992,27,95900,0,14515,35,25462,37,105090,35,130552,California
Imperial, County,Imperial County,8/2/2021,507,221914,380,111372,109,96009,18,14533,260,25498,240,105330,276,130828,California
Imperial, County,Imperial County,8/3/2021,736,222650,532,111904,172,96181,32,14565,401,25601,331,105661,434,131262,California
Imperial, County,Imperial County,8/4/2021,673,223323,516,112420,143,96324,14,14579,334,25621,328,105989,348,131610,California
Imperial, County,Imperial County,8/5/2021,617,223940,456,112876,134,96458,27,14606,347,25731,263,106252,373,131983,California
Imperial, County,Imperial County,8/6/2021,691,224631,525,113401,148,96606,18,14624,377,25816,312,106564,397,132380,California
Imperial, County,Imperial County,8/7/2021,414,225045,292,113693,114,96720,8,14632,267,25947,144,106708,275,132655,California
Imperial, County,Imperial County,8/8/2021,83,225128,58,113751,25,96745,0,14632,52,25969,30,106738,52,132707,California
Imperial, County,Imperial County,8/9/2021,516,225644,367,114118,125,96870,24,14656,277,26037,234,106972,302,133009,California
Imperial, County,Imperial County,8/10/2021,464,226108,400,114518,54,96924,10,14666,277,26140,185,107157,288,133297,California
Inyo, County,Inyo County,12/15/2020,0,0,0,0,0,0,0,0,0,0,0,0,0,0,California
Inyo, County,Inyo County,12/16/2020,0,0,0,0,0,0,0,0,0,0,0,0,0,0,California
Inyo, County,Inyo County,12/17/2020,0,0,0,0,0,0,0,0,0,0,0,0,0,0,California
Inyo, County,Inyo County,12/18/2020,0,0,0,0,0,0,0,0,0,0,0,0,0,0,California
Inyo, County,Inyo County,12/19/2020,85,85,85,85,0,0,0,0,85,85,0,0,85,85,California
Inyo, County,Inyo County,12/20/2020,59,144,59,144,0,0,0,0,59,144,0,0,59,144,California
Inyo, County,Inyo County,12/21/2020,88,232,85,229,3,3,0,0,88,232,0,0,88,232,California
Inyo, County,Inyo County,12/22/2020,102,334,101,330,1,4,0,0,102,334,0,0,102,334,California
Inyo, County,Inyo County,12/23/2020,69,403,65,395,4,8,0,0,69,403,0,0,69,403,California
Inyo, County,Inyo County,12/24/2020,15,418,15,410,0,8,0,0,15,418,0,0,15,418,California
Inyo, County,Inyo County,12/25/2020,1,419,0,410,1,9,0,0,1,419,0,0,1,419,California
Inyo, County,Inyo County,12/26/2020,73,492,73,483,0,9,0,0,73,492,0,0,73,492,California
Inyo, County,Inyo County,12/27/2020,0,492,0,483,0,9,0,0,0,492,0,0,0,492,California
Inyo, County,Inyo County,12/28/2020,47,539,35,518,12,21,0,0,47,539,0,0,47,539,California
Inyo, County,Inyo County,12/29/2020,17,556,17,535,0,21,0,0,17,556,0,0,17,556,California
Inyo, County,Inyo County,12/30/2020,56,612,54,589,2,23,0,0,56,612,0,0,56,612,California
Inyo, County,Inyo County,12/31/2020,30,642,0,589,30,53,0,0,30,642,0,0,30,642,California
Inyo, County,Inyo County,1/1/2021,1,643,0,589,1,54,0,0,1,643,0,0,1,643,California
Inyo, County,Inyo County,1/2/2021,0,643,0,589,0,54,0,0,0,643,0,0,0,643,California
Inyo, County,Inyo County,1/3/2021,1,644,0,589,1,55,0,0,1,644,0,0,1,644,California
Inyo, County,Inyo County,1/4/2021,5,649,2,591,3,58,0,0,5,649,0,0,5,649,California
Inyo, County,Inyo County,1/5/2021,35,684,0,591,35,93,0,0,35,684,0,0,35,684,California
Inyo, County,Inyo County,1/6/2021,60,744,0,591,60,153,0,0,60,744,0,0,60,744,California
Inyo, County,Inyo County,1/7/2021,31,775,1,592,30,183,0,0,31,775,0,0,31,775,California
Inyo, County,Inyo County,1/8/2021,8,783,8,600,0,183,0,0,3,774,5,5,4,779,California
Inyo, County,Inyo County,1/9/2021,86,869,86,686,0,183,0,0,0,688,86,91,0,779,California
Inyo, County,Inyo County,1/10/2021,53,922,53,739,0,183,0,0,0,635,53,144,0,779,California
Inyo, County,Inyo County,1/11/2021,97,1019,82,821,15,198,0,0,16,570,81,225,16,795,California
Inyo, County,Inyo County,1/12/2021,133,1152,112,933,21,219,0,0,27,491,106,331,27,822,California
Inyo, County,Inyo County,1/13/2021,85,1237,67,1000,18,237,0,0,21,449,64,395,22,844,California
Inyo, County,Inyo County,1/14/2021,60,1297,13,1013,47,284,0,0,50,489,10,405,50,894,California
Inyo, County,Inyo County,1/15/2021,156,1453,28,1041,128,412,0,0,156,645,0,405,156,1050,California
Inyo, County,Inyo County,1/16/2021,72,1525,72,1113,0,412,0,0,0,573,72,477,0,1050,California
Inyo, County,Inyo County,1/17/2021,0,1525,0,1113,0,412,0,0,0,573,0,477,0,1050,California
Inyo, County,Inyo County,1/18/2021,57,1582,35,1148,22,434,0,0,19,554,38,515,19,1069,California
Inyo, County,Inyo County,1/19/2021,110,1692,69,1217,41,475,0,0,94,632,16,531,94,1163,California
Inyo, County,Inyo County,1/20/2021,147,1839,69,1286,78,553,0,0,90,665,57,588,90,1253,California
Inyo, County,Inyo County,1/21/2021,117,1956,57,1343,60,613,0,0,116,780,1,589,116,1369,California
Inyo, County,Inyo County,1/22/2021,62,2018,0,1343,62,675,0,0,60,838,2,591,60,1429,California
Inyo, County,Inyo County,1/23/2021,46,2064,44,1387,2,677,0,0,45,883,0,591,45,1474,California
Inyo, County,Inyo County,1/24/2021,0,2064,0,1387,0,677,0,0,0,883,0,591,0,1474,California
Inyo, County,Inyo County,1/25/2021,49,2113,5,1392,44,721,0,0,35,904,14,605,35,1509,California
Inyo, County,Inyo County,1/26/2021,129,2242,48,1440,81,802,0,0,123,1021,6,611,123,1632,California
Inyo, County,Inyo County,1/27/2021,24,2266,2,1442,22,824,0,0,23,1043,1,612,23,1655,California
Inyo, County,Inyo County,1/28/2021,90,2356,3,1445,87,911,0,0,61,1075,29,641,61,1716,California
Inyo, County,Inyo County,1/29/2021,24,2380,2,1447,22,933,0,0,22,1095,2,643,22,1738,California
Inyo, County,Inyo County,1/30/2021,11,2391,0,1447,11,944,0,0,10,1104,1,644,10,1748,California
Inyo, County,Inyo County,1/31/2021,24,2415,3,1450,21,965,0,0,3,1086,21,665,3,1751,California
Inyo, County,Inyo County,2/1/2021,11,2426,10,1460,1,966,0,0,1,1077,10,675,1,1752,California
Inyo, County,Inyo County,2/2/2021,130,2556,14,1474,116,1082,0,0,104,1155,26,701,104,1856,California
Inyo, County,Inyo County,2/3/2021,116,2672,0,1474,116,1198,0,0,72,1184,44,745,73,1929,California
Inyo, County,Inyo County,2/4/2021,149,2821,32,1506,117,1315,0,0,89,1214,60,805,90,2019,California
Inyo, County,Inyo County,2/5/2021,108,2929,52,1558,56,1371,0,0,106,1318,2,807,106,2125,California
Inyo, County,Inyo County,2/6/2021,3,2932,3,1561,0,1371,0,0,2,1320,0,807,2,2127,California
Inyo, County,Inyo County,2/7/2021,4,2936,2,1563,2,1373,0,0,4,1324,0,807,4,2131,California
Inyo, County,Inyo County,2/8/2021,112,3048,5,1568,107,1480,0,0,94,1400,18,825,94,2225,California
Inyo, County,Inyo County,2/9/2021,200,3248,50,1618,150,1630,0,0,130,1460,70,895,130,2355,California
Inyo, County,Inyo County,2/10/2021,143,3391,14,1632,129,1759,0,0,110,1537,33,928,110,2465,California
Inyo, County,Inyo County,2/11/2021,225,3616,57,1689,168,1927,0,0,129,1570,96,1024,129,2594,California
Inyo, County,Inyo County,2/12/2021,294,3910,49,1738,245,2172,0,0,166,1609,127,1151,166,2760,California
Inyo, County,Inyo County,2/13/2021,48,3958,44,1782,4,2176,0,0,5,1571,43,1194,5,2765,California
Inyo, County,Inyo County,2/14/2021,2,3960,0,1782,2,2178,0,0,2,1573,0,1194,2,2767,California
Inyo, County,Inyo County,2/15/2021,26,3986,7,1789,19,2197,0,0,5,1557,21,1215,5,2772,California
Inyo, County,Inyo County,2/16/2021,175,4161,47,1836,128,2325,0,0,89,1563,83,1298,89,2861,California
Inyo, County,Inyo County,2/17/2021,39,4200,4,1840,35,2360,0,0,9,1542,30,1328,9,2870,California
Inyo, County,Inyo County,2/18/2021,121,4321,6,1846,115,2475,0,0,80,1581,41,1369,80,2950,California
Inyo, County,Inyo County,2/19/2021,51,4372,4,1850,47,2522,0,0,9,1548,42,1411,9,2959,California
Inyo, County,Inyo County,2/20/2021,508,4880,502,2352,6,2528,0,0,505,2051,2,1413,505,3464,California
Inyo, County,Inyo County,2/21/2021,442,5322,442,2794,0,2528,0,0,441,2492,0,1413,441,3905,California
Inyo, County,Inyo County,2/22/2021,60,5382,17,2811,43,2571,0,0,25,2482,35,1448,25,3930,California
Inyo, County,Inyo County,2/23/2021,198,5580,17,2828,181,2752,0,0,90,2466,106,1554,90,4020,California
Inyo, County,Inyo County,2/24/2021,117,5697,0,2828,117,2869,0,0,57,2463,60,1614,57,4077,California
Inyo, County,Inyo County,2/25/2021,127,5824,2,2830,125,2994,0,0,62,2460,65,1679,62,4139,California
Inyo, County,Inyo County,2/26/2021,96,5920,51,2881,45,3039,0,0,21,2406,75,1754,21,4160,California
Inyo, County,Inyo County,2/27/2021,15,5935,3,2884,12,3051,0,0,2,2395,13,1767,2,4162,California
Inyo, County,Inyo County,2/28/2021,2,5937,1,2885,1,3052,0,0,1,2395,1,1768,1,4163,California
Inyo, County,Inyo County,3/1/2021,19,5956,2,2887,17,3069,0,0,17,2410,2,1770,17,4180,California
Inyo, County,Inyo County,3/2/2021,198,6154,0,2887,198,3267,0,0,112,2436,86,1856,112,4292,California
Inyo, County,Inyo County,3/3/2021,87,6241,3,2890,84,3351,0,0,42,2434,44,1900,42,4334,California
Inyo, County,Inyo County,3/4/2021,126,6367,2,2892,124,3475,0,0,45,2399,80,1980,45,4379,California
Inyo, County,Inyo County,3/5/2021,142,6509,53,2945,89,3564,0,0,42,2341,100,2080,42,4421,California
Inyo, County,Inyo County,3/6/2021,20,6529,1,2946,19,3583,0,0,20,2361,0,2080,20,4441,California
Inyo, County,Inyo County,3/7/2021,6,6535,3,2949,3,3586,0,0,4,2363,2,2082,4,4445,California
Inyo, County,Inyo County,3/8/2021,169,6704,5,2954,164,3750,0,0,77,2348,92,2174,77,4522,California
Inyo, County,Inyo County,3/9/2021,191,6895,2,2956,189,3939,0,0,74,2305,117,2291,74,4596,California
Inyo, County,Inyo County,3/10/2021,72,6967,7,2963,64,4003,1,1,30,2294,42,2333,31,4627,California
Inyo, County,Inyo County,3/11/2021,211,7178,1,2964,205,4208,5,6,75,2238,136,2469,80,4707,California
Inyo, County,Inyo County,3/12/2021,178,7356,3,2967,169,4377,6,12,78,2223,99,2568,84,4791,California
Inyo, County,Inyo County,3/13/2021,568,7924,536,3503,23,4400,9,21,60,1786,506,3074,69,4860,California
Inyo, County,Inyo County,3/14/2021,439,8363,437,3940,2,4402,0,21,2,1352,436,3510,2,4862,California
Inyo, County,Inyo County,3/15/2021,51,8414,14,3954,35,4437,2,23,31,1365,20,3530,33,4895,California
Inyo, County,Inyo County,3/16/2021,161,8575,3,3957,152,4589,6,29,61,1335,98,3628,68,4963,California
Inyo, County,Inyo County,3/17/2021,107,8682,1,3958,99,4688,7,36,92,1419,15,3643,99,5062,California
Inyo, County,Inyo County,3/18/2021,184,8866,15,3973,163,4851,6,42,102,1445,82,3725,108,5170,California
Inyo, County,Inyo County,3/19/2021,46,8912,5,3978,37,4888,4,46,35,1474,10,3735,39,5209,California
Inyo, County,Inyo County,3/20/2021,19,8931,1,3979,9,4897,9,55,0,1464,19,3754,9,5218,California
Inyo, County,Inyo County,3/21/2021,0,8931,0,3979,0,4897,0,55,0,1464,0,3754,0,5218,California
Inyo, County,Inyo County,3/22/2021,59,8990,3,3982,51,4948,5,60,39,1488,20,3774,44,5262,California
Inyo, County,Inyo County,3/23/2021,193,9183,3,3985,186,5134,4,64,105,1509,88,3862,109,5371,California
Inyo, County,Inyo County,3/24/2021,141,9324,2,3987,134,5268,5,69,86,1546,55,3917,92,5463,California
Inyo, County,Inyo County,3/25/2021,331,9655,111,4098,217,5485,3,72,265,1748,66,3983,268,5731,California
Inyo, County,Inyo County,3/26/2021,92,9747,3,4101,85,5570,4,76,70,1800,22,4005,74,5805,California
Inyo, County,Inyo County,3/27/2021,46,9793,38,4139,5,5575,3,79,40,1837,6,4011,43,5848,California
Inyo, County,Inyo County,3/28/2021,2,9795,0,4139,2,5577,0,79,2,1839,0,4011,2,5850,California
Inyo, County,Inyo County,3/29/2021,106,9901,2,4141,99,5676,5,84,80,1899,25,4036,85,5935,California
Inyo, County,Inyo County,3/30/2021,220,10121,1,4142,214,5890,5,89,110,1904,110,4146,115,6050,California
Inyo, County,Inyo County,3/31/2021,148,10269,3,4145,139,6029,6,95,103,1969,45,4191,110,6160,California
Inyo, County,Inyo County,4/1/2021,168,10437,2,4147,165,6194,1,96,115,2033,52,4243,116,6276,California
Inyo, County,Inyo County,4/2/2021,82,10519,1,4148,79,6273,2,98,49,2051,33,4276,51,6327,California
Inyo, County,Inyo County,4/3/2021,72,10591,37,4185,22,6295,13,111,3,1999,67,4343,15,6342,California
Inyo, County,Inyo County,4/4/2021,5,10596,4,4189,0,6295,1,112,1,1997,4,4347,2,6344,California
Inyo, County,Inyo County,4/5/2021,100,10696,0,4189,97,6392,3,115,28,1956,72,4419,31,6375,California
Inyo, County,Inyo County,4/6/2021,234,10930,3,4192,167,6559,64,179,102,1990,132,4551,166,6541,California
Inyo, County,Inyo County,4/7/2021,203,11133,0,4192,75,6634,128,307,45,2005,158,4709,173,6714,California
Inyo, County,Inyo County,4/8/2021,181,11314,15,4207,150,6784,16,323,83,2006,98,4807,99,6813,California
Inyo, County,Inyo County,4/9/2021,124,11438,4,4211,97,6881,23,346,35,1976,88,4895,58,6871,California
Inyo, County,Inyo County,4/10/2021,42,11480,2,4213,23,6904,17,363,6,1962,36,4931,22,6893,California
Inyo, County,Inyo County,4/11/2021,1,11481,0,4213,1,6905,0,363,1,1963,0,4931,1,6894,California
Inyo, County,Inyo County,4/12/2021,80,11561,0,4213,75,6980,5,368,42,1972,38,4969,47,6941,California
Inyo, County,Inyo County,4/13/2021,123,11684,5,4218,115,7095,3,371,63,1980,58,5027,66,7007,California
Inyo, County,Inyo County,4/14/2021,130,11814,2,4220,128,7223,0,371,45,1940,85,5112,45,7052,California
Inyo, County,Inyo County,4/15/2021,268,12082,115,4335,153,7376,0,371,72,1816,196,5308,72,7124,California
Inyo, County,Inyo County,4/16/2021,45,12127,4,4339,41,7417,0,371,16,1804,28,5336,16,7140,California
Inyo, County,Inyo County,4/17/2021,2,12129,1,4340,1,7418,0,371,1,1804,1,5337,1,7141,California
Inyo, County,Inyo County,4/18/2021,0,12129,0,4340,0,7418,0,371,0,1804,0,5337,0,7141,California
Inyo, County,Inyo County,4/19/2021,123,12252,37,4377,86,7504,0,371,42,1766,80,5417,42,7183,California
Inyo, County,Inyo County,4/20/2021,165,12417,2,4379,163,7667,0,371,80,1762,85,5502,81,7264,California
Inyo, County,Inyo County,4/21/2021,113,12530,5,4384,108,7775,0,371,32,1713,81,5583,32,7296,California
Inyo, County,Inyo County,4/22/2021,199,12729,1,4385,198,7973,0,371,53,1620,146,5729,53,7349,California
Inyo, County,Inyo County,4/23/2021,95,12824,4,4389,91,8064,0,371,22,1569,73,5802,22,7371,California
Inyo, County,Inyo County,4/24/2021,313,13137,312,4701,1,8065,0,371,308,1873,5,5807,309,7680,California
Inyo, County,Inyo County,4/25/2021,140,13277,138,4839,2,8067,0,371,138,2009,2,5809,138,7818,California
Inyo, County,Inyo County,4/26/2021,93,13370,2,4841,90,8157,1,372,12,1942,80,5889,13,7831,California
Inyo, County,Inyo County,4/27/2021,183,13553,5,4846,174,8331,4,376,49,1861,134,6023,53,7884,California
Inyo, County,Inyo County,4/28/2021,121,13674,3,4849,116,8447,2,378,21,1785,99,6122,23,7907,California
Inyo, County,Inyo County,4/29/2021,172,13846,56,4905,116,8563,0,378,80,1773,92,6214,80,7987,California
Inyo, County,Inyo County,4/30/2021,81,13927,4,4909,76,8639,1,379,23,1739,58,6272,24,8011,California
Inyo, County,Inyo County,5/1/2021,10,13937,3,4912,7,8646,0,379,7,1743,3,6275,7,8018,California
Inyo, County,Inyo County,5/2/2021,6,13943,2,4914,2,8648,2,381,4,1747,2,6277,6,8024,California
Inyo, County,Inyo County,5/3/2021,38,13981,1,4915,33,8681,4,385,5,1723,33,6310,9,8033,California
Inyo, County,Inyo County,5/4/2021,119,14100,2,4917,114,8795,3,388,19,1645,100,6410,22,8055,California
Inyo, County,Inyo County,5/5/2021,36,14136,0,4917,34,8829,2,390,11,1633,25,6435,13,8068,California
Inyo, County,Inyo County,5/6/2021,96,14232,3,4920,85,8914,8,398,13,1571,83,6518,21,8089,California
Inyo, County,Inyo County,5/7/2021,48,14280,3,4923,37,8951,8,406,24,1581,22,6540,32,8121,California
Inyo, County,Inyo County,5/8/2021,13,14293,2,4925,6,8957,5,411,4,1581,9,6549,9,8130,California
Inyo, County,Inyo County,5/9/2021,1,14294,0,4925,1,8958,0,411,0,1580,1,6550,0,8130,California
Inyo, County,Inyo County,5/10/2021,70,14364,1,4926,67,9025,2,413,32,1576,39,6589,35,8165,California
Inyo, County,Inyo County,5/11/2021,89,14453,1,4927,85,9110,3,416,20,1530,69,6658,23,8188,California
Inyo, County,Inyo County,5/12/2021,43,14496,2,4929,39,9149,2,418,11,1511,32,6690,13,8201,California
Inyo, County,Inyo County,5/13/2021,77,14573,0,4929,76,9225,1,419,10,1455,67,6757,11,8212,California
Inyo, County,Inyo County,5/14/2021,27,14600,5,4934,17,9242,5,424,14,1461,13,6770,19,8231,California
Inyo, County,Inyo County,5/15/2021,381,14981,368,5302,10,9252,3,427,84,1253,295,7065,87,8318,California
Inyo, County,Inyo County,5/16/2021,205,15186,205,5507,0,9252,0,427,74,1197,130,7195,74,8392,California
Inyo, County,Inyo County,5/17/2021,60,15246,2,5509,55,9307,3,430,18,1176,42,7237,21,8413,California
Inyo, County,Inyo County,5/18/2021,86,15332,2,5511,83,9390,1,431,17,1126,68,7305,18,8431,California
Inyo, County,Inyo County,5/19/2021,47,15379,3,5514,39,9429,5,436,12,1108,35,7340,17,8448,California
Inyo, County,Inyo County,5/20/2021,147,15526,81,5595,64,9493,2,438,37,1036,111,7451,39,8487,California
Inyo, County,Inyo County,5/21/2021,48,15574,18,5613,25,9518,5,443,19,1031,29,7480,24,8511,California
Inyo, County,Inyo County,5/22/2021,24,15598,14,5627,7,9525,3,446,18,1046,6,7486,21,8532,California
Inyo, County,Inyo County,5/23/2021,2,15600,1,5628,0,9525,1,447,0,1045,2,7488,1,8533,California
Inyo, County,Inyo County,5/24/2021,34,15634,6,5634,25,9550,3,450,13,1040,21,7509,16,8549,California
Inyo, County,Inyo County,5/25/2021,81,15715,38,5672,41,9591,2,452,46,1053,35,7544,48,8597,California
Inyo, County,Inyo County,5/26/2021,46,15761,17,5689,27,9618,2,454,23,1056,22,7566,25,8622,California
Inyo, County,Inyo County,5/27/2021,39,15800,10,5699,21,9639,8,462,12,1050,26,7592,20,8642,California
Inyo, County,Inyo County,5/28/2021,26,15826,6,5705,15,9654,5,467,8,1045,18,7610,13,8655,California
Inyo, County,Inyo County,5/29/2021,14,15840,5,5710,9,9663,0,467,7,1045,7,7617,7,8662,California
Inyo, County,Inyo County,5/30/2021,2,15842,0,5710,2,9665,0,467,0,1043,2,7619,0,8662,California
Inyo, County,Inyo County,5/31/2021,0,15842,0,5710,0,9665,0,467,0,1043,0,7619,0,8662,California
Inyo, County,Inyo County,6/1/2021,54,15896,16,5726,32,9697,6,473,23,1041,31,7650,29,8691,California
Inyo, County,Inyo County,6/2/2021,12,15908,10,5736,1,9698,1,474,10,1050,2,7652,11,8702,California
Inyo, County,Inyo County,6/3/2021,26,15934,0,5736,18,9716,8,482,1,1034,25,7677,9,8711,California
Inyo, County,Inyo County,6/4/2021,32,15966,6,5742,22,9738,4,486,12,1030,20,7697,16,8727,California
Inyo, County,Inyo County,6/5/2021,16,15982,7,5749,8,9746,1,487,4,1023,12,7709,5,8732,California
Inyo, County,Inyo County,6/6/2021,0,15982,0,5749,0,9746,0,487,0,1023,0,7709,0,8732,California
Inyo, County,Inyo County,6/7/2021,51,16033,15,5764,33,9779,3,490,5,985,46,7755,8,8740,California
Inyo, County,Inyo County,6/8/2021,51,16084,23,5787,25,9804,3,493,24,985,27,7782,27,8767,California
Inyo, County,Inyo County,6/9/2021,111,16195,95,5882,14,9818,2,495,13,902,98,7880,15,8782,California
Inyo, County,Inyo County,6/10/2021,53,16248,38,5920,10,9828,5,500,14,883,38,7918,19,8801,California
Inyo, County,Inyo County,6/11/2021,41,16289,22,5942,17,9845,2,502,16,876,25,7943,18,8819,California
Inyo, County,Inyo County,6/12/2021,15,16304,8,5950,6,9851,1,503,5,872,10,7953,6,8825,California
Inyo, County,Inyo County,6/13/2021,1,16305,0,5950,1,9852,0,503,0,871,1,7954,0,8825,California
Inyo, County,Inyo County,6/14/2021,57,16362,27,5977,27,9879,3,506,7,831,50,8004,10,8835,California
Inyo, County,Inyo County,6/15/2021,50,16412,37,6014,9,9888,4,510,8,801,42,8046,12,8847,California
Inyo, County,Inyo County,6/16/2021,32,16444,19,6033,13,9901,0,510,6,781,26,8072,6,8853,California
Inyo, County,Inyo County,6/17/2021,23,16467,13,6046,6,9907,4,514,5,773,17,8089,9,8862,California
Inyo, County,Inyo County,6/18/2021,14,16481,5,6051,6,9913,3,517,2,766,12,8101,5,8867,California
Inyo, County,Inyo County,6/19/2021,21,16502,7,6058,13,9926,1,518,7,761,13,8114,8,8875,California
Inyo, County,Inyo County,6/20/2021,0,16502,0,6058,0,9926,0,518,0,761,0,8114,0,8875,California
Inyo, County,Inyo County,6/21/2021,29,16531,8,6066,18,9944,3,521,13,761,16,8130,16,8891,California
Inyo, County,Inyo County,6/22/2021,51,16582,42,6108,7,9951,2,523,24,760,27,8157,26,8917,California
Inyo, County,Inyo County,6/23/2021,14,16596,6,6114,7,9958,1,524,1,749,13,8170,2,8919,California
Inyo, County,Inyo County,6/24/2021,7,16603,2,6116,4,9962,1,525,4,751,3,8173,5,8924,California
Inyo, County,Inyo County,6/25/2021,29,16632,13,6129,13,9975,3,528,15,755,14,8187,18,8942,California
Inyo, County,Inyo County,6/26/2021,12,16644,6,6135,4,9979,2,530,4,753,8,8195,6,8948,California
Inyo, County,Inyo County,6/27/2021,1,16645,1,6136,0,9979,0,530,1,754,0,8195,1,8949,California
Inyo, County,Inyo County,6/28/2021,14,16659,12,6148,2,9981,0,530,8,756,6,8201,8,8957,California
Inyo, County,Inyo County,6/29/2021,34,16693,29,6177,5,9986,0,530,14,750,20,8221,14,8971,California
Inyo, County,Inyo County,6/30/2021,21,16714,17,6194,4,9990,0,530,7,743,14,8235,7,8978,California
Inyo, County,Inyo County,7/1/2021,14,16728,8,6202,6,9996,0,530,8,745,6,8241,8,8986,California
Inyo, County,Inyo County,7/2/2021,21,16749,9,6211,12,10008,0,530,13,750,8,8249,13,8999,California
Inyo, County,Inyo County,7/3/2021,6,16755,6,6217,0,10008,0,530,5,754,1,8250,5,9004,California
Inyo, County,Inyo County,7/4/2021,0,16755,0,6217,0,10008,0,530,0,754,0,8250,0,9004,California
Inyo, County,Inyo County,7/5/2021,4,16759,2,6219,2,10010,0,530,0,750,4,8254,0,9004,California
Inyo, County,Inyo County,7/6/2021,23,16782,14,6233,9,10019,0,530,15,757,8,8262,15,9019,California
Inyo, County,Inyo County,7/7/2021,17,16799,8,6241,7,10026,2,532,3,748,14,8276,5,9024,California
Inyo, County,Inyo County,7/8/2021,8,16807,6,6247,2,10028,0,532,7,754,1,8277,7,9031,California
Inyo, County,Inyo County,7/9/2021,7,16814,5,6252,1,10029,1,533,4,756,3,8280,5,9036,California
Inyo, County,Inyo County,7/10/2021,9,16823,7,6259,2,10031,0,533,4,755,5,8285,4,9040,California
Inyo, County,Inyo County,7/11/2021,2,16825,2,6261,0,10031,0,533,1,755,1,8286,1,9041,California
Inyo, County,Inyo County,7/12/2021,20,16845,7,6268,13,10044,0,533,11,757,9,8295,11,9052,California
Inyo, County,Inyo County,7/13/2021,20,16865,18,6286,2,10046,0,533,6,749,14,8309,6,9058,California
Inyo, County,Inyo County,7/14/2021,18,16883,16,6302,2,10048,0,533,14,761,2,8311,14,9072,California
Inyo, County,Inyo County,7/15/2021,11,16894,7,6309,4,10052,0,533,8,766,3,8314,8,9080,California
Inyo, County,Inyo County,7/16/2021,26,16920,16,6325,9,10061,1,534,17,775,9,8323,18,9098,California
Inyo, County,Inyo County,7/17/2021,13,16933,8,6333,5,10066,0,534,3,768,10,8333,3,9101,California
Inyo, County,Inyo County,7/18/2021,0,16933,0,6333,0,10066,0,534,0,768,0,8333,0,9101,California
Inyo, County,Inyo County,7/19/2021,24,16957,5,6338,18,10084,1,535,15,775,9,8342,16,9117,California
Inyo, County,Inyo County,7/20/2021,24,16981,17,6355,7,10091,0,535,16,783,8,8350,16,9133,California
Inyo, County,Inyo County,7/21/2021,10,16991,4,6359,5,10096,1,536,6,786,4,8354,7,9140,California
Inyo, County,Inyo County,7/22/2021,14,17005,10,6369,4,10100,0,536,6,784,8,8362,6,9146,California
Inyo, County,Inyo County,7/23/2021,35,17040,18,6387,16,10116,1,537,16,782,19,8381,17,9163,California
Inyo, County,Inyo County,7/24/2021,15,17055,9,6396,6,10122,0,537,8,783,7,8388,8,9171,California
Inyo, County,Inyo County,7/25/2021,1,17056,0,6396,1,10123,0,537,1,784,0,8388,1,9172,California
Inyo, County,Inyo County,7/26/2021,12,17068,10,6406,2,10125,0,537,8,788,4,8392,8,9180,California
Inyo, County,Inyo County,7/27/2021,32,17100,22,6428,9,10134,1,538,20,797,12,8404,21,9201,California
Inyo, County,Inyo County,7/28/2021,15,17115,10,6438,4,10138,1,539,7,797,8,8412,8,9209,California
Inyo, County,Inyo County,7/29/2021,22,17137,8,6446,14,10152,0,539,15,805,7,8419,15,9224,California
Inyo, County,Inyo County,7/30/2021,15,17152,9,6455,6,10158,0,539,12,814,3,8422,12,9236,California
Inyo, County,Inyo County,7/31/2021,6,17158,5,6460,1,10159,0,539,3,814,3,8425,3,9239,California
Inyo, County,Inyo County,8/1/2021,1,17159,1,6461,0,10159,0,539,0,813,1,8426,0,9239,California
Inyo, County,Inyo County,8/2/2021,30,17189,6,6467,24,10183,0,539,21,825,9,8435,21,9260,California
Inyo, County,Inyo County,8/3/2021,34,17223,25,6492,9,10192,0,539,25,841,9,8444,25,9285,California
Inyo, County,Inyo County,8/4/2021,25,17248,17,6509,8,10200,0,539,13,842,12,8456,13,9298,California
Inyo, County,Inyo County,8/5/2021,20,17268,11,6520,9,10209,0,539,9,841,10,8466,9,9307,California
Inyo, County,Inyo County,8/6/2021,35,17303,24,6544,11,10220,0,539,23,852,12,8478,23,9330,California
Inyo, County,Inyo County,8/7/2021,5,17308,3,6547,2,10222,0,539,2,851,3,8481,2,9332,California
Inyo, County,Inyo County,8/8/2021,2,17310,2,6549,0,10222,0,539,2,853,0,8481,2,9334,California
Inyo, County,Inyo County,8/9/2021,27,17337,11,6560,15,10237,1,540,18,863,9,8490,19,9353,California
Inyo, County,Inyo County,8/10/2021,34,17371,29,6589,3,10240,2,542,24,879,10,8500,26,9379,California
Kern, County,Kern County,12/15/2020,1,1,1,1,0,0,0,0,1,1,0,0,1,1,California
Kern, County,Kern County,12/16/2020,19,20,19,20,0,0,0,0,19,20,0,0,19,20,California
Kern, County,Kern County,12/17/2020,163,183,163,183,0,0,0,0,164,184,0,0,164,184,California
Kern, County,Kern County,12/18/2020,323,506,323,506,0,0,0,0,323,507,0,0,323,507,California
Kern, County,Kern County,12/19/2020,102,608,102,608,0,0,0,0,102,609,0,0,102,609,California
Kern, County,Kern County,12/20/2020,62,670,62,670,0,0,0,0,62,671,0,0,62,671,California
Kern, County,Kern County,12/21/2020,668,1338,667,1337,1,1,0,0,668,1339,0,0,668,1339,California
Kern, County,Kern County,12/22/2020,536,1874,534,1871,2,3,0,0,536,1875,0,0,536,1875,California
Kern, County,Kern County,12/23/2020,555,2429,417,2288,138,141,0,0,555,2430,0,0,555,2430,California
Kern, County,Kern County,12/24/2020,123,2552,44,2332,79,220,0,0,123,2553,0,0,123,2553,California
Kern, County,Kern County,12/25/2020,1,2553,1,2333,0,220,0,0,1,2554,0,0,1,2554,California
Kern, County,Kern County,12/26/2020,34,2587,2,2335,32,252,0,0,34,2588,0,0,34,2588,California
Kern, County,Kern County,12/27/2020,35,2622,3,2338,32,284,0,0,35,2623,0,0,35,2623,California
Kern, County,Kern County,12/28/2020,829,3451,664,3002,165,449,0,0,829,3452,0,0,829,3452,California
Kern, County,Kern County,12/29/2020,746,4197,451,3453,295,744,0,0,745,4196,1,1,745,4197,California
Kern, County,Kern County,12/30/2020,1210,5407,919,4372,291,1035,0,0,1210,5406,0,1,1210,5407,California
Kern, County,Kern County,12/31/2020,277,5684,99,4471,178,1213,0,0,277,5683,0,1,277,5684,California
Kern, County,Kern County,1/1/2021,23,5707,10,4481,13,1226,0,0,23,5706,0,1,23,5707,California
Kern, County,Kern County,1/2/2021,80,5787,18,4499,62,1288,0,0,80,5786,0,1,80,5787,California
Kern, County,Kern County,1/3/2021,23,5810,4,4503,19,1307,0,0,23,5809,0,1,23,5810,California
Kern, County,Kern County,1/4/2021,554,6364,362,4865,192,1499,0,0,554,6363,0,1,554,6364,California
Kern, County,Kern County,1/5/2021,1130,7494,734,5599,396,1895,0,0,1119,7471,11,12,1119,7483,California
Kern, County,Kern County,1/6/2021,1165,8659,452,6051,713,2608,0,0,1134,8574,31,43,1134,8617,California
Kern, County,Kern County,1/7/2021,1417,10076,491,6542,926,3534,0,0,1246,9650,170,213,1246,9863,California
Kern, County,Kern County,1/8/2021,1630,11706,772,7314,858,4392,0,0,1330,10679,301,514,1330,11193,California
Kern, County,Kern County,1/9/2021,230,11936,80,7394,150,4542,0,0,193,10835,37,551,193,11386,California
Kern, County,Kern County,1/10/2021,194,12130,149,7543,45,4587,0,0,153,10947,41,592,153,11539,California
Kern, County,Kern County,1/11/2021,1560,13690,985,8528,575,5162,0,0,1002,11391,558,1150,1002,12541,California
Kern, County,Kern County,1/12/2021,1890,15580,821,9349,1069,6231,0,0,1370,12242,520,1670,1371,13912,California
Kern, County,Kern County,1/13/2021,1865,17445,879,10228,986,7217,0,0,1441,13259,424,2094,1441,15353,California
Kern, County,Kern County,1/14/2021,2209,19654,655,10883,1554,8771,0,0,2162,15374,47,2141,2162,17515,California
Kern, County,Kern County,1/15/2021,2729,22383,860,11743,1869,10640,0,0,2634,17915,94,2235,2635,20150,California
Kern, County,Kern County,1/16/2021,677,23060,213,11956,464,11104,0,0,643,18524,34,2269,643,20793,California
Kern, County,Kern County,1/17/2021,80,23140,8,11964,72,11176,0,0,78,18600,2,2271,78,20871,California
Kern, County,Kern County,1/18/2021,1645,24785,656,12620,989,12165,0,0,1479,19913,166,2437,1479,22350,California
Kern, County,Kern County,1/19/2021,1876,26661,1037,13657,839,13004,0,0,1410,20859,466,2903,1412,23762,California
Kern, County,Kern County,1/20/2021,2742,29403,1794,15451,948,13952,0,0,1958,22040,779,3682,1960,25722,California
Kern, County,Kern County,1/21/2021,2132,31535,873,16324,1259,15211,0,0,1935,23779,196,3878,1935,27657,California
Kern, County,Kern County,1/22/2021,2732,34267,1318,17642,1414,16625,0,0,2448,25944,283,4161,2448,30105,California
Kern, County,Kern County,1/23/2021,1259,35526,544,18186,715,17340,0,0,1209,27103,50,4211,1209,31314,California
Kern, County,Kern County,1/24/2021,151,35677,10,18196,141,17481,0,0,145,27242,6,4217,145,31459,California
Kern, County,Kern County,1/25/2021,2380,38057,1083,19279,1297,18778,0,0,1895,28655,483,4700,1896,33355,California
Kern, County,Kern County,1/26/2021,2788,40845,1132,20411,1656,20434,0,0,1928,29724,859,5559,1928,35283,California
Kern, County,Kern County,1/27/2021,3562,44407,1893,22304,1669,22103,0,0,2860,31885,699,6258,2860,38143,California
Kern, County,Kern County,1/28/2021,2900,47307,1367,23671,1533,23636,0,0,2468,33928,427,6685,2470,40613,California
Kern, County,Kern County,1/29/2021,3799,51106,1803,25474,1996,25632,0,0,3243,36618,553,7238,3243,43856,California
Kern, County,Kern County,1/30/2021,1336,52442,502,25976,834,26466,0,0,1282,37848,52,7290,1282,45138,California
Kern, County,Kern County,1/31/2021,395,52837,271,26247,124,26590,0,0,260,37973,135,7425,260,45398,California
Kern, County,Kern County,2/1/2021,2590,55427,972,27219,1618,28208,0,0,1875,39139,711,8136,1877,47275,California
Kern, County,Kern County,2/2/2021,2767,58194,803,28022,1964,30172,0,0,2057,40487,710,8846,2058,49333,California
Kern, County,Kern County,2/3/2021,3705,61899,1555,29577,2150,32322,0,0,2715,42219,983,9829,2715,52048,California
Kern, County,Kern County,2/4/2021,3821,65720,1451,31028,2370,34692,0,0,2579,43569,1229,11058,2579,54627,California
Kern, County,Kern County,2/5/2021,4876,70596,1989,33017,2887,37579,0,0,3102,44916,1755,12813,3102,57729,California
Kern, County,Kern County,2/6/2021,1752,72348,767,33784,985,38564,0,0,1515,46198,233,13046,1515,59244,California
Kern, County,Kern County,2/7/2021,278,72626,145,33929,133,38697,0,0,259,46440,17,13063,259,59503,California
Kern, County,Kern County,2/8/2021,2567,75193,780,34709,1787,40484,0,0,1254,46400,1295,14358,1255,60758,California
Kern, County,Kern County,2/9/2021,3055,78248,980,35689,2075,42559,0,0,1467,46289,1578,15936,1467,62225,California
Kern, County,Kern County,2/10/2021,3836,82084,1675,37364,2161,44720,0,0,1871,46213,1947,17883,1871,64096,California
Kern, County,Kern County,2/11/2021,4296,86380,1541,38905,2755,47475,0,0,2228,46389,2055,19938,2231,66327,California
Kern, County,Kern County,2/12/2021,5011,91391,1906,40811,3105,50580,0,0,2481,46356,2514,22452,2481,68808,California
Kern, County,Kern County,2/13/2021,2013,93404,732,41543,1281,51861,0,0,1155,46655,856,23308,1155,69963,California
Kern, County,Kern County,2/14/2021,358,93762,14,41557,344,52205,0,0,274,46846,83,23391,274,70237,California
Kern, County,Kern County,2/15/2021,2771,96533,908,42465,1863,54068,0,0,1222,46528,1540,24931,1222,71459,California
Kern, County,Kern County,2/16/2021,2978,99511,721,43186,2257,56325,0,0,1661,46882,1308,26239,1662,73121,California
Kern, County,Kern County,2/17/2021,4126,103637,2099,45285,2027,58352,0,0,1948,46660,2171,28410,1949,75070,California
Kern, County,Kern County,2/18/2021,3818,107455,1518,46803,2300,60652,0,0,1635,46126,2169,30579,1635,76705,California
Kern, County,Kern County,2/19/2021,4266,111721,1946,48749,2320,62972,0,0,1774,45416,2484,33063,1774,78479,California
Kern, County,Kern County,2/20/2021,2632,114353,983,49732,1649,64621,0,0,1369,45529,1256,34319,1369,79848,California
Kern, County,Kern County,2/21/2021,268,114621,157,49889,111,64732,0,0,89,45442,177,34496,90,79938,California
Kern, County,Kern County,2/22/2021,2813,117434,1237,51126,1576,66308,0,0,1508,45654,1296,35792,1508,81446,California
Kern, County,Kern County,2/23/2021,3703,121137,1189,52315,2514,68822,0,0,2042,46040,1657,37449,2043,83489,California
Kern, County,Kern County,2/24/2021,5436,126573,2385,54700,3051,71873,0,0,3211,47037,2214,39663,3211,86700,California
Kern, County,Kern County,2/25/2021,5592,132165,2574,57274,3018,74891,0,0,3317,48103,2251,41914,3317,90017,California
Kern, County,Kern County,2/26/2021,7197,139362,3663,60937,3534,78425,0,0,4530,49980,2655,44569,4532,94549,California
Kern, County,Kern County,2/27/2021,4140,143502,2055,62992,2085,80510,0,0,2726,51302,1404,45973,2726,97275,California
Kern, County,Kern County,2/28/2021,959,144461,527,63519,431,80941,1,1,714,51775,242,46215,715,97990,California
Kern, County,Kern County,3/1/2021,4090,148551,1862,65381,2224,83165,4,5,2754,53209,1324,47539,2758,100748,California
Kern, County,Kern County,3/2/2021,4605,153156,1422,66803,3179,86344,4,9,3010,54640,1582,49121,3013,103761,California
Kern, County,Kern County,3/3/2021,6119,159275,2881,69684,3236,89580,2,11,3953,56444,2150,51271,3954,107715,California
Kern, County,Kern County,3/4/2021,5794,165069,2293,71977,3496,93076,5,16,3757,58185,2019,53290,3760,111475,California
Kern, County,Kern County,3/5/2021,6834,171903,2892,74869,3922,96998,20,36,4236,59858,2584,55874,4257,115732,California
Kern, County,Kern County,3/6/2021,4806,176709,1926,76795,2770,99768,110,146,3504,62177,1295,57169,3614,119346,California
Kern, County,Kern County,3/7/2021,2103,178812,1600,78395,429,100197,74,220,1883,63916,218,57387,1957,121303,California
Kern, County,Kern County,3/8/2021,2935,181747,926,79321,1776,101973,233,453,1538,64288,1394,58781,1766,123069,California
Kern, County,Kern County,3/9/2021,3756,185503,804,80125,2563,104536,389,842,2342,65609,1405,60186,2726,125795,California
Kern, County,Kern County,3/10/2021,6213,191716,2588,82713,2538,107074,1087,1929,3625,67747,2570,62756,4708,130503,California
Kern, County,Kern County,3/11/2021,6345,198061,2449,85162,2868,109942,1028,2957,3768,69974,2563,65319,4790,135293,California
Kern, County,Kern County,3/12/2021,7905,205966,3107,88269,3439,113381,1359,4316,4347,72118,3546,68865,5690,140983,California
Kern, County,Kern County,3/13/2021,4689,210655,2541,90810,1810,115191,338,4654,3262,74293,1419,70284,3594,144577,California
Kern, County,Kern County,3/14/2021,2316,212971,1534,92344,537,115728,245,4899,1792,75800,522,70806,2029,146606,California
Kern, County,Kern County,3/15/2021,4276,217247,1111,93455,2459,118187,706,5605,2176,76587,2087,72893,2874,149480,California
Kern, County,Kern County,3/16/2021,4453,221700,1015,94470,2892,121079,546,6151,2404,77494,2036,74929,2943,152423,California
Kern, County,Kern County,3/17/2021,7505,229205,4105,98575,2847,123926,553,6704,4462,79478,3027,77956,5011,157434,California
Kern, County,Kern County,3/18/2021,7345,236550,3739,102314,3017,126943,589,7293,4404,81547,2919,80875,4988,162422,California
Kern, County,Kern County,3/19/2021,9156,245706,5019,107333,3369,130312,768,8061,4649,82473,4483,85358,5409,167831,California
Kern, County,Kern County,3/20/2021,6284,251990,3850,111183,2249,132561,185,8246,3946,84280,2326,87684,4133,171964,California
Kern, County,Kern County,3/21/2021,3098,255088,1964,113147,248,132809,886,9132,1887,85846,1202,88886,2768,174732,California
Kern, County,Kern County,3/22/2021,3998,259086,1566,114713,2077,134886,355,9487,1895,86016,2080,90966,2250,176982,California
Kern, County,Kern County,3/23/2021,4769,263855,1677,116390,2893,137779,199,9686,2469,86415,2267,93233,2666,179648,California
Kern, County,Kern County,3/24/2021,7232,271087,3707,120097,3046,140825,479,10165,3642,86963,3569,96802,4117,183765,California
Kern, County,Kern County,3/25/2021,6834,277921,3025,123122,3476,144301,333,10498,3201,86882,3612,100414,3531,187296,California
Kern, County,Kern County,3/26/2021,9928,287849,4448,127570,4221,148522,1259,11757,4655,87546,5249,105663,5913,193209,California
Kern, County,Kern County,3/27/2021,5755,293604,4024,131594,1601,150123,130,11887,3450,88826,2298,107961,3578,196787,California
Kern, County,Kern County,3/28/2021,4731,298335,4230,135824,487,150610,14,11901,2969,90052,1757,109718,2983,199770,California
Kern, County,Kern County,3/29/2021,4278,302613,1690,137514,2311,152921,277,12178,2602,91267,1661,111379,2876,202646,California
Kern, County,Kern County,3/30/2021,5625,308238,1888,139402,3348,156269,389,12567,3026,92090,2588,113967,3411,206057,California
Kern, County,Kern County,3/31/2021,8501,316739,4593,143995,3248,159517,660,13227,4306,92879,4174,118141,4963,211020,California
Kern, County,Kern County,4/1/2021,7959,324698,3902,147897,3743,163260,314,13541,4214,93694,3708,121849,4523,215543,California
Kern, County,Kern County,4/2/2021,8483,333181,4472,152369,3400,166660,611,14152,4190,94210,4273,126122,4789,220332,California
Kern, County,Kern County,4/3/2021,6022,339203,3688,156057,2153,168813,181,14333,2659,93694,3352,129474,2836,223168,California
Kern, County,Kern County,4/4/2021,1340,340543,872,156929,382,169195,86,14419,463,93368,874,130348,548,223716,California
Kern, County,Kern County,4/5/2021,5412,345955,2239,159168,2392,171587,781,15200,2910,94542,2485,132833,3659,227375,California
Kern, County,Kern County,4/6/2021,7145,353100,2467,161635,3296,174883,1382,16582,3554,95904,3563,136396,4925,232300,California
Kern, County,Kern County,4/7/2021,9414,362514,5488,167123,2958,177841,968,17550,4561,96601,4830,141226,5527,237827,California
Kern, County,Kern County,4/8/2021,8692,371206,4813,171936,2963,180804,916,18466,3731,96308,4926,146152,4633,242460,California
Kern, County,Kern County,4/9/2021,10377,381583,5161,177097,4219,185023,997,19463,4361,95675,5984,152136,5351,247811,California
Kern, County,Kern County,4/10/2021,6633,388216,3490,180587,1891,186914,1252,20715,2154,94608,4465,156601,3398,251209,California
Kern, County,Kern County,4/11/2021,4270,392486,2960,183547,373,187287,937,21652,1285,93847,2970,159571,2209,253418,California
Kern, County,Kern County,4/12/2021,4445,396931,1003,184550,2468,189755,974,22626,1598,93593,2822,162393,2568,255986,California
Kern, County,Kern County,4/13/2021,4323,401254,1424,185974,2873,192628,26,22652,2114,93542,2190,164583,2139,258125,California
Kern, County,Kern County,4/14/2021,6152,407406,3036,189010,3094,195722,22,22674,3019,93468,3114,167697,3040,261165,California
Kern, County,Kern County,4/15/2021,5304,412710,2479,191489,2822,198544,3,22677,2489,93162,2798,170495,2492,263657,California
Kern, County,Kern County,4/16/2021,7370,420080,3478,194967,3891,202435,1,22678,2989,91807,4348,174843,2993,266650,California
Kern, County,Kern County,4/17/2021,6017,426097,3947,198914,2070,204505,0,22678,2094,90001,3902,178745,2096,268746,California
Kern, County,Kern County,4/18/2021,3911,430008,3662,202576,249,204754,0,22678,929,87961,2970,181715,930,269676,California
Kern, County,Kern County,4/19/2021,3870,433878,1749,204325,2119,206873,2,22680,1433,86982,2412,184127,1433,271109,California
Kern, County,Kern County,4/20/2021,4502,438380,1678,206003,2822,209695,2,22682,1706,85919,2771,186898,1708,272817,California
Kern, County,Kern County,4/21/2021,6046,444426,3278,209281,2763,212458,5,22687,2207,84324,3805,190703,2210,275027,California
Kern, County,Kern County,4/22/2021,4926,449352,2419,211700,2507,214965,0,22687,1742,82908,3159,193862,1743,276770,California
Kern, County,Kern County,4/23/2021,6309,455661,3134,214834,3174,218139,1,22688,1958,80562,4308,198170,1962,278732,California
Kern, County,Kern County,4/24/2021,4075,459736,2848,217682,1216,219355,11,22699,1461,79443,2592,200762,1473,280205,California
Kern, County,Kern County,4/25/2021,1422,461158,1133,218815,289,219644,0,22699,841,79709,575,201337,841,281046,California
Kern, County,Kern County,4/26/2021,3921,465079,1877,220692,1993,221637,51,22750,1078,78008,2833,204170,1132,282178,California
Kern, County,Kern County,4/27/2021,4867,469946,2388,223080,2371,224008,108,22858,1505,76277,3341,207511,1610,283788,California
Kern, County,Kern County,4/28/2021,6481,476427,3864,226944,2492,226500,125,22983,1884,73712,4573,212084,2008,285796,California
Kern, County,Kern County,4/29/2021,5694,482121,3208,230152,2387,228887,99,23082,1718,71582,3948,216032,1818,287614,California
Kern, County,Kern County,4/30/2021,5785,487906,3275,233427,2350,231237,160,23242,1704,69382,4063,220095,1863,289477,California
Kern, County,Kern County,5/1/2021,2789,490695,1980,235407,750,231987,59,23301,1117,68902,1655,221750,1175,290652,California
Kern, County,Kern County,5/2/2021,1892,492587,1604,237011,266,232253,22,23323,686,68411,1199,222949,708,291360,California
Kern, County,Kern County,5/3/2021,2590,495177,1054,238065,1401,233654,135,23458,802,67579,1771,224720,939,292299,California
Kern, County,Kern County,5/4/2021,3772,498949,1361,239426,2302,235956,109,23567,1327,66586,2427,227147,1434,293733,California
Kern, County,Kern County,5/5/2021,4285,503234,2243,241669,1886,237842,156,23723,1429,65335,2834,229981,1583,295316,California
Kern, County,Kern County,5/6/2021,3737,506971,1737,243406,1853,239695,147,23870,1168,64107,2540,232521,1312,296628,California
Kern, County,Kern County,5/7/2021,4708,511679,2372,245778,2161,241856,175,24045,1333,62276,3338,235859,1507,298135,California
Kern, County,Kern County,5/8/2021,2981,514660,1880,247658,984,242840,117,24162,932,61289,2034,237893,1047,299182,California
Kern, County,Kern County,5/9/2021,1358,516018,1182,248840,146,242986,30,24192,441,60853,907,238800,471,299653,California
Kern, County,Kern County,5/10/2021,2336,518354,922,249762,1310,244296,104,24296,680,60004,1632,240432,783,300436,California
Kern, County,Kern County,5/11/2021,2784,521138,1014,250776,1644,245940,126,24422,1009,59377,1762,242194,1135,301571,California
Kern, County,Kern County,5/12/2021,3687,524825,1492,252268,2042,247982,153,24575,1157,58171,2512,244706,1306,302877,California
Kern, County,Kern County,5/13/2021,3597,528422,1906,254174,1537,249519,154,24729,1687,58114,1894,246600,1837,304714,California
Kern, County,Kern County,5/14/2021,4366,532788,2594,256768,1546,251065,226,24955,2007,58008,2339,248939,2233,306947,California
Kern, County,Kern County,5/15/2021,2967,535755,1936,258704,943,252008,88,25043,1580,58305,1370,250309,1667,308614,California
Kern, County,Kern County,5/16/2021,1629,537384,1398,260102,191,252199,40,25083,939,58603,681,250990,979,309593,California
Kern, County,Kern County,5/17/2021,2352,539736,1008,261110,1198,253397,146,25229,1188,58785,1151,252141,1333,310926,California
Kern, County,Kern County,5/18/2021,3249,542985,1502,262612,1614,255011,133,25362,1636,58955,1597,253738,1767,312693,California
Kern, County,Kern County,5/19/2021,3863,546848,2412,265024,1321,256332,130,25492,1794,58825,2052,255790,1922,314615,California
Kern, County,Kern County,5/20/2021,3168,550016,1740,266764,1285,257617,143,25635,1429,58678,1717,257507,1570,316185,California
Kern, County,Kern County,5/21/2021,3677,553693,2223,268987,1317,258934,137,25772,1826,58818,1825,259332,1965,318150,California
Kern, County,Kern County,5/22/2021,2986,556679,2324,271311,613,259547,49,25821,1405,58701,1568,260900,1451,319601,California
Kern, County,Kern County,5/23/2021,1311,557990,1114,272425,170,259717,27,25848,686,58796,617,261517,712,320313,California
Kern, County,Kern County,5/24/2021,1923,559913,829,273254,979,260696,115,25963,902,58800,1012,262529,1016,321329,California
Kern, County,Kern County,5/25/2021,2401,562314,1110,274364,1201,261897,90,26053,1101,58706,1284,263813,1190,322519,California
Kern, County,Kern County,5/26/2021,2817,565131,1634,275998,1080,262977,103,26156,1208,58425,1590,265403,1309,323828,California
Kern, County,Kern County,5/27/2021,2439,567570,1264,277262,1069,264046,106,26262,1282,58677,1134,266537,1386,325214,California
Kern, County,Kern County,5/28/2021,2751,570321,1408,278670,1233,265279,110,26372,1272,58594,1463,268000,1380,326594,California
Kern, County,Kern County,5/29/2021,1915,572236,1263,279933,603,265882,49,26421,934,58610,967,268967,983,327577,California
Kern, County,Kern County,5/30/2021,871,573107,710,280643,140,266022,21,26442,436,58641,426,269393,457,328034,California
Kern, County,Kern County,5/31/2021,149,573256,49,280692,89,266111,11,26453,55,58616,90,269483,65,328099,California
Kern, County,Kern County,6/1/2021,2304,575560,957,281649,1275,267386,72,26525,970,58344,1312,270795,1040,329139,California
Kern, County,Kern County,6/2/2021,2255,577815,1304,282953,847,268233,104,26629,945,58094,1299,272094,1049,330188,California
Kern, County,Kern County,6/3/2021,2415,580230,1361,284314,896,269129,158,26787,870,57588,1533,273627,1027,331215,California
Kern, County,Kern County,6/4/2021,2980,583210,1931,286245,936,270065,113,26900,869,56485,2084,275711,981,332196,California
Kern, County,Kern County,6/5/2021,2541,585751,2048,288293,459,270524,34,26934,790,55567,1742,277453,824,333020,California
Kern, County,Kern County,6/6/2021,1235,586986,1130,289423,82,270606,23,26957,405,55170,825,278278,428,333448,California
Kern, County,Kern County,6/7/2021,1840,588826,1146,290569,594,271200,100,27057,694,54832,1130,279408,792,334240,California
Kern, County,Kern County,6/8/2021,2120,590946,1237,291806,813,272013,70,27127,641,54084,1458,280866,710,334950,California
Kern, County,Kern County,6/9/2021,2628,593574,1842,293648,696,272709,90,27217,819,53196,1796,282662,908,335858,California
Kern, County,Kern County,6/10/2021,2252,595826,1388,295036,763,273472,101,27318,772,52601,1466,284128,871,336729,California
Kern, County,Kern County,6/11/2021,2865,598691,1917,296953,858,274330,90,27408,1077,51998,1771,285899,1168,337897,California
Kern, County,Kern County,6/12/2021,1791,600482,1328,298281,414,274744,49,27457,534,51328,1253,287152,583,338480,California
Kern, County,Kern County,6/13/2021,946,601428,829,299110,110,274854,7,27464,279,50951,664,287816,287,338767,California
Kern, County,Kern County,6/14/2021,1867,603295,1138,300248,631,275485,98,27562,646,50482,1212,289028,743,339510,California
Kern, County,Kern County,6/15/2021,2124,605419,1189,301437,857,276342,78,27640,823,50091,1293,290321,902,340412,California
Kern, County,Kern County,6/16/2021,2092,607511,1382,302819,633,276975,77,27717,816,49725,1258,291579,892,341304,California
Kern, County,Kern County,6/17/2021,1980,609491,1268,304087,596,277571,116,27833,922,49719,1045,292624,1039,342343,California
Kern, County,Kern County,6/18/2021,2257,611748,1422,305509,717,278288,118,27951,973,49543,1266,293890,1090,343433,California
Kern, County,Kern County,6/19/2021,1240,612988,890,306399,314,278602,36,27987,528,49405,701,294591,563,343996,California
Kern, County,Kern County,6/20/2021,737,613725,612,307011,105,278707,20,28007,291,49270,446,295037,311,344307,California
Kern, County,Kern County,6/21/2021,1264,614989,673,307684,513,279220,78,28085,683,49458,571,295608,759,345066,California
Kern, County,Kern County,6/22/2021,1667,616656,889,308573,702,279922,76,28161,679,49236,977,296585,755,345821,California
Kern, County,Kern County,6/23/2021,1732,618388,1107,309680,547,280469,78,28239,768,49136,944,297529,844,346665,California
Kern, County,Kern County,6/24/2021,1607,619995,992,310672,526,280995,89,28328,689,49003,911,298440,778,347443,California
Kern, County,Kern County,6/25/2021,1820,621815,1141,311813,587,281582,92,28420,857,48999,951,299391,947,348390,California
Kern, County,Kern County,6/26/2021,1329,623144,987,312800,310,281892,32,28452,572,48851,751,300142,603,348993,California
Kern, County,Kern County,6/27/2021,614,623758,522,313322,77,281969,15,28467,267,48790,343,300485,282,349275,California
Kern, County,Kern County,6/28/2021,1154,624912,766,314088,300,282269,88,28555,507,48749,633,301118,592,349867,California
Kern, County,Kern County,6/29/2021,1406,626318,722,314810,593,282862,91,28646,610,48665,783,301901,699,350566,California
Kern, County,Kern County,6/30/2021,1602,627920,1071,315881,446,283308,85,28731,819,48792,777,302678,904,351470,California
Kern, County,Kern County,7/1/2021,1393,629313,891,316772,438,283746,64,28795,636,48741,751,303429,700,352170,California
Kern, County,Kern County,7/2/2021,1768,631081,1181,317953,514,284260,73,28868,812,48684,940,304369,883,353053,California
Kern, County,Kern County,7/3/2021,1016,632097,709,318662,266,284526,41,28909,503,48720,508,304877,544,353597,California
Kern, County,Kern County,7/4/2021,133,632230,98,318760,35,284561,0,28909,64,48716,68,304945,64,353661,California
Kern, County,Kern County,7/5/2021,661,632891,402,319162,234,284795,25,28934,293,48671,363,305308,318,353979,California
Kern, County,Kern County,7/6/2021,1568,634459,926,320088,556,285351,86,29020,673,48546,884,306192,759,354738,California
Kern, County,Kern County,7/7/2021,1511,635970,1025,321113,422,285773,64,29084,646,48399,855,307047,708,355446,California
Kern, County,Kern County,7/8/2021,1472,637442,967,322080,438,286211,67,29151,576,48151,891,307938,643,356089,California
Kern, County,Kern County,7/9/2021,1644,639086,1032,323112,536,286747,76,29227,750,48090,886,308824,825,356914,California
Kern, County,Kern County,7/10/2021,908,639994,627,323739,254,287001,27,29254,450,48114,454,309278,478,357392,California
Kern, County,Kern County,7/11/2021,545,640539,465,324204,75,287076,5,29259,237,48051,305,309583,242,357634,California
Kern, County,Kern County,7/12/2021,1359,641898,928,325132,354,287430,77,29336,574,47923,779,310362,651,358285,California
Kern, County,Kern County,7/13/2021,1309,643207,734,325866,524,287954,51,29387,621,47913,681,311043,671,358956,California
Kern, County,Kern County,7/14/2021,1231,644438,768,326634,397,288351,66,29453,559,47875,660,311703,622,359578,California
Kern, County,Kern County,7/15/2021,1368,645806,842,327476,484,288835,42,29495,706,47971,653,312356,749,360327,California
Kern, County,Kern County,7/16/2021,1688,647494,1090,328566,538,289373,60,29555,890,48129,791,313147,949,361276,California
Kern, County,Kern County,7/17/2021,1161,648655,824,329390,311,289684,26,29581,578,48158,574,313721,603,361879,California
Kern, County,Kern County,7/18/2021,523,649178,396,329786,125,289809,2,29583,291,48223,228,313949,293,362172,California
Kern, County,Kern County,7/19/2021,1367,650545,863,330649,446,290255,58,29641,713,48346,648,314597,771,362943,California
Kern, County,Kern County,7/20/2021,1604,652149,899,331548,649,290904,56,29697,942,48692,651,315248,997,363940,California
Kern, County,Kern County,7/21/2021,1600,653749,1054,332602,496,291400,50,29747,842,48838,744,315992,890,364830,California
Kern, County,Kern County,7/22/2021,1539,655288,1008,333610,473,291873,58,29805,885,49130,649,316641,941,365771,California
Kern, County,Kern County,7/23/2021,1795,657083,1082,334692,653,292526,60,29865,1022,49448,761,317402,1079,366850,California
Kern, County,Kern County,7/24/2021,1011,658094,628,335320,362,292888,21,29886,602,49668,403,317805,623,367473,California
Kern, County,Kern County,7/25/2021,564,658658,426,335746,132,293020,6,29892,396,49906,164,317969,402,367875,California
Kern, County,Kern County,7/26/2021,1485,660143,923,336669,497,293517,65,29957,996,50482,485,318454,1061,368936,California
Kern, County,Kern County,7/27/2021,1726,661869,1087,337756,582,294099,57,30014,1044,50912,672,319126,1102,370038,California
Kern, County,Kern County,7/28/2021,1687,663556,1075,338831,564,294663,48,30062,1085,51455,589,319715,1132,371170,California
Kern, County,Kern County,7/29/2021,1641,665197,1042,339873,533,295196,66,30128,1019,51927,611,320326,1083,372253,California
Kern, County,Kern County,7/30/2021,2040,667237,1277,341150,691,295887,72,30200,1244,52454,789,321115,1316,373569,California
Kern, County,Kern County,7/31/2021,1295,668532,872,342022,396,296283,27,30227,802,52804,480,321595,830,374399,California
Kern, County,Kern County,8/1/2021,632,669164,469,342491,156,296439,7,30234,461,53102,170,321765,468,374867,California
Kern, County,Kern County,8/2/2021,1705,670869,1096,343587,523,296962,86,30320,1121,53735,574,322339,1207,376074,California
Kern, County,Kern County,8/3/2021,1968,672837,1191,344778,692,297654,85,30405,1272,54413,680,323019,1358,377432,California
Kern, County,Kern County,8/4/2021,1688,674525,1071,345849,551,298205,66,30471,1097,54996,579,323598,1162,378594,California
Kern, County,Kern County,8/5/2021,1645,676170,1089,346938,478,298683,78,30549,1022,55481,612,324210,1097,379691,California
Kern, County,Kern County,8/6/2021,2283,678453,1451,348389,741,299424,91,30640,1464,56231,803,325013,1553,381244,California
Kern, County,Kern County,8/7/2021,1376,679829,962,349351,386,299810,28,30668,873,56639,493,325506,901,382145,California
Kern, County,Kern County,8/8/2021,538,680367,329,349680,201,300011,8,30676,344,56806,185,325691,352,382497,California
Kern, County,Kern County,8/9/2021,1738,682105,1111,350791,545,300556,82,30758,1070,57299,659,326350,1152,383649,California
Kern, County,Kern County,8/10/2021,1205,683310,869,351660,275,300831,61,30819,777,57720,417,326767,838,384487,California
Kings, County,Kings County,12/15/2020,0,0,0,0,0,0,0,0,0,0,0,0,0,0,California
Kings, County,Kings County,12/16/2020,1,1,1,1,0,0,0,0,1,1,0,0,1,1,California
Kings, County,Kings County,12/17/2020,8,9,8,9,0,0,0,0,8,9,0,0,8,9,California
Kings, County,Kings County,12/18/2020,12,21,12,21,0,0,0,0,12,21,0,0,12,21,California
Kings, County,Kings County,12/19/2020,12,33,12,33,0,0,0,0,12,33,0,0,12,33,California
Kings, County,Kings County,12/20/2020,13,46,13,46,0,0,0,0,13,46,0,0,13,46,California
Kings, County,Kings County,12/21/2020,159,205,159,205,0,0,0,0,267,313,0,0,267,313,California
Kings, County,Kings County,12/22/2020,139,344,139,344,0,0,0,0,136,449,0,0,136,449,California
Kings, County,Kings County,12/23/2020,137,481,122,466,15,15,0,0,138,587,0,0,138,587,California
Kings, County,Kings County,12/24/2020,11,492,9,475,2,17,0,0,11,598,0,0,11,598,California
Kings, County,Kings County,12/25/2020,0,492,0,475,0,17,0,0,0,598,0,0,0,598,California
Kings, County,Kings County,12/26/2020,7,499,4,479,3,20,0,0,7,605,0,0,7,605,California
Kings, County,Kings County,12/27/2020,4,503,4,483,0,20,0,0,4,609,0,0,4,609,California
Kings, County,Kings County,12/28/2020,131,634,103,586,28,48,0,0,132,741,0,0,132,741,California
Kings, County,Kings County,12/29/2020,86,720,58,644,28,76,0,0,87,828,0,0,87,828,California
Kings, County,Kings County,12/30/2020,150,870,109,753,41,117,0,0,150,978,0,0,150,978,California
Kings, County,Kings County,12/31/2020,46,916,5,758,41,158,0,0,46,1024,0,0,46,1024,California
Kings, County,Kings County,1/1/2021,2,918,0,758,2,160,0,0,2,1026,0,0,2,1026,California
Kings, County,Kings County,1/2/2021,11,929,9,767,2,162,0,0,11,1037,0,0,11,1037,California
Kings, County,Kings County,1/3/2021,1,930,1,768,0,162,0,0,1,1038,0,0,1,1038,California
Kings, County,Kings County,1/4/2021,113,1043,41,809,72,234,0,0,113,1151,0,0,113,1151,California
Kings, County,Kings County,1/5/2021,195,1238,40,849,155,389,0,0,195,1346,0,0,195,1346,California
Kings, County,Kings County,1/6/2021,277,1515,180,1029,97,486,0,0,274,1617,3,3,274,1620,California
Kings, County,Kings County,1/7/2021,181,1696,83,1112,98,584,0,0,173,1782,8,11,173,1793,California
Kings, County,Kings County,1/8/2021,249,1945,56,1168,193,777,0,0,229,1991,20,31,229,2022,California
Kings, County,Kings County,1/9/2021,61,2006,8,1176,53,830,0,0,53,2036,8,39,53,2075,California
Kings, County,Kings County,1/10/2021,15,2021,3,1179,12,842,0,0,12,2045,3,42,12,2087,California
Kings, County,Kings County,1/11/2021,514,2535,350,1529,164,1006,0,0,275,2082,239,281,276,2363,California
Kings, County,Kings County,1/12/2021,347,2882,252,1781,95,1101,0,0,216,2170,128,409,216,2579,California
Kings, County,Kings County,1/13/2021,420,3302,273,2054,147,1248,0,0,329,2408,91,500,329,2908,California
Kings, County,Kings County,1/14/2021,210,3512,32,2086,178,1426,0,0,200,2588,21,521,201,3109,California
Kings, County,Kings County,1/15/2021,421,3933,32,2118,389,1815,0,0,409,2985,12,533,409,3518,California
Kings, County,Kings County,1/16/2021,28,3961,10,2128,18,1833,0,0,27,3011,1,534,27,3545,California
Kings, County,Kings County,1/17/2021,14,3975,11,2139,3,1836,0,0,12,3021,2,536,12,3557,California
Kings, County,Kings County,1/18/2021,174,4149,41,2180,133,1969,0,0,148,3143,26,562,148,3705,California
Kings, County,Kings County,1/19/2021,383,4532,161,2341,222,2191,0,0,254,3268,129,691,254,3959,California
Kings, County,Kings County,1/20/2021,256,4788,163,2504,93,2284,0,0,136,3288,116,807,136,4095,California
Kings, County,Kings County,1/21/2021,209,4997,56,2560,153,2437,0,0,191,3460,19,826,191,4286,California
Kings, County,Kings County,1/22/2021,110,5107,19,2579,91,2528,0,0,109,3564,5,831,109,4395,California
Kings, County,Kings County,1/23/2021,26,5133,13,2592,13,2541,0,0,20,3578,6,837,20,4415,California
Kings, County,Kings County,1/24/2021,4,5137,4,2596,0,2541,0,0,2,3578,2,839,2,4417,California
Kings, County,Kings County,1/25/2021,160,5297,55,2651,105,2646,0,0,97,3612,63,902,97,4514,California
Kings, County,Kings County,1/26/2021,173,5470,53,2704,120,2766,0,0,113,3665,60,962,113,4627,California
Kings, County,Kings County,1/27/2021,361,5831,64,2768,297,3063,0,0,255,3815,105,1067,255,4882,California
Kings, County,Kings County,1/28/2021,366,6197,75,2843,291,3354,0,0,279,4007,87,1154,279,5161,California
Kings, County,Kings County,1/29/2021,115,6312,27,2870,88,3442,0,0,96,4084,19,1173,96,5257,California
Kings, County,Kings County,1/30/2021,1575,7887,19,2889,1556,4998,0,0,1571,5653,4,1177,1573,6830,California
Kings, County,Kings County,1/31/2021,1,7888,1,2890,0,4998,0,0,1,5654,0,1177,1,6831,California
Kings, County,Kings County,2/1/2021,243,8131,86,2976,157,5155,0,0,93,5599,148,1325,93,6924,California
Kings, County,Kings County,2/2/2021,344,8475,112,3088,232,5387,0,0,99,5454,244,1569,99,7023,California
Kings, County,Kings County,2/3/2021,482,8957,269,3357,213,5600,0,0,241,5455,240,1809,241,7264,California
Kings, County,Kings County,2/4/2021,495,9452,158,3515,337,5937,0,0,231,5423,263,2072,231,7495,California
Kings, County,Kings County,2/5/2021,417,9869,59,3574,358,6295,0,0,253,5516,160,2232,253,7748,California
Kings, County,Kings County,2/6/2021,61,9930,11,3585,50,6345,0,0,28,5511,33,2265,28,7776,California
Kings, County,Kings County,2/7/2021,6,9936,4,3589,2,6347,0,0,3,5511,3,2268,3,7779,California
Kings, County,Kings County,2/8/2021,173,10109,29,3618,144,6491,0,0,66,5470,107,2375,66,7845,California
Kings, County,Kings County,2/9/2021,259,10368,61,3679,198,6689,0,0,113,5439,144,2519,113,7958,California
Kings, County,Kings County,2/10/2021,389,10757,112,3791,277,6966,0,0,264,5578,125,2644,264,8222,California
Kings, County,Kings County,2/11/2021,560,11317,66,3857,494,7460,0,0,371,5762,187,2831,371,8593,California
Kings, County,Kings County,2/12/2021,734,12051,36,3893,698,8158,0,0,354,5737,379,3210,354,8947,California
Kings, County,Kings County,2/13/2021,247,12298,6,3899,241,8399,0,0,222,5934,25,3235,222,9169,California
Kings, County,Kings County,2/14/2021,105,12403,4,3903,101,8500,0,0,97,6023,8,3243,97,9266,California
Kings, County,Kings County,2/15/2021,255,12658,5,3908,250,8750,0,0,140,6049,114,3357,140,9406,California
Kings, County,Kings County,2/16/2021,640,13298,36,3944,604,9354,0,0,363,6138,275,3632,364,9770,California
Kings, County,Kings County,2/17/2021,448,13746,27,3971,421,9775,0,0,308,6307,140,3772,309,10079,California
Kings, County,Kings County,2/18/2021,362,14108,22,3993,340,10115,0,0,222,6390,139,3911,222,10301,California
Kings, County,Kings County,2/19/2021,230,14338,26,4019,204,10319,0,0,137,6437,90,4001,137,10438,California
Kings, County,Kings County,2/20/2021,167,14505,32,4051,135,10454,0,0,138,6546,29,4030,138,10576,California
Kings, County,Kings County,2/21/2021,4,14509,3,4054,1,10455,0,0,3,6548,1,4031,3,10579,California
Kings, County,Kings County,2/22/2021,132,14641,20,4074,112,10567,0,0,58,6532,74,4105,58,10637,California
Kings, County,Kings County,2/23/2021,448,15089,75,4149,373,10940,0,0,327,6738,121,4226,327,10964,California
Kings, County,Kings County,2/24/2021,788,15877,169,4318,619,11559,0,0,548,7046,240,4466,548,11512,California
Kings, County,Kings County,2/25/2021,869,16746,138,4456,731,12290,0,0,628,7435,239,4705,628,12140,California
Kings, County,Kings County,2/26/2021,1024,17770,141,4597,883,13173,0,0,932,8275,92,4797,932,13072,California
Kings, County,Kings County,2/27/2021,1579,19349,68,4665,1511,14684,0,0,618,7933,960,5757,618,13690,California
Kings, County,Kings County,2/28/2021,1231,20580,614,5279,617,15301,0,0,692,8090,537,6294,694,14384,California
Kings, County,Kings County,3/1/2021,306,20886,91,5370,215,15516,0,0,232,8248,74,6368,232,14616,California
Kings, County,Kings County,3/2/2021,608,21494,264,5634,344,15860,0,0,533,8707,75,6443,534,15150,California
Kings, County,Kings County,3/3/2021,782,22276,330,5964,451,16311,1,1,548,9025,232,6675,550,15700,California
Kings, County,Kings County,3/4/2021,853,23129,358,6322,495,16806,0,1,709,9591,144,6819,710,16410,California
Kings, County,Kings County,3/5/2021,1215,24344,369,6691,836,17642,10,11,987,10365,228,7047,1002,17412,California
Kings, County,Kings County,3/6/2021,522,24866,190,6881,319,17961,13,24,491,10838,31,7078,504,17916,California
Kings, County,Kings County,3/7/2021,468,25334,322,7203,138,18099,8,32,457,11292,11,7089,465,18381,California
Kings, County,Kings County,3/8/2021,386,25720,98,7301,234,18333,54,86,269,11498,117,7206,323,18704,California
Kings, County,Kings County,3/9/2021,712,26432,409,7710,249,18582,54,140,600,12042,111,7317,655,19359,California
Kings, County,Kings County,3/10/2021,865,27297,268,7978,487,19069,110,250,579,12447,283,7600,688,20047,California
Kings, County,Kings County,3/11/2021,1249,28546,456,8434,676,19745,117,367,778,12874,469,8069,896,20943,California
Kings, County,Kings County,3/12/2021,1552,30098,463,8897,997,20742,92,459,1005,13430,543,8612,1099,22042,California
Kings, County,Kings County,3/13/2021,674,30772,328,9225,305,21047,41,500,548,13895,126,8738,591,22633,California
Kings, County,Kings County,3/14/2021,681,31453,105,9330,187,21234,389,889,206,14015,475,9213,595,23228,California
Kings, County,Kings County,3/15/2021,715,32168,272,9602,325,21559,118,1007,474,14369,240,9453,594,23822,California
Kings, County,Kings County,3/16/2021,1214,33382,487,10089,667,22226,60,1067,761,14740,452,9905,823,24645,California
Kings, County,Kings County,3/17/2021,1185,34567,434,10523,690,22916,61,1128,787,15198,398,10303,856,25501,California
Kings, County,Kings County,3/18/2021,1259,35826,485,11008,552,23468,222,1350,761,15688,496,10799,986,26487,California
Kings, County,Kings County,3/19/2021,1013,36839,465,11473,456,23924,92,1442,724,16231,288,11087,831,27318,California
Kings, County,Kings County,3/20/2021,649,37488,258,11731,360,24284,31,1473,468,16559,179,11266,507,27825,California
Kings, County,Kings County,3/21/2021,1425,38913,1089,12820,323,24607,13,1486,852,16851,573,11839,865,28690,California
Kings, County,Kings County,3/22/2021,450,39363,198,13018,165,24772,87,1573,261,17015,188,12027,352,29042,California
Kings, County,Kings County,3/23/2021,1061,40424,513,13531,484,25256,64,1637,552,17127,507,12534,619,29661,California
Kings, County,Kings County,3/24/2021,1115,41539,490,14021,601,25857,24,1661,499,17040,613,13147,526,30187,California
Kings, County,Kings County,3/25/2021,1077,42616,477,14498,571,26428,29,1690,441,16875,634,13781,469,30656,California
Kings, County,Kings County,3/26/2021,1430,44046,382,14880,959,27387,89,1779,393,16325,1032,14813,482,31138,California
Kings, County,Kings County,3/27/2021,657,44703,267,15147,378,27765,12,1791,147,15976,508,15321,159,31297,California
Kings, County,Kings County,3/28/2021,679,45382,607,15754,65,27830,7,1798,313,15943,366,15687,333,31630,California
Kings, County,Kings County,3/29/2021,483,45865,220,15974,202,28032,61,1859,264,16050,217,15904,324,31954,California
Kings, County,Kings County,3/30/2021,981,46846,554,16528,385,28417,42,1901,430,15971,550,16454,471,32425,California
Kings, County,Kings County,3/31/2021,940,47786,488,17016,378,28795,74,1975,414,15940,518,16972,487,32912,California
Kings, County,Kings County,4/1/2021,940,48726,508,17524,341,29136,91,2066,358,15814,575,17547,449,33361,California
Kings, County,Kings County,4/2/2021,1138,49864,463,17987,547,29683,128,2194,391,15591,741,18288,518,33879,California
Kings, County,Kings County,4/3/2021,492,50356,344,18331,139,29822,9,2203,172,15459,314,18602,182,34061,California
Kings, County,Kings County,4/4/2021,160,50516,86,18417,68,29890,6,2209,41,15388,118,18720,47,34108,California
Kings, County,Kings County,4/5/2021,1072,51588,334,18751,488,30378,250,2459,242,15048,830,19550,490,34598,California
Kings, County,Kings County,4/6/2021,1269,52857,502,19253,458,30836,309,2768,282,14653,984,20534,589,35187,California
Kings, County,Kings County,4/7/2021,1398,54255,664,19917,543,31379,191,2959,339,14126,1056,21590,529,35716,California
Kings, County,Kings County,4/8/2021,1640,55895,643,20560,745,32124,252,3211,375,13497,1256,22846,627,36343,California
Kings, County,Kings County,4/9/2021,1253,57148,593,21153,476,32600,184,3395,235,12897,1016,23862,416,36759,California
Kings, County,Kings County,4/10/2021,603,57751,334,21487,163,32763,106,3501,175,12751,426,24288,280,37039,California
Kings, County,Kings County,4/11/2021,355,58106,73,21560,275,33038,7,3508,194,12794,158,24446,201,37240,California
Kings, County,Kings County,4/12/2021,706,58812,312,21872,190,33228,204,3712,191,12676,513,24959,395,37635,California
Kings, County,Kings County,4/13/2021,915,59727,520,22392,395,33623,0,3712,282,12331,631,25590,286,37921,California
Kings, County,Kings County,4/14/2021,1063,60790,583,22975,480,34103,0,3712,380,12030,682,26272,381,38302,California
Kings, County,Kings County,4/15/2021,1057,61847,517,23492,539,34642,1,3713,436,11850,617,26889,437,38739,California
Kings, County,Kings County,4/16/2021,802,62649,367,23859,435,35077,0,3713,260,11571,540,27429,261,39000,California
Kings, County,Kings County,4/17/2021,474,63123,257,24116,217,35294,0,3713,193,11485,279,27708,193,39193,California
Kings, County,Kings County,4/18/2021,575,63698,250,24366,325,35619,0,3713,39,10988,536,28244,39,39232,California
Kings, County,Kings County,4/19/2021,628,64326,388,24754,240,35859,0,3713,291,10945,334,28578,291,39523,California
Kings, County,Kings County,4/20/2021,765,65091,463,25217,302,36161,0,3713,240,10661,524,29102,240,39763,California
Kings, County,Kings County,4/21/2021,700,65791,352,25569,348,36509,0,3713,243,10456,449,29551,244,40007,California
Kings, County,Kings County,4/22/2021,576,66367,292,25861,284,36793,0,3713,212,10309,360,29911,213,40220,California
Kings, County,Kings County,4/23/2021,698,67065,304,26165,394,37187,0,3713,336,10287,358,30269,336,40556,California
Kings, County,Kings County,4/24/2021,248,67313,180,26345,67,37254,1,3714,119,10279,128,30397,120,40676,California
Kings, County,Kings County,4/25/2021,206,67519,188,26533,18,37272,0,3714,169,10411,37,30434,169,40845,California
Kings, County,Kings County,4/26/2021,321,67840,177,26710,141,37413,3,3717,197,10487,124,30558,200,41045,California
Kings, County,Kings County,4/27/2021,440,68280,199,26909,222,37635,19,3736,188,10445,249,30807,207,41252,California
Kings, County,Kings County,4/28/2021,533,68813,271,27180,242,37877,20,3756,278,10488,255,31062,298,41550,California
Kings, County,Kings County,4/29/2021,311,69124,129,27309,169,38046,13,3769,143,10479,165,31227,156,41706,California
Kings, County,Kings County,4/30/2021,378,69502,168,27477,193,38239,17,3786,157,10436,217,31444,174,41880,California
Kings, County,Kings County,5/1/2021,233,69735,169,27646,54,38293,10,3796,75,10364,157,31601,85,41965,California
Kings, County,Kings County,5/2/2021,170,69905,148,27794,22,38315,0,3796,127,10448,43,31644,127,42092,California
Kings, County,Kings County,5/3/2021,480,70385,253,28047,213,38528,14,3810,125,10233,354,31998,139,42231,California
Kings, County,Kings County,5/4/2021,536,70921,279,28326,237,38765,20,3830,166,10050,369,32367,186,42417,California
Kings, County,Kings County,5/5/2021,568,71489,298,28624,250,39015,20,3850,144,9793,421,32788,164,42581,California
Kings, County,Kings County,5/6/2021,584,72073,300,28924,260,39275,24,3874,134,9503,448,33236,158,42739,California
Kings, County,Kings County,5/7/2021,371,72444,216,29140,139,39414,16,3890,149,9448,220,33456,165,42904,California
Kings, County,Kings County,5/8/2021,247,72691,181,29321,54,39468,12,3902,84,9381,162,33618,95,42999,California
Kings, County,Kings County,5/9/2021,191,72882,61,29382,130,39598,0,3902,41,9272,150,33768,41,43040,California
Kings, County,Kings County,5/10/2021,344,73226,265,29647,68,39666,11,3913,114,9171,226,33994,125,43165,California
Kings, County,Kings County,5/11/2021,390,73616,240,29887,120,39786,30,3943,118,9049,271,34265,149,43314,California
Kings, County,Kings County,5/12/2021,407,74023,170,30057,223,40009,14,3957,166,8990,239,34504,180,43494,California
Kings, County,Kings County,5/13/2021,423,74446,170,30227,245,40254,8,3965,173,8922,249,34753,181,43675,California
Kings, County,Kings County,5/14/2021,467,74913,316,30543,118,40372,33,3998,242,8972,224,34977,274,43949,California
Kings, County,Kings County,5/15/2021,357,75270,254,30797,84,40456,19,4017,198,9030,159,35136,217,44166,California
Kings, County,Kings County,5/16/2021,253,75523,226,31023,26,40482,1,4018,75,8928,178,35314,76,44242,California
Kings, County,Kings County,5/17/2021,410,75933,327,31350,66,40548,17,4035,214,8965,194,35508,231,44473,California
Kings, County,Kings County,5/18/2021,406,76339,285,31635,108,40656,13,4048,229,9031,177,35685,243,44716,California
Kings, County,Kings County,5/19/2021,587,76926,285,31920,277,40933,25,4073,230,8931,355,36040,255,44971,California
Kings, County,Kings County,5/20/2021,453,77379,239,32159,187,41120,27,4100,263,9032,190,36230,291,45262,California
Kings, County,Kings County,5/21/2021,524,77903,263,32422,250,41370,11,4111,263,9050,256,36486,274,45536,California
Kings, County,Kings County,5/22/2021,305,78208,246,32668,47,41417,12,4123,217,9193,86,36572,229,45765,California
Kings, County,Kings County,5/23/2021,232,78440,225,32893,7,41424,0,4123,106,9173,126,36698,106,45871,California
Kings, County,Kings County,5/24/2021,267,78707,181,33074,72,41496,14,4137,128,9176,139,36837,142,46013,California
Kings, County,Kings County,5/25/2021,407,79114,271,33345,103,41599,33,4170,235,9274,170,37007,268,46281,California
Kings, County,Kings County,5/26/2021,307,79421,126,33471,164,41763,17,4187,122,9229,184,37191,139,46420,California
Kings, County,Kings County,5/27/2021,328,79749,180,33651,130,41893,18,4205,178,9278,147,37338,196,46616,California
Kings, County,Kings County,5/28/2021,289,80038,141,33792,129,42022,19,4224,130,9273,154,37492,149,46765,California
Kings, County,Kings County,5/29/2021,174,80212,100,33892,63,42085,11,4235,86,9283,87,37579,97,46862,California
Kings, County,Kings County,5/30/2021,132,80344,115,34007,15,42100,2,4237,70,9293,62,37641,72,46934,California
Kings, County,Kings County,5/31/2021,41,80385,21,34028,17,42117,3,4240,15,9285,26,37667,18,46952,California
Kings, County,Kings County,6/1/2021,316,80701,186,34214,114,42231,16,4256,119,9226,193,37860,134,47086,California
Kings, County,Kings County,6/2/2021,275,80976,123,34337,145,42376,7,4263,81,9123,191,38051,88,47174,California
Kings, County,Kings County,6/3/2021,225,81201,126,34463,88,42464,11,4274,69,9055,148,38199,80,47254,California
Kings, County,Kings County,6/4/2021,428,81629,285,34748,129,42593,14,4288,151,8947,273,38472,165,47419,California
Kings, County,Kings County,6/5/2021,257,81886,224,34972,26,42619,7,4295,62,8834,182,38654,69,47488,California
Kings, County,Kings County,6/6/2021,162,82048,154,35126,3,42622,5,4300,81,8843,77,38731,86,47574,California
Kings, County,Kings County,6/7/2021,294,82342,225,35351,55,42677,14,4314,95,8753,198,38929,108,47682,California
Kings, County,Kings County,6/8/2021,315,82657,240,35591,55,42732,20,4334,77,8614,236,39165,97,47779,California
Kings, County,Kings County,6/9/2021,402,83059,270,35861,123,42855,9,4343,116,8456,283,39448,125,47904,California
Kings, County,Kings County,6/10/2021,343,83402,224,36085,106,42961,13,4356,82,8290,261,39709,95,47999,California
Kings, County,Kings County,6/11/2021,376,83778,284,36369,89,43050,3,4359,146,8214,225,39934,149,48148,California
Kings, County,Kings County,6/12/2021,267,84045,220,36589,43,43093,4,4363,67,8101,184,40118,71,48219,California
Kings, County,Kings County,6/13/2021,128,84173,119,36708,8,43101,1,4364,34,8043,93,40211,35,48254,California
Kings, County,Kings County,6/14/2021,242,84415,173,36881,47,43148,22,4386,95,8013,147,40358,117,48371,California
Kings, County,Kings County,6/15/2021,254,84669,181,37062,63,43211,10,4396,88,7946,165,40523,98,48469,California
Kings, County,Kings County,6/16/2021,254,84923,130,37192,116,43327,8,4404,89,7886,158,40681,98,48567,California
Kings, County,Kings County,6/17/2021,208,85131,111,37303,87,43414,10,4414,80,7848,128,40809,90,48657,California
Kings, County,Kings County,6/18/2021,253,85384,174,37477,70,43484,9,4423,117,7838,136,40945,126,48783,California
Kings, County,Kings County,6/19/2021,102,85486,69,37546,28,43512,5,4428,41,7823,61,41006,46,48829,California
Kings, County,Kings County,6/20/2021,84,85570,69,37615,9,43521,6,4434,28,7801,56,41062,34,48863,California
Kings, County,Kings County,6/21/2021,180,85750,96,37711,53,43574,31,4465,96,7844,84,41146,127,48990,California
Kings, County,Kings County,6/22/2021,199,85949,127,37838,63,43637,9,4474,82,7818,117,41263,91,49081,California
Kings, County,Kings County,6/23/2021,196,86145,92,37930,89,43726,15,4489,87,7812,108,41371,102,49183,California
Kings, County,Kings County,6/24/2021,146,86291,69,37999,72,43798,5,4494,57,7786,88,41459,62,49245,California
Kings, County,Kings County,6/25/2021,316,86607,223,38222,84,43882,9,4503,159,7798,156,41615,168,49413,California
Kings, County,Kings County,6/26/2021,122,86729,80,38302,38,43920,4,4507,51,7782,71,41686,55,49468,California
Kings, County,Kings County,6/27/2021,119,86848,112,38414,6,43926,1,4508,39,7745,77,41763,40,49508,California
Kings, County,Kings County,6/28/2021,198,87046,144,38558,37,43963,17,4525,86,7736,112,41875,103,49611,California
Kings, County,Kings County,6/29/2021,179,87225,133,38691,36,43999,10,4535,88,7745,89,41964,98,49709,California
Kings, County,Kings County,6/30/2021,197,87422,119,38810,70,44069,8,4543,91,7738,106,42070,99,49808,California
Kings, County,Kings County,7/1/2021,138,87560,91,38901,40,44109,7,4550,68,7745,68,42138,75,49883,California
Kings, County,Kings County,7/2/2021,186,87746,119,39020,58,44167,9,4559,93,7754,93,42231,102,49985,California
Kings, County,Kings County,7/3/2021,103,87849,82,39102,20,44187,1,4560,52,7756,51,42282,53,50038,California
Kings, County,Kings County,7/4/2021,4,87853,0,39102,4,44191,0,4560,3,7758,1,42283,3,50041,California
Kings, County,Kings County,7/5/2021,96,87949,57,39159,27,44218,12,4572,49,7772,47,42330,61,50102,California
Kings, County,Kings County,7/6/2021,220,88169,159,39318,49,44267,12,4584,85,7734,135,42465,97,50199,California
Kings, County,Kings County,7/7/2021,235,88404,134,39452,90,44357,11,4595,121,7753,113,42578,132,50331,California
Kings, County,Kings County,7/8/2021,205,88609,126,39578,71,44428,8,4603,85,7727,119,42697,93,50424,California
Kings, County,Kings County,7/9/2021,216,88825,128,39706,85,44513,3,4606,111,7739,102,42799,114,50538,California
Kings, County,Kings County,7/10/2021,98,88923,60,39766,33,44546,5,4611,54,7754,44,42843,59,50597,California
Kings, County,Kings County,7/11/2021,88,89011,76,39842,8,44554,4,4615,45,7760,43,42886,49,50646,California
Kings, County,Kings County,7/12/2021,214,89225,143,39985,61,44615,10,4625,86,7728,128,43014,96,50742,California
Kings, County,Kings County,7/13/2021,133,89358,97,40082,35,44650,1,4626,69,7734,64,43078,70,50812,California
Kings, County,Kings County,7/14/2021,171,89529,97,40179,68,44718,6,4632,91,7751,80,43158,97,50909,California
Kings, County,Kings County,7/15/2021,140,89669,78,40257,59,44777,3,4635,77,7768,63,43221,80,50989,California
Kings, County,Kings County,7/16/2021,197,89866,134,40391,57,44834,6,4641,77,7733,118,43339,83,51072,California
Kings, County,Kings County,7/17/2021,89,89955,65,40456,20,44854,4,4645,45,7738,44,43383,49,51121,California
Kings, County,Kings County,7/18/2021,93,90048,86,40542,5,44859,2,4647,49,7746,43,43426,51,51172,California
Kings, County,Kings County,7/19/2021,170,90218,113,40655,38,44897,19,4666,71,7737,99,43525,90,51262,California
Kings, County,Kings County,7/20/2021,212,90430,147,40802,62,44959,3,4669,125,7778,87,43612,128,51390,California
Kings, County,Kings County,7/21/2021,279,90709,181,40983,82,45041,16,4685,176,7867,103,43715,192,51582,California
Kings, County,Kings County,7/22/2021,295,91004,193,41176,85,45126,17,4702,169,7929,123,43838,185,51767,California
Kings, County,Kings County,7/23/2021,233,91237,138,41314,91,45217,4,4706,149,8001,81,43919,153,51920,California
Kings, County,Kings County,7/24/2021,106,91343,79,41393,21,45238,6,4712,60,8023,44,43963,66,51986,California
Kings, County,Kings County,7/25/2021,94,91437,77,41470,17,45255,0,4712,76,8081,18,43981,76,52062,California
Kings, County,Kings County,7/26/2021,177,91614,108,41578,67,45322,2,4714,130,8167,46,44027,132,52194,California
Kings, County,Kings County,7/27/2021,201,91815,135,41713,56,45378,10,4724,123,8222,78,44105,133,52327,California
Kings, County,Kings County,7/28/2021,290,92105,165,41878,113,45491,12,4736,179,8302,111,44216,191,52518,California
Kings, County,Kings County,7/29/2021,254,92359,147,42025,84,45575,23,4759,160,8392,93,44309,183,52701,California
Kings, County,Kings County,7/30/2021,279,92638,157,42182,117,45692,5,4764,200,8522,75,44384,205,52906,California
Kings, County,Kings County,7/31/2021,167,92805,125,42307,40,45732,2,4766,126,8609,41,44425,128,53034,California
Kings, County,Kings County,8/1/2021,157,92962,135,42442,22,45754,0,4766,108,8670,47,44472,108,53142,California
Kings, County,Kings County,8/2/2021,270,93232,174,42616,86,45840,10,4776,191,8793,78,44550,201,53343,California
Kings, County,Kings County,8/3/2021,280,93512,211,42827,61,45901,8,4784,198,8918,81,44631,206,53549,California
Kings, County,Kings County,8/4/2021,303,93815,182,43009,109,46010,12,4796,191,9010,111,44742,203,53752,California
Kings, County,Kings County,8/5/2021,295,94110,196,43205,93,46103,6,4802,199,9119,96,44838,205,53957,California
Kings, County,Kings County,8/6/2021,276,94386,171,43376,98,46201,7,4809,190,9230,86,44924,197,54154,California
Kings, County,Kings County,8/7/2021,189,94575,139,43515,44,46245,6,4815,129,9305,60,44984,135,54289,California
Kings, County,Kings County,8/8/2021,134,94709,109,43624,22,46267,3,4818,72,9320,60,45044,75,54364,California
Kings, County,Kings County,8/9/2021,279,94988,209,43833,61,46328,9,4827,183,9416,96,45140,192,54556,California
Kings, County,Kings County,8/10/2021,87,95075,55,43888,22,46350,10,4837,44,9428,42,45182,54,54610,California
Lake, County,Lake County,12/15/2020,0,0,0,0,0,0,0,0,0,0,0,0,0,0,California
Lake, County,Lake County,12/16/2020,0,0,0,0,0,0,0,0,0,0,0,0,0,0,California
Lake, County,Lake County,12/17/2020,4,4,4,4,0,0,0,0,4,4,0,0,4,4,California
Lake, County,Lake County,12/18/2020,49,53,49,53,0,0,0,0,49,53,0,0,49,53,California
Lake, County,Lake County,12/19/2020,3,56,3,56,0,0,0,0,3,56,0,0,3,56,California
Lake, County,Lake County,12/20/2020,6,62,6,62,0,0,0,0,6,62,0,0,6,62,California
Lake, County,Lake County,12/21/2020,89,151,89,151,0,0,0,0,89,151,0,0,89,151,California
Lake, County,Lake County,12/22/2020,62,213,59,210,3,3,0,0,62,213,0,0,62,213,California
Lake, County,Lake County,12/23/2020,127,340,118,328,9,12,0,0,127,340,0,0,127,340,California
Lake, County,Lake County,12/24/2020,2,342,0,328,2,14,0,0,2,342,0,0,2,342,California
Lake, County,Lake County,12/25/2020,0,342,0,328,0,14,0,0,0,342,0,0,0,342,California
Lake, County,Lake County,12/26/2020,2,344,2,330,0,14,0,0,2,344,0,0,2,344,California
Lake, County,Lake County,12/27/2020,2,346,2,332,0,14,0,0,2,346,0,0,2,346,California
Lake, County,Lake County,12/28/2020,52,398,43,375,9,23,0,0,52,398,0,0,52,398,California
Lake, County,Lake County,12/29/2020,53,451,48,423,5,28,0,0,53,451,0,0,53,451,California
Lake, County,Lake County,12/30/2020,135,586,127,550,8,36,0,0,135,586,0,0,135,586,California
Lake, County,Lake County,12/31/2020,67,653,64,614,3,39,0,0,67,653,0,0,67,653,California
Lake, County,Lake County,1/1/2021,9,662,3,617,6,45,0,0,9,662,0,0,9,662,California
Lake, County,Lake County,1/2/2021,2,664,1,618,1,46,0,0,2,664,0,0,2,664,California
Lake, County,Lake County,1/3/2021,0,664,0,618,0,46,0,0,0,664,0,0,0,664,California
Lake, County,Lake County,1/4/2021,93,757,22,640,71,117,0,0,93,757,0,0,93,757,California
Lake, County,Lake County,1/5/2021,120,877,59,699,61,178,0,0,118,873,2,2,118,875,California
Lake, County,Lake County,1/6/2021,103,980,64,763,39,217,0,0,101,972,2,4,101,976,California
Lake, County,Lake County,1/7/2021,110,1090,86,849,24,241,0,0,101,1064,9,13,101,1077,California
Lake, County,Lake County,1/8/2021,155,1245,126,975,29,270,0,0,104,1117,51,64,104,1181,California
Lake, County,Lake County,1/9/2021,64,1309,62,1037,2,272,0,0,60,1173,4,68,60,1241,California
Lake, County,Lake County,1/10/2021,3,1312,3,1040,0,272,0,0,0,1170,3,71,0,1241,California
Lake, County,Lake County,1/11/2021,187,1499,149,1189,38,310,0,0,108,1199,79,150,108,1349,California
Lake, County,Lake County,1/12/2021,82,1581,49,1238,33,343,0,0,59,1235,23,173,59,1408,California
Lake, County,Lake County,1/13/2021,177,1758,120,1358,57,400,0,0,113,1284,64,237,113,1521,California
Lake, County,Lake County,1/14/2021,150,1908,48,1406,102,502,0,0,128,1390,22,259,128,1649,California
Lake, County,Lake County,1/15/2021,220,2128,96,1502,124,626,0,0,191,1552,29,288,191,1840,California
Lake, County,Lake County,1/16/2021,134,2262,84,1586,50,676,0,0,132,1682,2,290,132,1972,California
Lake, County,Lake County,1/17/2021,12,2274,6,1592,6,682,0,0,6,1682,6,296,6,1978,California
Lake, County,Lake County,1/18/2021,245,2519,229,1821,16,698,0,0,122,1681,123,419,122,2100,California
Lake, County,Lake County,1/19/2021,320,2839,124,1945,196,894,0,0,271,1904,49,468,272,2372,California
Lake, County,Lake County,1/20/2021,425,3264,82,2027,343,1237,0,0,360,2200,64,532,360,2732,California
Lake, County,Lake County,1/21/2021,438,3702,46,2073,392,1629,0,0,402,2566,36,568,402,3134,California
Lake, County,Lake County,1/22/2021,320,4022,49,2122,271,1900,0,0,282,2810,38,606,282,3416,California
Lake, County,Lake County,1/23/2021,124,4146,6,2128,118,2018,0,0,123,2932,1,607,123,3539,California
Lake, County,Lake County,1/24/2021,5,4151,2,2130,3,2021,0,0,5,2937,0,607,5,3544,California
Lake, County,Lake County,1/25/2021,257,4408,94,2224,163,2184,0,0,174,3028,83,690,174,3718,California
Lake, County,Lake County,1/26/2021,427,4835,32,2256,395,2579,0,0,403,3407,24,714,403,4121,California
Lake, County,Lake County,1/27/2021,365,5200,39,2295,326,2905,0,0,337,3717,28,742,338,4459,California
Lake, County,Lake County,1/28/2021,497,5697,161,2456,336,3241,0,0,363,3948,132,874,363,4822,California
Lake, County,Lake County,1/29/2021,651,6348,99,2555,552,3793,0,0,576,4449,75,949,576,5398,California
Lake, County,Lake County,1/30/2021,557,6905,41,2596,516,4309,0,0,551,4994,6,955,551,5949,California
Lake, County,Lake County,1/31/2021,13,6918,8,2604,5,4314,0,0,11,5003,2,957,11,5960,California
Lake, County,Lake County,2/1/2021,177,7095,17,2621,160,4474,0,0,161,5148,16,973,161,6121,California
Lake, County,Lake County,2/2/2021,567,7662,156,2777,411,4885,0,0,399,5379,168,1141,399,6520,California
Lake, County,Lake County,2/3/2021,446,8108,33,2810,413,5298,0,0,339,5611,107,1248,339,6859,California
Lake, County,Lake County,2/4/2021,123,8231,71,2881,52,5350,0,0,71,5630,52,1300,71,6930,California
Lake, County,Lake County,2/5/2021,385,8616,72,2953,313,5663,0,0,290,5827,93,1393,290,7220,California
Lake, County,Lake County,2/6/2021,278,8894,38,2991,240,5903,0,0,266,6081,12,1405,266,7486,California
Lake, County,Lake County,2/7/2021,3,8897,2,2993,1,5904,0,0,3,6084,0,1405,3,7489,California
Lake, County,Lake County,2/8/2021,273,9170,205,3198,68,5972,0,0,155,6121,118,1523,155,7644,California
Lake, County,Lake County,2/9/2021,348,9518,25,3223,323,6295,0,0,300,6374,47,1570,300,7944,California
Lake, County,Lake County,2/10/2021,355,9873,50,3273,305,6600,0,0,273,6565,82,1652,273,8217,California
Lake, County,Lake County,2/11/2021,179,10052,17,3290,162,6762,0,0,58,6502,121,1773,58,8275,California
Lake, County,Lake County,2/12/2021,371,10423,28,3318,343,7105,0,0,285,6702,85,1858,285,8560,California
Lake, County,Lake County,2/13/2021,253,10676,9,3327,244,7349,0,0,243,6935,10,1868,243,8803,California
Lake, County,Lake County,2/14/2021,16,10692,4,3331,12,7361,0,0,7,6933,9,1877,7,8810,California
Lake, County,Lake County,2/15/2021,165,10857,8,3339,157,7518,0,0,8,6785,156,2033,8,8818,California
Lake, County,Lake County,2/16/2021,424,11281,20,3359,404,7922,0,0,175,6711,249,2282,175,8993,California
Lake, County,Lake County,2/17/2021,354,11635,54,3413,300,8222,0,0,73,6504,280,2562,73,9066,California
Lake, County,Lake County,2/18/2021,465,12100,72,3485,393,8615,0,0,118,6276,346,2908,118,9184,California
Lake, County,Lake County,2/19/2021,429,12529,25,3510,404,9019,0,0,92,6032,336,3244,92,9276,California
Lake, County,Lake County,2/20/2021,296,12825,59,3569,237,9256,0,0,251,6239,44,3288,251,9527,California
Lake, County,Lake County,2/21/2021,7,12832,7,3576,0,9256,0,0,1,6234,6,3294,1,9528,California
Lake, County,Lake County,2/22/2021,136,12968,16,3592,120,9376,0,0,39,6177,96,3390,39,9567,California
Lake, County,Lake County,2/23/2021,228,13196,18,3610,210,9586,0,0,30,6010,197,3587,30,9597,California
Lake, County,Lake County,2/24/2021,1028,14224,434,4044,594,10180,0,0,469,5920,559,4146,469,10066,California
Lake, County,Lake County,2/25/2021,785,15009,503,4547,282,10462,0,0,508,6154,274,4420,508,10574,California
Lake, County,Lake County,2/26/2021,1063,16072,320,4867,743,11205,0,0,362,5818,698,5118,362,10936,California
Lake, County,Lake County,2/27/2021,414,16486,102,4969,312,11517,0,0,328,6061,85,5203,328,11264,California
Lake, County,Lake County,2/28/2021,16,16502,8,4977,8,11525,0,0,11,6067,5,5208,11,11275,California
Lake, County,Lake County,3/1/2021,619,17121,56,5033,563,12088,0,0,457,6362,162,5370,457,11732,California
Lake, County,Lake County,3/2/2021,777,17898,18,5051,759,12847,0,0,290,6167,485,5855,290,12022,California
Lake, County,Lake County,3/3/2021,379,18277,201,5252,178,13025,0,0,148,6085,230,6085,148,12170,California
Lake, County,Lake County,3/4/2021,582,18859,508,5760,74,13099,0,0,565,6633,17,6102,565,12735,California
Lake, County,Lake County,3/5/2021,1062,19921,53,5813,1009,14108,0,0,182,5939,876,6978,182,12917,California
Lake, County,Lake County,3/6/2021,33,19954,9,5822,23,14131,1,1,20,5947,13,6991,21,12938,California
Lake, County,Lake County,3/7/2021,8,19962,5,5827,2,14133,1,2,5,5950,3,6994,6,12944,California
Lake, County,Lake County,3/8/2021,342,20304,268,6095,64,14197,10,12,301,6221,40,7034,311,13255,California
Lake, County,Lake County,3/9/2021,934,21238,41,6136,875,15072,18,30,404,6118,526,7560,423,13678,California
Lake, County,Lake County,3/10/2021,199,21437,55,6191,131,15203,13,43,132,6197,67,7627,146,13824,California
Lake, County,Lake County,3/11/2021,590,22027,47,6238,67,15270,476,519,51,6182,539,8166,524,14348,California
Lake, County,Lake County,3/12/2021,854,22881,202,6440,626,15896,26,545,362,6080,490,8656,388,14736,California
Lake, County,Lake County,3/13/2021,276,23157,20,6460,20,15916,236,781,16,6071,259,8915,250,14986,California
Lake, County,Lake County,3/14/2021,10,23167,2,6462,8,15924,0,781,6,6073,4,8919,6,14992,California
Lake, County,Lake County,3/15/2021,639,23806,10,6472,611,16535,18,799,479,6410,160,9079,497,15489,California
Lake, County,Lake County,3/16/2021,1120,24926,838,7310,265,16800,17,816,377,6064,739,9818,393,15882,California
Lake, County,Lake County,3/17/2021,249,25175,124,7434,102,16902,23,839,87,6012,162,9980,110,15992,California
Lake, County,Lake County,3/18/2021,751,25926,375,7809,340,17242,36,875,354,6012,389,10369,389,16381,California
Lake, County,Lake County,3/19/2021,583,26509,311,8120,251,17493,21,896,480,6411,102,10471,501,16882,California
Lake, County,Lake County,3/20/2021,248,26757,8,8128,238,17731,2,898,30,6227,216,10687,32,16914,California
Lake, County,Lake County,3/21/2021,15,26772,9,8137,5,17736,1,899,11,6235,4,10691,12,16926,California
Lake, County,Lake County,3/22/2021,335,27107,257,8394,64,17800,14,913,248,6410,87,10778,262,17188,California
Lake, County,Lake County,3/23/2021,433,27540,19,8413,400,18200,14,927,366,6724,66,10844,380,17568,California
Lake, County,Lake County,3/24/2021,420,27960,58,8471,354,18554,8,935,324,6963,94,10938,333,17901,California
Lake, County,Lake County,3/25/2021,680,28640,491,8962,183,18737,6,941,165,6619,514,11452,170,18071,California
Lake, County,Lake County,3/26/2021,68,28708,33,8995,33,18770,2,943,31,6616,36,11488,33,18104,California
Lake, County,Lake County,3/27/2021,308,29016,6,9001,299,19069,3,946,15,6343,291,11779,18,18122,California
Lake, County,Lake County,3/28/2021,13,29029,6,9007,7,19076,0,946,5,6340,8,11787,5,18127,California
Lake, County,Lake County,3/29/2021,1014,30043,299,9306,713,19789,2,948,192,5714,820,12607,194,18321,California
Lake, County,Lake County,3/30/2021,468,30511,317,9623,148,19937,3,951,370,5990,97,12704,373,18694,California
Lake, County,Lake County,3/31/2021,623,31134,60,9683,563,20500,0,951,437,6251,176,12880,437,19131,California
Lake, County,Lake County,4/1/2021,456,31590,240,9923,204,20704,12,963,183,6178,268,13148,195,19326,California
Lake, County,Lake County,4/2/2021,223,31813,38,9961,157,20861,28,991,94,6171,129,13277,122,19448,California
Lake, County,Lake County,4/3/2021,31,31844,4,9965,24,20885,3,994,12,6167,19,13296,15,19463,California
Lake, County,Lake County,4/4/2021,20,31864,12,9977,7,20892,1,995,15,6178,5,13301,16,19479,California
Lake, County,Lake County,4/5/2021,650,32514,72,10049,558,21450,20,1015,408,6366,239,13540,427,19906,California
Lake, County,Lake County,4/6/2021,480,32994,19,10068,436,21886,25,1040,305,6523,173,13713,330,20236,California
Lake, County,Lake County,4/7/2021,528,33522,57,10125,419,22305,52,1092,356,6761,170,13883,408,20644,California
Lake, County,Lake County,4/8/2021,612,34134,497,10622,49,22354,66,1158,108,6434,501,14384,174,20818,California
Lake, County,Lake County,4/9/2021,285,34419,46,10668,171,22525,68,1226,53,6325,228,14612,119,20937,California
Lake, County,Lake County,4/10/2021,251,34670,12,10680,13,22538,226,1452,9,6318,242,14854,235,21172,California
Lake, County,Lake County,4/11/2021,20,34690,15,10695,3,22541,2,1454,6,6312,14,14868,8,21180,California
Lake, County,Lake County,4/12/2021,1082,35772,234,10929,815,23356,33,1487,245,5753,837,15705,278,21458,California
Lake, County,Lake County,4/13/2021,178,35950,106,11035,72,23428,0,1487,52,5679,126,15831,52,21510,California
Lake, County,Lake County,4/14/2021,616,36566,34,11069,582,24010,0,1487,554,6171,62,15893,554,22064,California
Lake, County,Lake County,4/15/2021,646,37212,191,11260,455,24465,0,1487,329,6183,317,16210,329,22393,California
Lake, County,Lake County,4/16/2021,269,37481,27,11287,242,24707,0,1487,72,6059,196,16406,72,22465,California
Lake, County,Lake County,4/17/2021,40,37521,9,11296,31,24738,0,1487,29,6077,11,16417,29,22494,California
Lake, County,Lake County,4/18/2021,7,37528,4,11300,3,24741,0,1487,0,6070,7,16424,0,22494,California
Lake, County,Lake County,4/19/2021,300,37828,40,11340,260,25001,0,1487,250,6270,50,16474,250,22744,California
Lake, County,Lake County,4/20/2021,699,38527,283,11623,416,25417,0,1487,91,5755,607,17081,92,22836,California
Lake, County,Lake County,4/21/2021,534,39061,63,11686,471,25888,0,1487,197,5615,337,17418,197,23033,California
Lake, County,Lake County,4/22/2021,464,39525,46,11732,418,26306,0,1487,320,5792,143,17561,320,23353,California
Lake, County,Lake County,4/23/2021,124,39649,62,11794,62,26368,0,1487,73,5816,49,17610,73,23426,California
Lake, County,Lake County,4/24/2021,53,39702,8,11802,45,26413,0,1487,39,5841,14,17624,39,23465,California
Lake, County,Lake County,4/25/2021,37,39739,19,11821,18,26431,0,1487,25,5854,12,17636,25,23490,California
Lake, County,Lake County,4/26/2021,296,40035,83,11904,212,26643,1,1488,92,5743,204,17840,93,23583,California
Lake, County,Lake County,4/27/2021,250,40285,25,11929,207,26850,18,1506,86,5683,164,18004,104,23687,California
Lake, County,Lake County,4/28/2021,522,40807,51,11980,456,27306,15,1521,95,5367,425,18429,109,23796,California
Lake, County,Lake County,4/29/2021,219,41026,86,12066,117,27423,16,1537,115,5395,102,18531,130,23926,California
Lake, County,Lake County,4/30/2021,291,41317,46,12112,214,27637,31,1568,144,5424,146,18677,175,24101,California
Lake, County,Lake County,5/1/2021,52,41369,28,12140,22,27659,2,1570,34,5443,17,18694,36,24137,California
Lake, County,Lake County,5/2/2021,18,41387,9,12149,8,27667,1,1571,10,5446,8,18702,11,24148,California
Lake, County,Lake County,5/3/2021,420,41807,29,12178,355,28022,36,1607,66,5195,353,19055,102,24250,California
Lake, County,Lake County,5/4/2021,408,42215,218,12396,140,28162,50,1657,125,5089,281,19336,175,24425,California
Lake, County,Lake County,5/5/2021,632,42847,40,12436,581,28743,11,1668,84,4638,545,19881,94,24519,California
Lake, County,Lake County,5/6/2021,144,42991,20,12456,95,28838,29,1697,74,4670,70,19951,102,24621,California
Lake, County,Lake County,5/7/2021,162,43153,25,12481,116,28954,21,1718,104,4739,56,20007,125,24746,California
Lake, County,Lake County,5/8/2021,41,43194,4,12485,37,28991,0,1718,36,4770,5,20012,36,24782,California
Lake, County,Lake County,5/9/2021,17,43211,2,12487,10,29001,5,1723,10,4778,7,20019,15,24797,California
Lake, County,Lake County,5/10/2021,247,43458,11,12498,209,29210,27,1750,60,4679,186,20205,87,24884,California
Lake, County,Lake County,5/11/2021,200,43658,26,12524,157,29367,17,1767,120,4737,80,20285,138,25022,California
Lake, County,Lake County,5/12/2021,545,44203,29,12553,496,29863,20,1787,54,4319,491,20776,73,25095,California
Lake, County,Lake County,5/13/2021,321,44524,71,12624,236,30099,14,1801,74,4164,244,21020,89,25184,California
Lake, County,Lake County,5/14/2021,271,44795,83,12707,170,30269,18,1819,164,4241,104,21124,181,25365,California
Lake, County,Lake County,5/15/2021,45,44840,19,12726,23,30292,3,1822,29,4257,16,21140,32,25397,California
Lake, County,Lake County,5/16/2021,32,44872,19,12745,12,30304,1,1823,18,4262,14,21154,19,25416,California
Lake, County,Lake County,5/17/2021,318,45190,42,12787,261,30565,15,1838,83,4128,232,21386,98,25514,California
Lake, County,Lake County,5/18/2021,297,45487,65,12852,213,30778,19,1857,171,4193,125,21511,190,25704,California
Lake, County,Lake County,5/19/2021,314,45801,58,12910,241,31019,15,1872,88,4071,225,21736,103,25807,California
Lake, County,Lake County,5/20/2021,242,46043,61,12971,170,31189,11,1883,96,4032,146,21882,107,25914,California
Lake, County,Lake County,5/21/2021,276,46319,52,13023,201,31390,23,1906,113,4007,161,22043,136,26050,California
Lake, County,Lake County,5/22/2021,97,46416,54,13077,40,31430,3,1909,47,4007,50,22093,50,26100,California
Lake, County,Lake County,5/23/2021,58,46474,28,13105,29,31459,1,1910,29,4008,29,22122,30,26130,California
Lake, County,Lake County,5/24/2021,161,46635,37,13142,109,31568,15,1925,73,4008,88,22210,88,26218,California
Lake, County,Lake County,5/25/2021,203,46838,56,13198,135,31703,12,1937,73,3964,129,22339,85,26303,California
Lake, County,Lake County,5/26/2021,152,46990,45,13243,96,31799,11,1948,56,3937,94,22433,67,26370,California
Lake, County,Lake County,5/27/2021,176,47166,47,13290,115,31914,14,1962,61,3898,114,22547,75,26445,California
Lake, County,Lake County,5/28/2021,224,47390,22,13312,164,32078,38,2000,50,3813,172,22719,87,26532,California
Lake, County,Lake County,5/29/2021,37,47427,10,13322,21,32099,6,2006,14,3810,23,22742,20,26552,California
Lake, County,Lake County,5/30/2021,21,47448,6,13328,13,32112,2,2008,11,3813,10,22752,13,26565,California
Lake, County,Lake County,5/31/2021,63,47511,22,13350,39,32151,2,2010,53,3858,10,22762,55,26620,California
Lake, County,Lake County,6/1/2021,195,47706,36,13386,150,32301,9,2019,68,3809,126,22888,77,26697,California
Lake, County,Lake County,6/2/2021,133,47839,46,13432,75,32376,12,2031,54,3796,79,22967,66,26763,California
Lake, County,Lake County,6/3/2021,184,48023,55,13487,110,32486,19,2050,79,3789,105,23072,98,26861,California
Lake, County,Lake County,6/4/2021,183,48206,54,13541,113,32599,16,2066,46,3716,135,23207,62,26923,California
Lake, County,Lake County,6/5/2021,94,48300,56,13597,30,32629,8,2074,55,3740,39,23246,63,26986,California
Lake, County,Lake County,6/6/2021,69,48369,39,13636,30,32659,0,2074,24,3719,45,23291,24,27010,California
Lake, County,Lake County,6/7/2021,90,48459,29,13665,53,32712,8,2082,32,3702,57,23348,40,27050,California
Lake, County,Lake County,6/8/2021,180,48639,69,13734,99,32811,12,2094,67,3668,113,23461,79,27129,California
Lake, County,Lake County,6/9/2021,173,48812,42,13776,127,32938,4,2098,37,3575,134,23595,41,27170,California
Lake, County,Lake County,6/10/2021,126,48938,61,13837,52,32990,13,2111,49,3560,77,23672,62,27232,California
Lake, County,Lake County,6/11/2021,210,49148,66,13903,120,33110,24,2135,48,3473,159,23831,72,27304,California
Lake, County,Lake County,6/12/2021,66,49214,39,13942,21,33131,6,2141,34,3481,32,23863,40,27344,California
Lake, County,Lake County,6/13/2021,27,49241,14,13956,13,33144,0,2141,12,3478,15,23878,12,27356,California
Lake, County,Lake County,6/14/2021,179,49420,87,14043,79,33223,13,2154,50,3413,128,24006,63,27419,California
Lake, County,Lake County,6/15/2021,246,49666,65,14108,163,33386,18,2172,78,3341,168,24174,96,27515,California
Lake, County,Lake County,6/16/2021,163,49829,57,14165,91,33477,15,2187,54,3302,108,24282,69,27584,California
Lake, County,Lake County,6/17/2021,181,50010,87,14252,84,33561,10,2197,80,3292,100,24382,90,27674,California
Lake, County,Lake County,6/18/2021,143,50153,39,14291,94,33655,10,2207,58,3275,85,24467,68,27742,California
Lake, County,Lake County,6/19/2021,68,50221,26,14317,42,33697,0,2207,35,3277,33,24500,35,27777,California
Lake, County,Lake County,6/20/2021,21,50242,7,14324,12,33709,2,2209,10,3278,11,24511,12,27789,California
Lake, County,Lake County,6/21/2021,69,50311,17,14341,44,33753,8,2217,30,3277,39,24550,38,27827,California
Lake, County,Lake County,6/22/2021,133,50444,50,14391,73,33826,10,2227,61,3277,71,24621,71,27898,California
Lake, County,Lake County,6/23/2021,149,50593,68,14459,57,33883,24,2251,81,3314,68,24689,105,28003,California
Lake, County,Lake County,6/24/2021,141,50734,93,14552,34,33917,14,2265,49,3286,91,24780,63,28066,California
Lake, County,Lake County,6/25/2021,130,50864,56,14608,64,33981,10,2275,65,3297,64,24844,75,28141,California
Lake, County,Lake County,6/26/2021,49,50913,37,14645,12,33993,0,2275,6,3260,43,24887,6,28147,California
Lake, County,Lake County,6/27/2021,42,50955,30,14675,12,34005,0,2275,23,3264,19,24906,23,28170,California
Lake, County,Lake County,6/28/2021,66,51021,22,14697,22,34027,22,2297,28,3277,37,24943,50,28220,California
Lake, County,Lake County,6/29/2021,123,51144,48,14745,71,34098,4,2301,66,3290,57,25000,70,28290,California
Lake, County,Lake County,6/30/2021,121,51265,60,14805,52,34150,9,2310,60,3298,61,25061,69,28359,California
Lake, County,Lake County,7/1/2021,118,51383,53,14858,58,34208,7,2317,40,3271,74,25135,47,28406,California
Lake, County,Lake County,7/2/2021,111,51494,34,14892,64,34272,13,2330,54,3282,55,25190,66,28472,California
Lake, County,Lake County,7/3/2021,73,51567,43,14935,30,34302,0,2330,33,3277,38,25228,33,28505,California
Lake, County,Lake County,7/4/2021,14,51581,5,14940,9,34311,0,2330,9,3281,5,25233,9,28514,California
Lake, County,Lake County,7/5/2021,47,51628,19,14959,28,34339,0,2330,32,3298,15,25248,32,28546,California
Lake, County,Lake County,7/6/2021,157,51785,52,15011,98,34437,7,2337,61,3273,93,25341,68,28614,California
Lake, County,Lake County,7/7/2021,92,51877,51,15062,38,34475,3,2340,55,3294,37,25378,58,28672,California
Lake, County,Lake County,7/8/2021,93,51970,33,15095,49,34524,11,2351,41,3294,52,25430,52,28724,California
Lake, County,Lake County,7/9/2021,156,52126,85,15180,64,34588,7,2358,66,3278,89,25519,73,28797,California
Lake, County,Lake County,7/10/2021,42,52168,16,15196,26,34614,0,2358,25,3286,17,25536,25,28822,California
Lake, County,Lake County,7/11/2021,15,52183,3,15199,11,34625,1,2359,6,3284,9,25545,7,28829,California
Lake, County,Lake County,7/12/2021,88,52271,44,15243,35,34660,9,2368,41,3288,46,25591,50,28879,California
Lake, County,Lake County,7/13/2021,121,52392,51,15294,68,34728,2,2370,51,3271,70,25661,53,28932,California
Lake, County,Lake County,7/14/2021,137,52529,80,15374,32,34760,25,2395,52,3264,84,25745,77,29009,California
Lake, County,Lake County,7/15/2021,108,52637,60,15434,40,34800,8,2403,49,3264,57,25802,57,29066,California
Lake, County,Lake County,7/16/2021,149,52786,63,15497,77,34877,9,2412,79,3282,70,25872,88,29154,California
Lake, County,Lake County,7/17/2021,74,52860,26,15523,41,34918,7,2419,39,3292,35,25907,45,29199,California
Lake, County,Lake County,7/18/2021,20,52880,9,15532,11,34929,0,2419,9,3290,11,25918,9,29208,California
Lake, County,Lake County,7/19/2021,87,52967,36,15568,37,34966,14,2433,41,3299,46,25964,55,29263,California
Lake, County,Lake County,7/20/2021,109,53076,50,15618,50,35016,9,2442,52,3303,57,26021,61,29324,California
Lake, County,Lake County,7/21/2021,173,53249,112,15730,52,35068,9,2451,109,3358,63,26084,118,29442,California
Lake, County,Lake County,7/22/2021,148,53397,69,15799,64,35132,15,2466,92,3410,55,26139,107,29549,California
Lake, County,Lake County,7/23/2021,173,53570,83,15882,74,35206,16,2482,99,3451,74,26213,115,29664,California
Lake, County,Lake County,7/24/2021,94,53664,49,15931,41,35247,4,2486,68,3498,25,26238,72,29736,California
Lake, County,Lake County,7/25/2021,39,53703,21,15952,18,35265,0,2486,27,3514,11,26249,27,29763,California
Lake, County,Lake County,7/26/2021,102,53805,33,15985,52,35317,17,2503,52,3534,49,26298,69,29832,California
Lake, County,Lake County,7/27/2021,183,53988,64,16049,103,35420,16,2519,105,3577,78,26376,121,29953,California
Lake, County,Lake County,7/28/2021,147,54135,86,16135,56,35476,5,2524,101,3637,46,26422,106,30059,California
Lake, County,Lake County,7/29/2021,162,54297,77,16212,72,35548,13,2537,108,3704,54,26476,121,30180,California
Lake, County,Lake County,7/30/2021,216,54513,76,16288,113,35661,27,2564,134,3783,82,26558,161,30341,California
Lake, County,Lake County,7/31/2021,51,54564,28,16316,17,35678,6,2570,31,3800,20,26578,37,30378,California
Lake, County,Lake County,8/1/2021,34,54598,19,16335,15,35693,0,2570,22,3811,11,26589,22,30400,California
Lake, County,Lake County,8/2/2021,170,54768,92,16427,69,35762,9,2579,117,3884,53,26642,126,30526,California
Lake, County,Lake County,8/3/2021,253,55021,131,16558,102,35864,20,2599,162,3975,91,26733,182,30708,California
Lake, County,Lake County,8/4/2021,153,55174,77,16635,65,35929,11,2610,106,4046,46,26779,117,30825,California
Lake, County,Lake County,8/5/2021,141,55315,72,16707,66,35995,3,2613,86,4081,54,26833,89,30914,California
Lake, County,Lake County,8/6/2021,163,55478,79,16786,69,36064,15,2628,92,4118,70,26903,107,31021,California
Lake, County,Lake County,8/7/2021,67,55545,34,16820,33,36097,0,2628,44,4139,23,26926,44,31065,California
Lake, County,Lake County,8/8/2021,23,55568,7,16827,16,36113,0,2628,14,4144,9,26935,14,31079,California
Lake, County,Lake County,8/9/2021,77,55645,42,16869,29,36142,6,2634,45,4163,32,26967,51,31130,California
Lake, County,Lake County,8/10/2021,157,55802,83,16952,68,36210,6,2640,96,4204,61,27028,102,31232,California
Lassen, County,Lassen County,12/15/2020,0,0,0,0,0,0,0,0,0,0,0,0,0,0,California
Lassen, County,Lassen County,12/16/2020,3,3,3,3,0,0,0,0,3,3,0,0,3,3,California
Lassen, County,Lassen County,12/17/2020,1,4,1,4,0,0,0,0,1,4,0,0,1,4,California
Lassen, County,Lassen County,12/18/2020,1,5,1,5,0,0,0,0,1,5,0,0,1,5,California
Lassen, County,Lassen County,12/19/2020,6,11,6,11,0,0,0,0,6,11,0,0,6,11,California
Lassen, County,Lassen County,12/20/2020,2,13,2,13,0,0,0,0,2,13,0,0,2,13,California
Lassen, County,Lassen County,12/21/2020,10,23,10,23,0,0,0,0,10,23,0,0,10,23,California
Lassen, County,Lassen County,12/22/2020,18,41,18,41,0,0,0,0,18,41,0,0,18,41,California
Lassen, County,Lassen County,12/23/2020,4,45,4,45,0,0,0,0,4,45,0,0,4,45,California
Lassen, County,Lassen County,12/24/2020,3,48,3,48,0,0,0,0,3,48,0,0,3,48,California
Lassen, County,Lassen County,12/25/2020,0,48,0,48,0,0,0,0,0,48,0,0,0,48,California
Lassen, County,Lassen County,12/26/2020,0,48,0,48,0,0,0,0,0,48,0,0,0,48,California
Lassen, County,Lassen County,12/27/2020,0,48,0,48,0,0,0,0,0,48,0,0,0,48,California
Lassen, County,Lassen County,12/28/2020,2,50,1,49,1,1,0,0,2,50,0,0,2,50,California
Lassen, County,Lassen County,12/29/2020,34,84,34,83,0,1,0,0,34,84,0,0,34,84,California
Lassen, County,Lassen County,12/30/2020,25,109,24,107,1,2,0,0,25,109,0,0,25,109,California
Lassen, County,Lassen County,12/31/2020,49,158,41,148,8,10,0,0,49,158,0,0,49,158,California
Lassen, County,Lassen County,1/1/2021,0,158,0,148,0,10,0,0,0,158,0,0,0,158,California
Lassen, County,Lassen County,1/2/2021,1,159,0,148,1,11,0,0,1,159,0,0,1,159,California
Lassen, County,Lassen County,1/3/2021,0,159,0,148,0,11,0,0,0,159,0,0,0,159,California
Lassen, County,Lassen County,1/4/2021,14,173,2,150,12,23,0,0,14,173,0,0,14,173,California
Lassen, County,Lassen County,1/5/2021,190,363,52,202,138,161,0,0,190,363,0,0,190,363,California
Lassen, County,Lassen County,1/6/2021,88,451,35,237,53,214,0,0,84,444,4,4,85,448,California
Lassen, County,Lassen County,1/7/2021,38,489,2,239,36,250,0,0,37,480,1,5,37,485,California
Lassen, County,Lassen County,1/8/2021,50,539,2,241,48,298,0,0,50,530,0,5,50,535,California
Lassen, County,Lassen County,1/9/2021,12,551,6,247,6,304,0,0,12,542,0,5,12,547,California
Lassen, County,Lassen County,1/10/2021,0,551,0,247,0,304,0,0,0,542,0,5,0,547,California
Lassen, County,Lassen County,1/11/2021,25,576,5,252,20,324,0,0,25,567,0,5,25,572,California
Lassen, County,Lassen County,1/12/2021,45,621,25,277,20,344,0,0,29,580,16,21,29,601,California
Lassen, County,Lassen County,1/13/2021,155,776,14,291,141,485,0,0,144,713,11,32,144,745,California
Lassen, County,Lassen County,1/14/2021,151,927,11,302,140,625,0,0,146,854,5,37,146,891,California
Lassen, County,Lassen County,1/15/2021,18,945,1,303,17,642,0,0,18,872,0,37,18,909,California
Lassen, County,Lassen County,1/16/2021,34,979,33,336,1,643,0,0,34,906,0,37,34,943,California
Lassen, County,Lassen County,1/17/2021,1,980,0,336,1,644,0,0,1,907,0,37,1,944,California
Lassen, County,Lassen County,1/18/2021,2,982,2,338,0,644,0,0,1,907,1,38,1,945,California
Lassen, County,Lassen County,1/19/2021,181,1163,33,371,148,792,0,0,154,1034,27,65,154,1099,California
Lassen, County,Lassen County,1/20/2021,148,1311,86,457,62,854,0,0,77,1055,56,121,77,1176,California
Lassen, County,Lassen County,1/21/2021,130,1441,87,544,43,897,0,0,106,1143,18,139,106,1282,California
Lassen, County,Lassen County,1/22/2021,28,1469,15,559,13,910,0,0,18,1151,10,149,18,1300,California
Lassen, County,Lassen County,1/23/2021,0,1469,0,559,0,910,0,0,0,1151,0,149,0,1300,California
Lassen, County,Lassen County,1/24/2021,1,1470,0,559,1,911,0,0,1,1152,0,149,1,1301,California
Lassen, County,Lassen County,1/25/2021,10,1480,1,560,9,920,0,0,9,1160,1,150,9,1310,California
Lassen, County,Lassen County,1/26/2021,107,1587,3,563,104,1024,0,0,104,1261,3,153,104,1414,California
Lassen, County,Lassen County,1/27/2021,53,1640,13,576,40,1064,0,0,38,1284,15,168,38,1452,California
Lassen, County,Lassen County,1/28/2021,72,1712,6,582,66,1130,0,0,71,1354,1,169,71,1523,California
Lassen, County,Lassen County,1/29/2021,14,1726,5,587,9,1139,0,0,12,1364,2,171,12,1535,California
Lassen, County,Lassen County,1/30/2021,0,1726,0,587,0,1139,0,0,0,1364,0,171,0,1535,California
Lassen, County,Lassen County,1/31/2021,0,1726,0,587,0,1139,0,0,0,1364,0,171,0,1535,California
Lassen, County,Lassen County,2/1/2021,46,1772,3,590,43,1182,0,0,23,1364,23,194,23,1558,California
Lassen, County,Lassen County,2/2/2021,167,1939,8,598,159,1341,0,0,36,1269,131,325,36,1594,California
Lassen, County,Lassen County,2/3/2021,89,2028,15,613,74,1415,0,0,42,1264,47,372,42,1636,California
Lassen, County,Lassen County,2/4/2021,102,2130,9,622,93,1508,0,0,53,1268,49,421,53,1689,California
Lassen, County,Lassen County,2/5/2021,48,2178,3,625,45,1553,0,0,12,1244,36,457,12,1701,California
Lassen, County,Lassen County,2/6/2021,68,2246,33,658,35,1588,0,0,35,1247,32,489,35,1736,California
Lassen, County,Lassen County,2/7/2021,1,2247,1,659,0,1588,0,0,1,1248,0,489,1,1737,California
Lassen, County,Lassen County,2/8/2021,37,2284,3,662,34,1622,0,0,12,1235,25,514,12,1749,California
Lassen, County,Lassen County,2/9/2021,116,2400,2,664,114,1736,0,0,42,1203,74,588,42,1791,California
Lassen, County,Lassen County,2/10/2021,145,2545,11,675,134,1870,0,0,41,1140,104,692,41,1832,California
Lassen, County,Lassen County,2/11/2021,150,2695,8,683,142,2012,0,0,55,1101,94,786,55,1887,California
Lassen, County,Lassen County,2/12/2021,26,2721,6,689,20,2032,0,0,11,1097,15,801,11,1898,California
Lassen, County,Lassen County,2/13/2021,8,2729,1,690,7,2039,0,0,6,1101,2,803,6,1904,California
Lassen, County,Lassen County,2/14/2021,13,2742,0,690,13,2052,0,0,12,1112,1,804,12,1916,California
Lassen, County,Lassen County,2/15/2021,19,2761,2,692,17,2069,0,0,16,1126,2,806,16,1932,California
Lassen, County,Lassen County,2/16/2021,181,2942,3,695,178,2247,0,0,21,989,158,964,21,1953,California
Lassen, County,Lassen County,2/17/2021,136,3078,72,767,64,2311,0,0,7,867,129,1093,7,1960,California
Lassen, County,Lassen County,2/18/2021,59,3137,9,776,50,2361,0,0,15,838,44,1137,15,1975,California
Lassen, County,Lassen County,2/19/2021,67,3204,52,828,15,2376,0,0,12,795,55,1192,12,1987,California
Lassen, County,Lassen County,2/20/2021,8,3212,1,829,7,2383,0,0,7,801,1,1193,7,1994,California
Lassen, County,Lassen County,2/21/2021,21,3233,0,829,21,2404,0,0,18,816,3,1196,18,2012,California
Lassen, County,Lassen County,2/22/2021,24,3257,13,842,11,2415,0,0,8,808,16,1212,8,2020,California
Lassen, County,Lassen County,2/23/2021,145,3402,8,850,137,2552,0,0,43,749,102,1314,43,2063,California
Lassen, County,Lassen County,2/24/2021,128,3530,8,858,120,2672,0,0,85,792,42,1356,85,2148,California
Lassen, County,Lassen County,2/25/2021,135,3665,13,871,122,2794,0,0,84,825,51,1407,84,2232,California
Lassen, County,Lassen County,2/26/2021,61,3726,11,882,50,2844,0,0,33,830,28,1435,33,2265,California
Lassen, County,Lassen County,2/27/2021,7,3733,7,889,0,2844,0,0,3,829,4,1439,3,2268,California
Lassen, County,Lassen County,2/28/2021,4,3737,1,890,3,2847,0,0,1,827,3,1442,1,2269,California
Lassen, County,Lassen County,3/1/2021,26,3763,1,891,25,2872,0,0,8,818,17,1459,8,2277,California
Lassen, County,Lassen County,3/2/2021,103,3866,6,897,97,2969,0,0,80,876,22,1481,80,2357,California
Lassen, County,Lassen County,3/3/2021,130,3996,7,904,123,3092,0,0,81,908,49,1530,81,2438,California
Lassen, County,Lassen County,3/4/2021,144,4140,13,917,131,3223,0,0,94,953,49,1579,94,2532,California
Lassen, County,Lassen County,3/5/2021,38,4178,1,918,13,3236,24,24,6,951,32,1611,30,2562,California
Lassen, County,Lassen County,3/6/2021,53,4231,2,920,29,3265,22,46,5,930,48,1659,27,2589,California
Lassen, County,Lassen County,3/7/2021,56,4287,0,920,1,3266,55,101,1,931,55,1714,56,2645,California
Lassen, County,Lassen County,3/8/2021,85,4372,2,922,5,3271,78,179,1,926,84,1798,79,2724,California
Lassen, County,Lassen County,3/9/2021,127,4499,4,926,106,3377,17,196,82,980,45,1843,99,2823,California
Lassen, County,Lassen County,3/10/2021,118,4617,4,930,113,3490,1,197,72,1008,45,1888,73,2896,California
Lassen, County,Lassen County,3/11/2021,160,4777,8,938,146,3636,6,203,93,1043,64,1952,99,2995,California
Lassen, County,Lassen County,3/12/2021,17,4794,8,946,6,3642,3,206,3,1035,14,1966,6,3001,California
Lassen, County,Lassen County,3/13/2021,48,4842,0,946,2,3644,46,252,1,1034,47,2013,46,3047,California
Lassen, County,Lassen County,3/14/2021,11,4853,0,946,10,3654,1,253,0,1024,11,2024,1,3048,California
Lassen, County,Lassen County,3/15/2021,29,4882,4,950,24,3678,1,254,11,1018,18,2042,12,3060,California
Lassen, County,Lassen County,3/16/2021,87,4969,2,952,81,3759,4,258,71,1077,16,2058,75,3135,California
Lassen, County,Lassen County,3/17/2021,1077,6046,8,960,1065,4824,4,262,1057,2118,20,2078,1061,4196,California
Lassen, County,Lassen County,3/18/2021,82,6128,7,967,74,4898,1,263,75,2187,7,2085,76,4272,California
Lassen, County,Lassen County,3/19/2021,10,6138,3,970,5,4903,2,265,2,2183,8,2093,4,4276,California
Lassen, County,Lassen County,3/20/2021,15,6153,3,973,10,4913,2,267,9,2188,6,2099,11,4287,California
Lassen, County,Lassen County,3/21/2021,34,6187,1,974,33,4946,0,267,14,2183,19,2118,14,4301,California
Lassen, County,Lassen County,3/22/2021,37,6224,1,975,36,4982,0,267,34,2214,3,2121,34,4335,California
Lassen, County,Lassen County,3/23/2021,109,6333,5,980,103,5085,1,268,57,2220,52,2173,58,4393,California
Lassen, County,Lassen County,3/24/2021,164,6497,4,984,159,5244,1,269,83,2225,79,2252,84,4477,California
Lassen, County,Lassen County,3/25/2021,139,6636,13,997,126,5370,0,269,60,2206,79,2331,60,4537,California
Lassen, County,Lassen County,3/26/2021,68,6704,6,1003,26,5396,36,305,15,2204,52,2383,50,4587,California
Lassen, County,Lassen County,3/27/2021,18,6722,2,1005,1,5397,15,320,2,2205,16,2399,17,4604,California
Lassen, County,Lassen County,3/28/2021,13,6735,1,1006,1,5398,11,331,1,2205,12,2411,12,4616,California
Lassen, County,Lassen County,3/29/2021,53,6788,0,1006,28,5426,25,356,20,2218,32,2443,45,4661,California
Lassen, County,Lassen County,3/30/2021,160,6948,3,1009,133,5559,24,380,49,2180,111,2554,73,4734,California
Lassen, County,Lassen County,3/31/2021,133,7081,6,1015,107,5666,20,400,52,2172,80,2634,72,4806,California
Lassen, County,Lassen County,4/1/2021,148,7229,6,1021,123,5789,19,419,40,2124,107,2741,59,4865,California
Lassen, County,Lassen County,4/2/2021,25,7254,3,1024,2,5791,20,439,1,2121,24,2765,21,4886,California
Lassen, County,Lassen County,4/3/2021,12,7266,0,1024,2,5793,10,449,0,2119,12,2777,10,4896,California
Lassen, County,Lassen County,4/4/2021,5,7271,1,1025,0,5793,4,453,1,2120,4,2781,5,4901,California
Lassen, County,Lassen County,4/5/2021,15,7286,0,1025,9,5802,6,459,8,2127,7,2788,14,4915,California
Lassen, County,Lassen County,4/6/2021,161,7447,5,1030,127,5929,29,488,47,2089,114,2902,76,4991,California
Lassen, County,Lassen County,4/7/2021,119,7566,5,1035,86,6015,28,516,32,2064,87,2989,62,5053,California
Lassen, County,Lassen County,4/8/2021,155,7721,9,1044,97,6112,49,565,25,2013,125,3114,74,5127,California
Lassen, County,Lassen County,4/9/2021,40,7761,4,1048,3,6115,33,598,6,2018,33,3147,38,5165,California
Lassen, County,Lassen County,4/10/2021,8,7769,0,1048,2,6117,6,604,0,2017,7,3154,6,5171,California
Lassen, County,Lassen County,4/11/2021,4,7773,0,1048,1,6118,3,607,1,2018,3,3157,4,5175,California
Lassen, County,Lassen County,4/12/2021,29,7802,4,1052,12,6130,13,620,4,2010,25,3182,17,5192,California
Lassen, County,Lassen County,4/13/2021,113,7915,3,1055,110,6240,0,620,23,1944,89,3271,23,5215,California
Lassen, County,Lassen County,4/14/2021,971,8886,4,1059,967,7207,0,620,47,1070,921,4192,47,5262,California
Lassen, County,Lassen County,4/15/2021,132,9018,9,1068,123,7330,0,620,13,964,119,4311,13,5275,California
Lassen, County,Lassen County,4/16/2021,10,9028,2,1070,8,7338,0,620,5,964,5,4316,5,5280,California
Lassen, County,Lassen County,4/17/2021,10,9038,3,1073,7,7345,0,620,3,960,7,4323,3,5283,California
Lassen, County,Lassen County,4/18/2021,4,9042,1,1074,3,7348,0,620,1,958,3,4326,1,5284,California
Lassen, County,Lassen County,4/19/2021,31,9073,0,1074,31,7379,0,620,16,959,15,4341,16,5300,California
Lassen, County,Lassen County,4/20/2021,123,9196,5,1079,118,7497,0,620,42,920,81,4422,42,5342,California
Lassen, County,Lassen County,4/21/2021,128,9324,3,1082,124,7621,1,621,31,857,95,4517,32,5374,California
Lassen, County,Lassen County,4/22/2021,93,9417,12,1094,81,7702,0,621,25,814,68,4585,25,5399,California
Lassen, County,Lassen County,4/23/2021,23,9440,0,1094,23,7725,0,621,20,831,3,4588,20,5419,California
Lassen, County,Lassen County,4/24/2021,9,9449,5,1099,4,7729,0,621,3,828,6,4594,3,5422,California
Lassen, County,Lassen County,4/25/2021,5,9454,0,1099,4,7733,1,622,3,830,2,4596,4,5426,California
Lassen, County,Lassen County,4/26/2021,45,9499,1,1100,38,7771,6,628,10,812,33,4629,15,5441,California
Lassen, County,Lassen County,4/27/2021,103,9602,4,1104,96,7867,3,631,52,816,51,4680,55,5496,California
Lassen, County,Lassen County,4/28/2021,77,9679,6,1110,69,7936,2,633,26,793,51,4731,28,5524,California
Lassen, County,Lassen County,4/29/2021,58,9737,5,1115,50,7986,3,636,21,781,36,4767,24,5548,California
Lassen, County,Lassen County,4/30/2021,14,9751,7,1122,4,7990,3,639,5,780,9,4776,8,5556,California
Lassen, County,Lassen County,5/1/2021,7,9758,0,1122,6,7996,1,640,5,785,1,4777,6,5562,California
Lassen, County,Lassen County,5/2/2021,6,9764,2,1124,4,8000,0,640,4,787,2,4779,4,5566,California
Lassen, County,Lassen County,5/3/2021,17,9781,3,1127,9,8009,5,645,3,782,13,4792,8,5574,California
Lassen, County,Lassen County,5/4/2021,67,9848,2,1129,59,8068,6,651,20,761,47,4839,26,5600,California
Lassen, County,Lassen County,5/5/2021,76,9924,3,1132,61,8129,12,663,23,744,52,4891,35,5635,California
Lassen, County,Lassen County,5/6/2021,67,9991,17,1149,27,8156,23,686,18,736,49,4940,41,5676,California
Lassen, County,Lassen County,5/7/2021,49,10040,32,1181,11,8167,6,692,41,775,8,4948,47,5723,California
Lassen, County,Lassen County,5/8/2021,10,10050,0,1181,5,8172,5,697,4,778,6,4954,9,5732,California
Lassen, County,Lassen County,5/9/2021,1,10051,0,1181,0,8172,1,698,0,778,1,4955,1,5733,California
Lassen, County,Lassen County,5/10/2021,11,10062,1,1182,6,8178,4,702,4,779,7,4962,8,5741,California
Lassen, County,Lassen County,5/11/2021,56,10118,0,1182,46,8224,10,712,19,771,37,4999,29,5770,California
Lassen, County,Lassen County,5/12/2021,40,10158,2,1184,33,8257,5,717,14,764,26,5025,19,5789,California
Lassen, County,Lassen County,5/13/2021,27,10185,6,1190,16,8273,5,722,10,762,17,5042,15,5804,California
Lassen, County,Lassen County,5/14/2021,19,10204,2,1192,9,8282,8,730,10,771,9,5051,18,5822,California
Lassen, County,Lassen County,5/15/2021,15,10219,2,1194,4,8286,9,739,4,773,11,5062,13,5835,California
Lassen, County,Lassen County,5/16/2021,7,10226,2,1196,3,8289,2,741,2,773,4,5066,4,5839,California
Lassen, County,Lassen County,5/17/2021,34,10260,3,1199,19,8308,12,753,9,769,25,5091,21,5860,California
Lassen, County,Lassen County,5/18/2021,79,10339,5,1204,62,8370,12,765,23,748,56,5147,35,5895,California
Lassen, County,Lassen County,5/19/2021,50,10389,1,1205,41,8411,8,773,6,718,43,5190,13,5908,California
Lassen, County,Lassen County,5/20/2021,31,10420,6,1211,16,8427,9,782,8,712,23,5213,17,5925,California
Lassen, County,Lassen County,5/21/2021,65,10485,31,1242,20,8447,14,796,34,729,31,5244,48,5973,California
Lassen, County,Lassen County,5/22/2021,16,10501,1,1243,7,8454,8,804,6,733,10,5254,14,5987,California
Lassen, County,Lassen County,5/23/2021,4,10505,1,1244,1,8455,2,806,0,731,4,5258,2,5989,California
Lassen, County,Lassen County,5/24/2021,13,10518,1,1245,10,8465,2,808,5,731,7,5265,7,5996,California
Lassen, County,Lassen County,5/25/2021,85,10603,6,1251,70,8535,9,817,31,717,54,5319,40,6036,California
Lassen, County,Lassen County,5/26/2021,54,10657,0,1251,39,8574,15,832,11,700,43,5362,26,6062,California
Lassen, County,Lassen County,5/27/2021,40,10697,15,1266,19,8593,6,838,10,687,29,5391,16,6078,California
Lassen, County,Lassen County,5/28/2021,72,10769,46,1312,18,8611,8,846,29,681,43,5434,37,6115,California
Lassen, County,Lassen County,5/29/2021,15,10784,1,1313,12,8623,2,848,8,684,7,5441,10,6125,California
Lassen, County,Lassen County,5/30/2021,2,10786,0,1313,1,8624,1,849,1,685,1,5442,2,6127,California
Lassen, County,Lassen County,5/31/2021,7,10793,0,1313,6,8630,1,850,1,681,6,5448,2,6129,California
Lassen, County,Lassen County,6/1/2021,44,10837,1,1314,37,8667,6,856,15,674,28,5476,21,6150,California
Lassen, County,Lassen County,6/2/2021,47,10884,2,1316,32,8699,13,869,10,661,36,5512,23,6173,California
Lassen, County,Lassen County,6/3/2021,19,10903,1,1317,9,8708,9,878,5,661,14,5526,14,6187,California
Lassen, County,Lassen County,6/4/2021,35,10938,1,1318,22,8730,12,890,11,660,24,5550,23,6210,California
Lassen, County,Lassen County,6/5/2021,13,10951,3,1321,7,8737,3,893,4,658,9,5559,7,6217,California
Lassen, County,Lassen County,6/6/2021,4,10955,0,1321,1,8738,3,896,1,659,3,5562,4,6221,California
Lassen, County,Lassen County,6/7/2021,17,10972,0,1321,9,8747,8,904,3,656,14,5576,11,6232,California
Lassen, County,Lassen County,6/8/2021,34,11006,4,1325,26,8773,4,908,12,650,22,5598,16,6248,California
Lassen, County,Lassen County,6/9/2021,18,11024,1,1326,15,8788,2,910,7,649,10,5608,9,6257,California
Lassen, County,Lassen County,6/10/2021,16,11040,8,1334,5,8793,3,913,8,652,8,5616,11,6268,California
Lassen, County,Lassen County,6/11/2021,43,11083,29,1363,14,8807,0,913,12,634,31,5647,13,6281,California
Lassen, County,Lassen County,6/12/2021,5,11088,1,1364,4,8811,0,913,1,631,4,5651,1,6282,California
Lassen, County,Lassen County,6/13/2021,3,11091,2,1366,1,8812,0,913,1,630,2,5653,1,6283,California
Lassen, County,Lassen County,6/14/2021,10,11101,2,1368,6,8818,2,915,4,631,5,5658,6,6289,California
Lassen, County,Lassen County,6/15/2021,47,11148,5,1373,37,8855,5,920,15,619,32,5690,20,6309,California
Lassen, County,Lassen County,6/16/2021,11,11159,0,1373,6,8861,5,925,6,625,5,5695,11,6320,California
Lassen, County,Lassen County,6/17/2021,22,11181,10,1383,8,8869,4,929,11,629,11,5706,15,6335,California
Lassen, County,Lassen County,6/18/2021,44,11225,18,1401,18,8887,8,937,9,611,35,5741,17,6352,California
Lassen, County,Lassen County,6/19/2021,12,11237,1,1402,10,8897,1,938,5,610,7,5748,6,6358,California
Lassen, County,Lassen County,6/20/2021,5,11242,2,1404,3,8900,0,938,5,615,0,5748,5,6363,California
Lassen, County,Lassen County,6/21/2021,15,11257,0,1404,13,8913,2,940,5,612,10,5758,7,6370,California
Lassen, County,Lassen County,6/22/2021,34,11291,1,1405,32,8945,1,941,17,613,17,5775,18,6388,California
Lassen, County,Lassen County,6/23/2021,14,11305,2,1407,10,8955,2,943,3,607,11,5786,5,6393,California
Lassen, County,Lassen County,6/24/2021,26,11331,2,1409,16,8971,8,951,13,615,13,5799,21,6414,California
Lassen, County,Lassen County,6/25/2021,20,11351,2,1411,18,8989,0,951,11,617,9,5808,11,6425,California
Lassen, County,Lassen County,6/26/2021,6,11357,0,1411,6,8995,0,951,1,613,5,5813,1,6426,California
Lassen, County,Lassen County,6/27/2021,1,11358,0,1411,0,8995,1,952,0,613,1,5814,1,6427,California
Lassen, County,Lassen County,6/28/2021,13,11371,2,1413,9,9004,2,954,9,620,4,5818,11,6438,California
Lassen, County,Lassen County,6/29/2021,30,11401,1,1414,28,9032,1,955,8,607,22,5840,9,6447,California
Lassen, County,Lassen County,6/30/2021,28,11429,8,1422,14,9046,6,961,13,611,15,5855,19,6466,California
Lassen, County,Lassen County,7/1/2021,25,11454,13,1435,10,9056,2,963,16,620,8,5863,17,6483,California
Lassen, County,Lassen County,7/2/2021,25,11479,4,1439,17,9073,4,967,9,619,14,5877,13,6496,California
Lassen, County,Lassen County,7/3/2021,5,11484,0,1439,5,9078,0,967,3,620,2,5879,3,6499,California
Lassen, County,Lassen County,7/4/2021,1,11485,0,1439,1,9079,0,967,1,621,0,5879,1,6500,California
Lassen, County,Lassen County,7/5/2021,9,11494,0,1439,6,9085,3,970,2,619,7,5886,5,6505,California
Lassen, County,Lassen County,7/6/2021,26,11520,0,1439,26,9111,0,970,13,621,11,5897,13,6518,California
Lassen, County,Lassen County,7/7/2021,16,11536,2,1441,13,9124,1,971,6,618,10,5907,7,6525,California
Lassen, County,Lassen County,7/8/2021,30,11566,23,1464,7,9131,0,971,22,632,8,5915,22,6547,California
Lassen, County,Lassen County,7/9/2021,24,11590,3,1467,18,9149,3,974,14,639,10,5925,17,6564,California
Lassen, County,Lassen County,7/10/2021,1,11591,0,1467,1,9150,0,974,0,638,1,5926,0,6564,California
Lassen, County,Lassen County,7/11/2021,1,11592,1,1468,0,9150,0,974,0,637,1,5927,0,6564,California
Lassen, County,Lassen County,7/12/2021,7,11599,0,1468,6,9156,1,975,1,633,6,5933,2,6566,California
Lassen, County,Lassen County,7/13/2021,24,11623,0,1468,21,9177,3,978,12,636,12,5945,15,6581,California
Lassen, County,Lassen County,7/14/2021,18,11641,5,1473,9,9186,4,982,9,641,9,5954,14,6595,California
Lassen, County,Lassen County,7/15/2021,17,11658,3,1476,13,9199,1,983,8,641,9,5963,9,6604,California
Lassen, County,Lassen County,7/16/2021,22,11680,3,1479,16,9215,3,986,9,640,13,5976,12,6616,California
Lassen, County,Lassen County,7/17/2021,8,11688,1,1480,7,9222,0,986,3,638,5,5981,3,6619,California
Lassen, County,Lassen County,7/18/2021,8,11696,0,1480,7,9229,1,987,4,639,4,5985,5,6624,California
Lassen, County,Lassen County,7/19/2021,2,11698,1,1481,1,9230,0,987,0,637,2,5987,0,6624,California
Lassen, County,Lassen County,7/20/2021,17,11715,0,1481,13,9243,4,991,5,634,12,5999,9,6633,California
Lassen, County,Lassen County,7/21/2021,13,11728,8,1489,5,9248,0,991,4,629,9,6008,4,6637,California
Lassen, County,Lassen County,7/22/2021,32,11760,17,1506,15,9263,0,991,15,627,17,6025,15,6652,California
Lassen, County,Lassen County,7/23/2021,21,11781,4,1510,16,9279,1,992,11,629,10,6035,12,6664,California
Lassen, County,Lassen County,7/24/2021,7,11788,0,1510,7,9286,0,992,3,628,4,6039,3,6667,California
Lassen, County,Lassen County,7/25/2021,2,11790,0,1510,2,9288,0,992,1,628,1,6040,1,6668,California
Lassen, County,Lassen County,7/26/2021,23,11813,0,1510,22,9310,1,993,14,634,9,6049,15,6683,California
Lassen, County,Lassen County,7/27/2021,37,11850,2,1512,25,9335,10,1003,19,645,18,6067,29,6712,California
Lassen, County,Lassen County,7/28/2021,18,11868,2,1514,14,9349,2,1005,10,650,7,6074,12,6724,California
Lassen, County,Lassen County,7/29/2021,22,11890,1,1515,18,9367,3,1008,12,655,10,6084,15,6739,California
Lassen, County,Lassen County,7/30/2021,26,11916,3,1518,19,9386,4,1012,13,659,13,6097,17,6756,California
Lassen, County,Lassen County,7/31/2021,13,11929,0,1518,10,9396,3,1015,9,667,4,6101,12,6768,California
Lassen, County,Lassen County,8/1/2021,9,11938,0,1518,7,9403,2,1017,5,670,4,6105,7,6775,California
Lassen, County,Lassen County,8/2/2021,20,11958,0,1518,19,9422,1,1018,18,687,2,6107,19,6794,California
Lassen, County,Lassen County,8/3/2021,43,12001,1,1519,32,9454,10,1028,20,695,22,6129,30,6824,California
Lassen, County,Lassen County,8/4/2021,24,12025,2,1521,16,9470,6,1034,13,704,9,6138,18,6842,California
Lassen, County,Lassen County,8/5/2021,39,12064,29,1550,9,9479,1,1035,28,722,11,6149,29,6871,California
Lassen, County,Lassen County,8/6/2021,36,12100,2,1552,30,9509,4,1039,16,722,20,6169,20,6891,California
Lassen, County,Lassen County,8/7/2021,11,12111,2,1554,5,9514,4,1043,5,725,6,6175,9,6900,California
Lassen, County,Lassen County,8/8/2021,4,12115,0,1554,4,9518,0,1043,3,727,1,6176,3,6903,California
Lassen, County,Lassen County,8/9/2021,10,12125,1,1555,7,9525,2,1045,7,733,3,6179,9,6912,California
Lassen, County,Lassen County,8/10/2021,19,12144,1,1556,15,9540,3,1048,7,732,12,6191,11,6923,California
Los Angeles, County,Los Angeles County,12/15/2020,407,407,407,407,0,0,0,0,407,407,0,0,407,407,California
Los Angeles, County,Los Angeles County,12/16/2020,3654,4061,3654,4061,0,0,0,0,3654,4061,0,0,3654,4061,California
Los Angeles, County,Los Angeles County,12/17/2020,10490,14551,10490,14551,0,0,0,0,10492,14553,0,0,10492,14553,California
Los Angeles, County,Los Angeles County,12/18/2020,14927,29478,14899,29450,28,28,0,0,14928,29481,0,0,14928,29481,California
Los Angeles, County,Los Angeles County,12/19/2020,7348,36826,7339,36789,9,37,0,0,7351,36832,0,0,7351,36832,California
Los Angeles, County,Los Angeles County,12/20/2020,4705,41531,4692,41481,13,50,0,0,4708,41540,0,0,4708,41540,California
Los Angeles, County,Los Angeles County,12/21/2020,13876,55407,13850,55331,26,76,0,0,13877,55416,1,1,13877,55417,California
Los Angeles, County,Los Angeles County,12/22/2020,11676,67083,11280,66611,396,472,0,0,11675,67088,3,4,11675,67092,California
Los Angeles, County,Los Angeles County,12/23/2020,12115,79198,10316,76927,1799,2271,0,0,12117,79205,0,4,12117,79209,California
Los Angeles, County,Los Angeles County,12/24/2020,7105,86303,4298,81225,2807,5078,0,0,7108,86313,0,4,7108,86317,California
Los Angeles, County,Los Angeles County,12/25/2020,535,86838,427,81652,108,5186,0,0,536,86849,0,4,536,86853,California
Los Angeles, County,Los Angeles County,12/26/2020,2580,89418,2217,83869,363,5549,0,0,2579,89426,2,6,2579,89432,California
Los Angeles, County,Los Angeles County,12/27/2020,1806,91224,1061,84930,745,6294,0,0,1806,91232,0,6,1806,91238,California
Los Angeles, County,Los Angeles County,12/28/2020,10495,101719,6509,91439,3986,10280,0,0,10492,101723,1,7,10492,101730,California
Los Angeles, County,Los Angeles County,12/29/2020,11791,113510,6173,97612,5618,15898,0,0,11789,113511,1,8,11789,113519,California
Los Angeles, County,Los Angeles County,12/30/2020,15084,128594,8190,105802,6894,22792,0,0,15083,128594,0,8,15083,128602,California
Los Angeles, County,Los Angeles County,12/31/2020,8105,136699,2800,108602,5305,28097,0,0,8101,136690,5,13,8101,136703,California
Los Angeles, County,Los Angeles County,1/1/2021,1179,137878,370,108972,809,28906,0,0,1174,137861,3,16,1174,137877,California
Los Angeles, County,Los Angeles County,1/2/2021,4550,142428,1711,110683,2839,31745,0,0,4549,142410,0,16,4549,142426,California
Los Angeles, County,Los Angeles County,1/3/2021,988,143416,237,110920,751,32496,0,0,986,143394,2,18,986,143412,California
Los Angeles, County,Los Angeles County,1/4/2021,12877,156293,4923,115843,7954,40450,0,0,12860,156252,2,20,12860,156272,California
Los Angeles, County,Los Angeles County,1/5/2021,16290,172583,7180,123023,9110,49560,0,0,14318,168639,1941,1961,14328,170600,California
Los Angeles, County,Los Angeles County,1/6/2021,23012,195595,12229,135252,10783,60343,0,0,17210,180129,5732,7693,17222,187822,California
Los Angeles, County,Los Angeles County,1/7/2021,30040,225635,16242,151494,13798,74141,0,0,19049,188251,10943,18636,19065,206887,California
Los Angeles, County,Los Angeles County,1/8/2021,33826,259461,18359,169853,15467,89608,0,0,21210,196888,12586,31222,21223,228110,California
Los Angeles, County,Los Angeles County,1/9/2021,12671,272132,7262,177115,5409,95017,0,0,7680,199588,4988,36210,7688,235798,California
Los Angeles, County,Los Angeles County,1/10/2021,4813,276945,3734,180849,1079,96096,0,0,2014,198804,2799,39009,2015,237813,California
Los Angeles, County,Los Angeles County,1/11/2021,26263,303208,16507,197356,9756,105852,0,0,15177,202923,11073,50082,15192,253005,California
Los Angeles, County,Los Angeles County,1/12/2021,29713,332921,16335,213691,13378,119230,0,0,19447,212133,10252,60334,19462,272467,California
Los Angeles, County,Los Angeles County,1/13/2021,29857,362778,15980,229671,13877,133107,0,0,20783,223872,9051,69385,20790,293257,California
Los Angeles, County,Los Angeles County,1/14/2021,29659,392437,12826,242497,16833,149940,0,0,24027,242301,5612,74997,24041,317298,California
Los Angeles, County,Los Angeles County,1/15/2021,34395,426832,12506,255003,21889,171829,0,0,30731,269407,3639,78636,30745,348043,California
Los Angeles, County,Los Angeles County,1/16/2021,18026,444858,5091,260094,12935,184764,0,0,16194,283787,1821,80457,16201,364244,California
Los Angeles, County,Los Angeles County,1/17/2021,5307,450165,2365,262459,2942,187706,0,0,5040,288563,266,80723,5042,369286,California
Los Angeles, County,Los Angeles County,1/18/2021,15926,466091,10233,272692,5693,193399,0,0,11140,294935,4773,85496,11145,380431,California
Los Angeles, County,Los Angeles County,1/19/2021,39169,505260,20841,293533,18328,211727,0,0,31223,318271,7903,93399,31239,411670,California
Los Angeles, County,Los Angeles County,1/20/2021,47515,552775,24897,318430,22618,234345,0,0,39784,350375,7694,101093,39798,451468,California
Los Angeles, County,Los Angeles County,1/21/2021,49714,602489,22785,341215,26929,261274,0,0,45306,391368,4334,105427,45327,496795,California
Los Angeles, County,Los Angeles County,1/22/2021,48972,651461,22638,363853,26334,287608,0,0,45401,433266,3521,108948,45419,542214,California
Los Angeles, County,Los Angeles County,1/23/2021,34612,686073,15905,379758,18707,306315,0,0,32465,463633,2113,111061,32480,574694,California
Los Angeles, County,Los Angeles County,1/24/2021,15834,701907,12222,391980,3612,309927,0,0,15262,478337,562,111623,15266,589960,California
Los Angeles, County,Los Angeles County,1/25/2021,40214,742121,17010,408990,23204,333131,0,0,31346,500881,8820,120443,31364,621324,California
Los Angeles, County,Los Angeles County,1/26/2021,50574,792695,25216,434206,25358,358489,0,0,42082,534533,8452,128895,42104,663428,California
Los Angeles, County,Los Angeles County,1/27/2021,51903,844598,26418,460624,25485,383974,0,0,42229,567270,9521,138416,42258,705686,California
Los Angeles, County,Los Angeles County,1/28/2021,49994,894592,24090,484714,25904,409878,0,0,41305,600039,8555,146971,41324,747010,California
Los Angeles, County,Los Angeles County,1/29/2021,50808,945400,26226,510940,24582,434460,0,0,40305,630230,10134,157105,40325,787335,California
Los Angeles, County,Los Angeles County,1/30/2021,30941,976341,16027,526967,14914,449374,0,0,26505,652390,4352,161457,26512,813847,California
Los Angeles, County,Los Angeles County,1/31/2021,13469,989810,10630,537597,2839,452213,0,0,12527,664001,921,162378,12532,826379,California
Los Angeles, County,Los Angeles County,2/1/2021,39290,1029100,16718,554315,22572,474785,0,0,28310,681410,10912,173290,28321,854700,California
Los Angeles, County,Los Angeles County,2/2/2021,45585,1074685,18411,572726,27174,501959,0,0,32905,701707,12615,185905,32912,887612,California
Los Angeles, County,Los Angeles County,2/3/2021,53150,1127835,19862,592588,33288,535247,0,0,37831,724493,15061,200966,37847,925459,California
Los Angeles, County,Los Angeles County,2/4/2021,58122,1185957,20942,613530,37180,572427,0,0,39581,745902,18186,219152,39595,965054,California
Los Angeles, County,Los Angeles County,2/5/2021,62464,1248421,21204,634734,41260,613687,0,0,39834,763592,22159,241311,39849,1004903,California
Los Angeles, County,Los Angeles County,2/6/2021,36148,1284569,13625,648359,22523,636210,0,0,27434,782418,8631,249942,27457,1032360,California
Los Angeles, County,Los Angeles County,2/7/2021,11233,1295802,8691,657050,2542,638752,0,0,8777,788770,2434,252376,8786,1041146,California
Los Angeles, County,Los Angeles County,2/8/2021,48230,1344032,22450,679500,25780,664532,0,0,31478,803656,16599,268975,31485,1072631,California
Los Angeles, County,Los Angeles County,2/9/2021,56878,1400910,25036,704536,31842,696374,0,0,28632,804179,28121,297096,28644,1101275,California
Los Angeles, County,Los Angeles County,2/10/2021,68152,1469062,29841,734377,38311,734685,0,0,30681,797826,37055,334151,30702,1131977,California
Los Angeles, County,Los Angeles County,2/11/2021,59289,1528351,31672,766049,27617,762302,0,0,28399,795855,30383,364534,28412,1160389,California
Los Angeles, County,Los Angeles County,2/12/2021,61187,1589538,30314,796363,30873,793175,0,0,26626,788373,34133,398667,26651,1187040,California
Los Angeles, County,Los Angeles County,2/13/2021,34433,1623971,20088,816451,14345,807520,0,0,15599,785312,18715,417382,15654,1202694,California
Los Angeles, County,Los Angeles County,2/14/2021,22151,1646122,15073,831524,7078,814598,0,0,8853,780964,13216,430598,8868,1211562,California
Los Angeles, County,Los Angeles County,2/15/2021,33830,1679952,16439,847963,17391,831989,0,0,18392,784035,15342,445940,18413,1229975,California
Los Angeles, County,Los Angeles County,2/16/2021,65689,1745641,33569,881532,32120,864109,0,0,30087,778681,35466,481406,30112,1260087,California
Los Angeles, County,Los Angeles County,2/17/2021,66611,1812252,35667,917199,30944,895053,0,0,26733,765795,39636,521042,26750,1286837,California
Los Angeles, County,Los Angeles County,2/18/2021,70187,1882439,35900,953099,34287,929340,0,0,28854,753565,41105,562147,28875,1315712,California
Los Angeles, County,Los Angeles County,2/19/2021,60457,1942896,37303,990402,23154,952494,0,0,29177,751656,31108,593255,29199,1344911,California
Los Angeles, County,Los Angeles County,2/20/2021,34372,1977268,25106,1015508,9266,961760,0,0,16310,750020,17972,611227,16336,1361247,California
Los Angeles, County,Los Angeles County,2/21/2021,23532,2000800,21742,1037250,1790,963550,0,0,11509,749601,11934,623161,11515,1372762,California
Los Angeles, County,Los Angeles County,2/22/2021,37382,2038182,27323,1064573,10059,973609,0,0,18884,750164,18344,641505,18907,1391669,California
Los Angeles, County,Los Angeles County,2/23/2021,58946,2097128,25344,1089917,33602,1007211,0,0,22672,736847,36019,677524,22702,1414371,California
Los Angeles, County,Los Angeles County,2/24/2021,69320,2166448,30963,1120880,38357,1045568,0,0,29322,726504,39704,717228,29361,1443732,California
Los Angeles, County,Los Angeles County,2/25/2021,78661,2245109,36162,1157042,42499,1088067,0,0,39957,728063,38434,755662,39993,1483725,California
Los Angeles, County,Los Angeles County,2/26/2021,88486,2333595,40927,1197969,47559,1135626,0,0,49032,738017,39130,794792,49084,1532809,California
Los Angeles, County,Los Angeles County,2/27/2021,64301,2397896,28240,1226209,36052,1171678,9,9,32262,738520,31807,826599,32310,1565119,California
Los Angeles, County,Los Angeles County,2/28/2021,28484,2426380,19695,1245904,8786,1180464,3,12,19686,749582,8645,835244,19707,1584826,California
Los Angeles, County,Los Angeles County,3/1/2021,60235,2486615,34350,1280254,25816,1206280,69,81,35860,761454,24095,859339,35967,1620793,California
Los Angeles, County,Los Angeles County,3/2/2021,81090,2567705,39015,1319269,42066,1248346,9,90,50647,781929,30221,889560,50696,1671489,California
Los Angeles, County,Los Angeles County,3/3/2021,88770,2656475,45084,1364353,43663,1292009,23,113,55740,804926,32800,922360,55797,1727286,California
Los Angeles, County,Los Angeles County,3/4/2021,94300,2750775,47971,1412324,46311,1338320,18,131,59117,829167,34935,957295,59176,1786462,California
Los Angeles, County,Los Angeles County,3/5/2021,92604,2843379,45384,1457708,47184,1385504,36,167,61380,859699,30959,988254,61491,1847953,California
Los Angeles, County,Los Angeles County,3/6/2021,68592,2911971,34753,1492461,31975,1417479,1864,2031,43921,880983,24495,1012749,45779,1893732,California
Los Angeles, County,Los Angeles County,3/7/2021,28712,2940683,21061,1513522,6014,1423493,1637,3668,21617,897164,7048,1019797,23229,1916961,California
Los Angeles, County,Los Angeles County,3/8/2021,55183,2995866,29682,1543204,23385,1446878,2116,5784,41582,927387,13467,1033264,43690,1960651,California
Los Angeles, County,Los Angeles County,3/9/2021,82814,3078680,39437,1582641,40007,1486885,3370,9154,52638,953354,29994,1063258,55961,2016612,California
Los Angeles, County,Los Angeles County,3/10/2021,84594,3163274,41629,1624270,38057,1524942,4908,14062,53524,980875,30854,1094112,58375,2074987,California
Los Angeles, County,Los Angeles County,3/11/2021,94521,3257795,46463,1670733,41255,1566197,6803,20865,55311,1003934,38967,1133079,62026,2137013,California
Los Angeles, County,Los Angeles County,3/12/2021,100533,3358328,45682,1716415,40907,1607104,13944,34809,58621,1034672,41642,1174721,72380,2209393,California
Los Angeles, County,Los Angeles County,3/13/2021,76380,3434708,36092,1752507,28269,1635373,12019,46828,45478,1061253,30757,1205478,57338,2266731,California
Los Angeles, County,Los Angeles County,3/14/2021,39450,3474158,26473,1778980,10410,1645783,2567,49395,24024,1072473,15336,1220814,26556,2293287,California
Los Angeles, County,Los Angeles County,3/15/2021,76169,3550327,37450,1816430,33235,1679018,5484,54879,45732,1093435,30179,1250993,51141,2344428,California
Los Angeles, County,Los Angeles County,3/16/2021,101153,3651480,44510,1860940,50743,1729761,5900,60779,65156,1128626,35726,1286719,70917,2415345,California
Los Angeles, County,Los Angeles County,3/17/2021,98962,3750442,45211,1906151,45386,1775147,8365,69144,66066,1170181,32634,1319353,74189,2489534,California
Los Angeles, County,Los Angeles County,3/18/2021,104428,3854870,50147,1956298,48676,1823823,5605,74749,65396,1202453,38665,1358018,70937,2560471,California
Los Angeles, County,Los Angeles County,3/19/2021,110566,3965436,57817,2014115,47939,1871762,4810,79559,67391,1231726,42831,1400849,72104,2632575,California
Los Angeles, County,Los Angeles County,3/20/2021,77911,4043347,38233,2052348,35048,1906810,4630,84189,52563,1263758,25116,1425965,57148,2689723,California
Los Angeles, County,Los Angeles County,3/21/2021,35215,4078562,26187,2078535,8117,1914927,911,85100,22218,1274033,12847,1438812,23122,2712845,California
Los Angeles, County,Los Angeles County,3/22/2021,71936,4150498,42412,2120947,27330,1942257,2194,87294,49965,1304531,21643,1460455,52141,2764986,California
Los Angeles, County,Los Angeles County,3/23/2021,97960,4248458,53145,2174092,41551,1983808,3264,90558,58443,1327019,39192,1499647,61680,2826666,California
Los Angeles, County,Los Angeles County,3/24/2021,106503,4354961,56580,2230672,46727,2030535,3196,93754,60444,1344954,45670,1545317,63605,2890271,California
Los Angeles, County,Los Angeles County,3/25/2021,112435,4467396,60376,2291048,48119,2078654,3940,97694,62193,1361167,49876,1595193,66089,2956360,California
Los Angeles, County,Los Angeles County,3/26/2021,117612,4585008,64022,2355070,49338,2127992,4252,101946,64303,1376737,52936,1648129,68506,3024866,California
Los Angeles, County,Los Angeles County,3/27/2021,84609,4669617,44456,2399526,38002,2165994,2151,104097,42657,1379905,41632,1689761,44800,3069666,California
Los Angeles, County,Los Angeles County,3/28/2021,42734,4712351,28968,2428494,13176,2179170,590,104687,20115,1378145,22460,1712221,20700,3090366,California
Los Angeles, County,Los Angeles County,3/29/2021,85843,4798194,47852,2476346,36197,2215367,1794,106481,47140,1388679,38395,1750616,48929,3139295,California
Los Angeles, County,Los Angeles County,3/30/2021,111822,4910016,53146,2529492,52700,2268067,5976,112457,57921,1398903,53589,1804205,63813,3203108,California
Los Angeles, County,Los Angeles County,3/31/2021,125092,5035108,63092,2592584,53077,2321144,8923,121380,69135,1421288,55567,1859772,77952,3281060,California
Los Angeles, County,Los Angeles County,4/1/2021,136800,5171908,63969,2656553,57217,2378361,15614,136994,72737,1445895,63554,1923326,88161,3369221,California
Los Angeles, County,Los Angeles County,4/2/2021,135552,5307460,60456,2717009,59359,2437720,15737,152731,71671,1469739,63452,1986778,87296,3456517,California
Los Angeles, County,Los Angeles County,4/3/2021,100217,5407677,45940,2762949,40491,2478211,13786,166517,49490,1482390,50481,2037259,63132,3519649,California
Los Angeles, County,Los Angeles County,4/4/2021,39545,5447222,20706,2783655,12144,2490355,6695,173212,16413,1482419,23017,2060276,23046,3542695,California
Los Angeles, County,Los Angeles County,4/5/2021,96782,5544004,45425,2829080,40770,2531125,10587,183799,45509,1487388,50997,2111273,55966,3598661,California
Los Angeles, County,Los Angeles County,4/6/2021,123674,5667678,58157,2887237,44920,2576045,20597,204396,56577,1497576,66773,2178046,76961,3675622,California
Los Angeles, County,Los Angeles County,4/7/2021,122856,5790534,55824,2943061,45492,2621537,21540,225936,55272,1506901,67263,2245309,76588,3752210,California
Los Angeles, County,Los Angeles County,4/8/2021,135549,5926083,59757,3002818,51256,2672793,24536,250472,60797,1517609,74355,2319664,85063,3837273,California
Los Angeles, County,Los Angeles County,4/9/2021,134316,6060399,58251,3061069,51641,2724434,24424,274896,57385,1522619,76537,2396201,81547,3918820,California
Los Angeles, County,Los Angeles County,4/10/2021,104068,6164467,44217,3105286,35197,2759631,24654,299550,38627,1520516,65154,2461355,63051,3981871,California
Los Angeles, County,Los Angeles County,4/11/2021,42292,6206759,22823,3128109,10014,2769645,9455,309005,14603,1516898,27575,2488930,23957,4005828,California
Los Angeles, County,Los Angeles County,4/12/2021,80917,6287676,39424,3167533,34868,2804513,6625,315630,33062,1508908,47586,2536516,39596,4045424,California
Los Angeles, County,Los Angeles County,4/13/2021,120324,6408000,60627,3228160,59257,2863770,440,316070,63540,1516441,56459,2592975,63992,4109416,California
Los Angeles, County,Los Angeles County,4/14/2021,120854,6528854,60507,3288667,60205,2923975,142,316212,65089,1526260,55414,2648389,65233,4174649,California
Los Angeles, County,Los Angeles County,4/15/2021,131696,6660550,70957,3359624,60535,2984510,204,316416,74505,1544035,56808,2705197,74583,4249232,California
Los Angeles, County,Los Angeles County,4/16/2021,132722,6793272,69921,3429545,62655,3047165,146,316562,69481,1550784,62820,2768017,69569,4318801,California
Los Angeles, County,Los Angeles County,4/17/2021,100210,6893482,52343,3481888,47841,3095006,26,316588,56639,1564170,43276,2811293,56662,4375463,California
Los Angeles, County,Los Angeles County,4/18/2021,36024,6929506,24311,3506199,11711,3106717,2,316590,19608,1567476,16312,2827605,19618,4395081,California
Los Angeles, County,Los Angeles County,4/19/2021,77888,7007394,40735,3546934,37134,3143851,19,316609,34584,1559056,43037,2870642,34617,4429698,California
Los Angeles, County,Los Angeles County,4/20/2021,106100,7113494,52446,3599380,53623,3197474,31,316640,51891,1557110,53876,2924518,51930,4481628,California
Los Angeles, County,Los Angeles County,4/21/2021,115880,7229374,56736,3656116,58948,3256422,196,316836,51055,1543999,64374,2988892,51263,4532891,California
Los Angeles, County,Los Angeles County,4/22/2021,120125,7349499,62436,3718552,57652,3314074,37,316873,52597,1529581,67065,3055957,52647,4585538,California
Los Angeles, County,Los Angeles County,4/23/2021,120041,7469540,65905,3784457,54111,3368185,25,316898,56753,1523487,62884,3118841,56790,4642328,California
Los Angeles, County,Los Angeles County,4/24/2021,92126,7561666,58256,3842713,33826,3402011,44,316942,50817,1533362,41003,3159844,50878,4693206,California
Los Angeles, County,Los Angeles County,4/25/2021,38507,7600173,25498,3868211,13002,3415013,7,316949,20675,1536364,17682,3177526,20684,4713890,California
Los Angeles, County,Los Angeles County,4/26/2021,80061,7680234,41778,3909989,37764,3452777,519,317468,38928,1534969,40846,3218372,39451,4753341,California
Los Angeles, County,Los Angeles County,4/27/2021,96414,7776648,46390,3956379,48000,3500777,2024,319492,36763,1514443,59298,3277670,38772,4792113,California
Los Angeles, County,Los Angeles County,4/28/2021,89068,7865716,43181,3999560,43747,3544524,2140,321632,34743,1497394,53919,3331589,36870,4828983,California
Los Angeles, County,Los Angeles County,4/29/2021,96033,7961749,48080,4047640,45705,3590229,2248,323880,34141,1472387,61388,3392977,36381,4865364,California
Los Angeles, County,Los Angeles County,4/30/2021,104124,8065873,51565,4099205,50053,3640282,2506,326386,37559,1446411,66014,3458991,40038,4905402,California
Los Angeles, County,Los Angeles County,5/1/2021,77828,8143701,43397,4142602,32840,3673122,1591,327977,29408,1429403,47997,3506988,30989,4936391,California
Los Angeles, County,Los Angeles County,5/2/2021,28417,8172118,18235,4160837,9431,3682553,751,328728,10228,1422332,18050,3525038,10979,4947370,California
Los Angeles, County,Los Angeles County,5/3/2021,63668,8235786,31042,4191879,30357,3712910,2269,330997,22605,1406448,40740,3565778,24856,4972226,California
Los Angeles, County,Los Angeles County,5/4/2021,89805,8325591,50021,4241900,37436,3750346,2348,333345,27540,1374417,61896,3627674,29865,5002091,California
Los Angeles, County,Los Angeles County,5/5/2021,92889,8418480,54229,4296129,36236,3786582,2424,335769,25552,1335459,66920,3694594,27962,5030053,California
Los Angeles, County,Los Angeles County,5/6/2021,100642,8519122,61059,4357188,37020,3823602,2563,338332,23801,1285406,76397,3770991,26344,5056397,California
Los Angeles, County,Los Angeles County,5/7/2021,99846,8618968,59072,4416260,38373,3861975,2401,340733,27327,1243050,72063,3843054,29707,5086104,California
Los Angeles, County,Los Angeles County,5/8/2021,67988,8686956,44590,4460850,21593,3883568,1805,342538,18786,1214796,48835,3891889,20581,5106685,California
Los Angeles, County,Los Angeles County,5/9/2021,24630,8711586,18915,4479765,4964,3888532,751,343289,6187,1203392,18332,3910221,6928,5113613,California
Los Angeles, County,Los Angeles County,5/10/2021,51665,8763251,27381,4507146,22330,3910862,1954,345243,15614,1185194,35758,3945979,17560,5131173,California
Los Angeles, County,Los Angeles County,5/11/2021,72824,8836075,39796,4546942,30846,3941708,2182,347425,18906,1152666,53596,3999575,21068,5152241,California
Los Angeles, County,Los Angeles County,5/12/2021,73616,8909691,40227,4587169,31043,3972751,2346,349771,20738,1123207,52510,4052085,23051,5175292,California
Los Angeles, County,Los Angeles County,5/13/2021,79485,8989176,47903,4635072,29827,4002578,1755,351526,28296,1102497,50745,4102830,30035,5205327,California
Los Angeles, County,Los Angeles County,5/14/2021,90924,9080100,57850,4692922,31168,4033746,1906,353432,34227,1082329,56294,4159124,36126,5241453,California
Los Angeles, County,Los Angeles County,5/15/2021,77471,9157571,54197,4747119,21693,4055439,1581,355013,30115,1067001,47008,4206132,31680,5273133,California
Los Angeles, County,Los Angeles County,5/16/2021,31335,9188906,24850,4771969,5865,4061304,620,355633,12415,1061236,18796,4224928,13031,5286164,California
Los Angeles, County,Los Angeles County,5/17/2021,62790,9251696,40598,4812567,20382,4081686,1810,357443,25125,1050757,37386,4262314,26907,5313071,California
Los Angeles, County,Los Angeles County,5/18/2021,65965,9317661,38956,4851523,25150,4106836,1859,359302,25856,1038639,39803,4302117,27685,5340756,California
Los Angeles, County,Los Angeles County,5/19/2021,68283,9385944,41063,4892586,25324,4132160,1896,361198,29005,1030549,38970,4341087,30880,5371636,California
Los Angeles, County,Los Angeles County,5/20/2021,67823,9453767,38099,4930685,27597,4159757,2127,363325,25706,1016677,41689,4382776,27817,5399453,California
Los Angeles, County,Los Angeles County,5/21/2021,71017,9524784,43044,4973729,25861,4185618,2112,365437,27429,1003049,43161,4425937,29533,5428986,California
Los Angeles, County,Los Angeles County,5/22/2021,58186,9582970,37829,5011558,18684,4204302,1673,367110,23552,993915,34349,4460286,25215,5454201,California
Los Angeles, County,Los Angeles County,5/23/2021,24459,9607429,17059,5028617,6554,4210856,846,367956,10795,992024,13528,4473814,11637,5465838,California
Los Angeles, County,Los Angeles County,5/24/2021,49725,9657154,27449,5056066,20389,4231245,1887,369843,18725,981895,30725,4504539,20596,5486434,California
Los Angeles, County,Los Angeles County,5/25/2021,50240,9707394,28994,5085060,19450,4250695,1796,371639,19268,972267,30680,4535219,21052,5507486,California
Los Angeles, County,Los Angeles County,5/26/2021,47621,9755015,26828,5111888,18918,4269613,1875,373514,19817,966470,27363,4562582,21566,5529052,California
Los Angeles, County,Los Angeles County,5/27/2021,45795,9800810,25548,5137436,18378,4287991,1869,375383,18815,960424,26710,4589292,20664,5549716,California
Los Angeles, County,Los Angeles County,5/28/2021,52705,9853515,29822,5167258,20960,4308951,1923,377306,23262,956511,29084,4618376,25171,5574887,California
Los Angeles, County,Los Angeles County,5/29/2021,30901,9884416,17912,5185170,11934,4320885,1055,378361,14350,955568,16338,4634714,15395,5590282,California
Los Angeles, County,Los Angeles County,5/30/2021,12630,9897046,8277,5193447,3613,4324498,740,379101,5846,955430,6720,4641434,6582,5596864,California
Los Angeles, County,Los Angeles County,5/31/2021,6138,9903184,3796,5197243,2031,4326529,311,379412,1744,953173,4309,4645743,2052,5598916,California
Los Angeles, County,Los Angeles County,6/1/2021,46691,9949875,26095,5223338,18993,4345522,1603,381015,17025,942500,29274,4675017,18601,5617517,California
Los Angeles, County,Los Angeles County,6/2/2021,38875,9988750,22443,5245781,14967,4360489,1465,382480,15151,935671,23418,4698435,16589,5634106,California
Los Angeles, County,Los Angeles County,6/3/2021,43231,10031981,28551,5274332,13055,4373544,1625,384105,14720,923789,28208,4726643,16326,5650432,California
Los Angeles, County,Los Angeles County,6/4/2021,52703,10084684,35577,5309909,15428,4388972,1698,385803,16577,906307,35741,4762384,18259,5668691,California
Los Angeles, County,Los Angeles County,6/5/2021,42835,10127519,30641,5340550,10793,4399765,1401,387204,12362,889775,30274,4792658,13742,5682433,California
Los Angeles, County,Los Angeles County,6/6/2021,14910,10142429,12294,5352844,1874,4401639,742,387946,3983,883644,10849,4803507,4718,5687151,California
Los Angeles, County,Los Angeles County,6/7/2021,37249,10179678,26546,5379390,9223,4410862,1480,389426,11837,871747,25195,4828702,13298,5700449,California
Los Angeles, County,Los Angeles County,6/8/2021,38695,10218373,26629,5406019,10448,4421310,1618,391044,12838,860647,25540,4854242,14440,5714889,California
Los Angeles, County,Los Angeles County,6/9/2021,40220,10258593,28346,5434365,10330,4431640,1544,392588,11803,845837,28125,4882367,13315,5728204,California
Los Angeles, County,Los Angeles County,6/10/2021,36970,10295563,25529,5459894,9808,4441448,1633,394221,11443,833611,25285,4907652,13059,5741263,California
Los Angeles, County,Los Angeles County,6/11/2021,41556,10337119,28426,5488320,11436,4452884,1694,395915,13449,820950,27786,4935438,15125,5756388,California
Los Angeles, County,Los Angeles County,6/12/2021,33683,10370802,24220,5512540,8224,4461108,1239,397154,10365,809397,23141,4958579,11588,5767976,California
Los Angeles, County,Los Angeles County,6/13/2021,11571,10382373,8281,5520821,2653,4463761,637,397791,2615,803758,8888,4967467,3249,5771225,California
Los Angeles, County,Los Angeles County,6/14/2021,33056,10415429,23739,5544560,7920,4471681,1397,399188,11576,795434,21272,4988739,12948,5784173,California
Los Angeles, County,Los Angeles County,6/15/2021,34276,10449705,22910,5567470,9637,4481318,1729,400917,11920,787081,21973,5010712,13620,5797793,California
Los Angeles, County,Los Angeles County,6/16/2021,32680,10482385,22553,5590023,8367,4489685,1760,402677,11455,779302,20979,5031691,13200,5810993,California
Los Angeles, County,Los Angeles County,6/17/2021,30019,10512404,20098,5610121,8170,4497855,1751,404428,10988,773266,18758,5050449,12722,5823715,California
Los Angeles, County,Los Angeles County,6/18/2021,35743,10548147,24541,5634662,9215,4507070,1987,406415,12638,765161,22709,5073158,14604,5838319,California
Los Angeles, County,Los Angeles County,6/19/2021,22800,10570947,15419,5650081,5996,4513066,1385,407800,8604,761173,13956,5087114,9968,5848287,California
Los Angeles, County,Los Angeles County,6/20/2021,8529,10579476,6004,5656085,2029,4515095,496,408296,3085,759380,5373,5092487,3580,5851867,California
Los Angeles, County,Los Angeles County,6/21/2021,19414,10598890,11895,5667980,6131,4521226,1388,409684,10418,762300,8872,5101359,11792,5863659,California
Los Angeles, County,Los Angeles County,6/22/2021,26646,10625536,17969,5685949,7129,4528355,1548,411232,10318,758025,16135,5117494,11860,5875519,California
Los Angeles, County,Los Angeles County,6/23/2021,25300,10650836,17366,5703315,6499,4534854,1435,412667,10145,754620,14956,5132450,11551,5887070,California
Los Angeles, County,Los Angeles County,6/24/2021,25177,10676013,17324,5720639,6200,4541054,1653,414320,9759,750803,15193,5147643,11376,5898446,California
Los Angeles, County,Los Angeles County,6/25/2021,29676,10705689,20639,5741278,7408,4548462,1629,415949,12145,747240,17314,5164957,13751,5912197,California
Los Angeles, County,Los Angeles County,6/26/2021,20160,10725849,14650,5755928,4481,4552943,1029,416978,8381,744969,11664,5176621,9393,5921590,California
Los Angeles, County,Los Angeles County,6/27/2021,8662,10734511,6298,5762226,1924,4554867,440,417418,3651,744116,4934,5181555,4081,5925671,California
Los Angeles, County,Los Angeles County,6/28/2021,20329,10754840,15632,5777858,3438,4558305,1259,418677,8863,742901,11322,5192877,10107,5935778,California
Los Angeles, County,Los Angeles County,6/29/2021,22733,10777573,15591,5793449,6042,4564347,1100,419777,9972,741372,12588,5205465,11059,5946837,California
Los Angeles, County,Los Angeles County,6/30/2021,22711,10800284,15985,5809434,5628,4569975,1098,420875,10313,740571,12195,5217660,11394,5958231,California
Los Angeles, County,Los Angeles County,7/1/2021,20336,10820620,14405,5823839,4904,4574879,1027,421902,9181,739746,11016,5228676,10191,5968422,California
Los Angeles, County,Los Angeles County,7/2/2021,23973,10844593,16935,5840774,5903,4580782,1135,423037,10846,738754,12953,5241629,11961,5980383,California
Los Angeles, County,Los Angeles County,7/3/2021,13854,10858447,9750,5850524,3587,4584369,517,423554,6326,738180,7408,5249037,6834,5987217,California
Los Angeles, County,Los Angeles County,7/4/2021,777,10859224,409,5850933,319,4584688,49,423603,366,738196,397,5249434,413,5987630,California
Los Angeles, County,Los Angeles County,7/5/2021,11259,10870483,8168,5859101,2810,4587498,281,423884,5233,737779,5933,5255367,5516,5993146,California
Los Angeles, County,Los Angeles County,7/6/2021,24346,10894829,17468,5876569,5676,4593174,1202,425086,9330,733461,14845,5270212,10527,6003673,California
Los Angeles, County,Los Angeles County,7/7/2021,20601,10915430,14585,5891154,4891,4598065,1125,426211,8671,731486,11755,5281967,9780,6013453,California
Los Angeles, County,Los Angeles County,7/8/2021,19292,10934722,13648,5904802,4572,4602637,1072,427283,8156,729700,11005,5292972,9219,6022672,California
Los Angeles, County,Los Angeles County,7/9/2021,23619,10958341,16674,5921476,5515,4608152,1430,428713,10192,728034,13260,5306232,11594,6034266,California
Los Angeles, County,Los Angeles County,7/10/2021,16801,10975142,12347,5933823,3673,4611825,781,429494,7237,726611,9434,5315666,8011,6042277,California
Los Angeles, County,Los Angeles County,7/11/2021,6599,10981741,4729,5938552,1567,4613392,303,429797,3215,726796,3331,5318997,3516,6045793,California
Los Angeles, County,Los Angeles County,7/12/2021,18545,11000286,13297,5951849,4144,4617536,1104,430901,7792,725048,10626,5329623,8878,6054671,California
Los Angeles, County,Los Angeles County,7/13/2021,18876,11019162,12775,5964624,5038,4622574,1063,431964,8708,724790,10017,5339640,9759,6064430,California
Los Angeles, County,Los Angeles County,7/14/2021,18903,11038065,13104,5977728,4768,4627342,1031,432995,8553,724143,10211,5349851,9564,6073994,California
Los Angeles, County,Los Angeles County,7/15/2021,18770,11056835,13315,5991043,4605,4631947,850,433845,8865,724083,9768,5359619,9708,6083702,California
Los Angeles, County,Los Angeles County,7/16/2021,24005,11080840,17270,6008313,5714,4637661,1021,434866,11815,724876,12031,5371650,12824,6096526,California
Los Angeles, County,Los Angeles County,7/17/2021,16927,11097767,11934,6020247,4137,4641798,856,435722,8246,725402,8570,5380220,9096,6105622,California
Los Angeles, County,Los Angeles County,7/18/2021,7469,11105236,5520,6025767,1672,4643470,277,435999,3852,725980,3551,5383771,4129,6109751,California
Los Angeles, County,Los Angeles County,7/19/2021,19315,11124551,14156,6039923,4310,4647780,849,436848,9507,726664,9657,5393428,10341,6120092,California
Los Angeles, County,Los Angeles County,7/20/2021,20751,11145302,14329,6054252,5640,4653420,782,437630,10628,728113,9945,5403373,11394,6131486,California
Los Angeles, County,Los Angeles County,7/21/2021,21053,11166355,14826,6069078,4986,4658406,1241,438871,10534,729509,10364,5413737,11760,6143246,California
Los Angeles, County,Los Angeles County,7/22/2021,20955,11187310,14917,6083995,4953,4663359,1085,439956,11125,732057,9641,5423378,12189,6155435,California
Los Angeles, County,Los Angeles County,7/23/2021,24915,11212225,17704,6101699,6020,4669379,1191,441147,13496,735505,11223,5434601,14671,6170106,California
Los Angeles, County,Los Angeles County,7/24/2021,16302,11228527,11402,6113101,4180,4673559,720,441867,9242,738550,6914,5441515,9959,6180065,California
Los Angeles, County,Los Angeles County,7/25/2021,6987,11235514,4978,6118079,1872,4675431,137,442004,5270,742300,1656,5443171,5406,6185471,California
Los Angeles, County,Los Angeles County,7/26/2021,19153,11254667,13384,6131463,4880,4680311,889,442893,11908,747996,7085,5450256,12781,6198252,California
Los Angeles, County,Los Angeles County,7/27/2021,22325,11276992,16045,6147508,5387,4685698,893,443786,12884,752501,9259,5459515,13764,6212016,California
Los Angeles, County,Los Angeles County,7/28/2021,23316,11300308,16513,6164021,5907,4691605,896,444682,13954,758189,9143,5468658,14831,6226847,California
Los Angeles, County,Los Angeles County,7/29/2021,21925,11322233,15703,6179724,5346,4696951,876,445558,13408,764185,8274,5476932,14270,6241117,California
Los Angeles, County,Los Angeles County,7/30/2021,25562,11347795,18551,6198275,6140,4703091,871,446429,15117,769967,10186,5487118,15968,6257085,California
Los Angeles, County,Los Angeles County,7/31/2021,17408,11365203,12617,6210892,4182,4707273,609,447038,10389,774151,6799,5493917,10983,6268068,California
Los Angeles, County,Los Angeles County,8/1/2021,7830,11373033,5909,6216801,1787,4709060,134,447172,5060,776658,2691,5496608,5198,6273266,California
Los Angeles, County,Los Angeles County,8/2/2021,20964,11393997,15695,6232496,4484,4713544,785,447957,13064,782809,7689,5504297,13840,6287106,California
Los Angeles, County,Los Angeles County,8/3/2021,23228,11417225,16860,6249356,5372,4718916,996,448953,14142,789073,8859,5513156,15123,6302229,California
Los Angeles, County,Los Angeles County,8/4/2021,21978,11439203,16244,6265600,4900,4723816,834,449787,13411,794966,8333,5521489,14226,6316455,California
Los Angeles, County,Los Angeles County,8/5/2021,22045,11461248,16314,6281914,4830,4728646,901,450688,13385,800845,8398,5529887,14277,6330732,California
Los Angeles, County,Los Angeles County,8/6/2021,26758,11488006,19844,6301758,5942,4734588,972,451660,15549,806453,10904,5540791,16512,6347244,California
Los Angeles, County,Los Angeles County,8/7/2021,18216,11506222,13591,6315349,4015,4738603,610,452270,10739,810511,7276,5548067,11334,6358578,California
Los Angeles, County,Los Angeles County,8/8/2021,7760,11513982,5421,6320770,2167,4740770,172,452442,4654,812351,2984,5551051,4824,6363402,California
Los Angeles, County,Los Angeles County,8/9/2021,18845,11532827,13717,6334487,4349,4745119,779,453221,10886,816250,7754,5558805,11653,6375055,California
Los Angeles, County,Los Angeles County,8/10/2021,11202,11544029,8315,6342802,2166,4747285,721,453942,6355,818564,4745,5563550,7059,6382114,California
Madera, County,Madera County,12/15/2020,0,0,0,0,0,0,0,0,0,0,0,0,0,0,California
Madera, County,Madera County,12/16/2020,21,21,21,21,0,0,0,0,21,21,0,0,21,21,California
Madera, County,Madera County,12/17/2020,12,33,12,33,0,0,0,0,12,33,0,0,12,33,California
Madera, County,Madera County,12/18/2020,61,94,61,94,0,0,0,0,61,94,0,0,61,94,California
Madera, County,Madera County,12/19/2020,5,99,5,99,0,0,0,0,5,99,0,0,5,99,California
Madera, County,Madera County,12/20/2020,12,111,12,111,0,0,0,0,12,111,0,0,12,111,California
Madera, County,Madera County,12/21/2020,58,169,58,169,0,0,0,0,58,169,0,0,58,169,California
Madera, County,Madera County,12/22/2020,95,264,93,262,2,2,0,0,95,264,0,0,95,264,California
Madera, County,Madera County,12/23/2020,66,330,66,328,0,2,0,0,66,330,0,0,66,330,California
Madera, County,Madera County,12/24/2020,43,373,38,366,5,7,0,0,43,373,0,0,43,373,California
Madera, County,Madera County,12/25/2020,0,373,0,366,0,7,0,0,0,373,0,0,0,373,California
Madera, County,Madera County,12/26/2020,27,400,26,392,1,8,0,0,27,400,0,0,27,400,California
Madera, County,Madera County,12/27/2020,27,427,12,404,15,23,0,0,27,427,0,0,27,427,California
Madera, County,Madera County,12/28/2020,107,534,36,440,71,94,0,0,107,534,0,0,107,534,California
Madera, County,Madera County,12/29/2020,175,709,38,478,137,231,0,0,175,709,0,0,175,709,California
Madera, County,Madera County,12/30/2020,227,936,89,567,138,369,0,0,227,936,0,0,227,936,California
Madera, County,Madera County,12/31/2020,203,1139,81,648,122,491,0,0,203,1139,0,0,203,1139,California
Madera, County,Madera County,1/1/2021,2,1141,1,649,1,492,0,0,2,1141,0,0,2,1141,California
Madera, County,Madera County,1/2/2021,88,1229,32,681,56,548,0,0,88,1229,0,0,88,1229,California
Madera, County,Madera County,1/3/2021,4,1233,4,685,0,548,0,0,4,1233,0,0,4,1233,California
Madera, County,Madera County,1/4/2021,130,1363,67,752,63,611,0,0,130,1363,0,0,130,1363,California
Madera, County,Madera County,1/5/2021,277,1640,142,894,135,746,0,0,273,1632,4,4,273,1636,California
Madera, County,Madera County,1/6/2021,182,1822,26,920,156,902,0,0,163,1776,19,23,163,1799,California
Madera, County,Madera County,1/7/2021,397,2219,116,1036,281,1183,0,0,374,2128,23,46,375,2174,California
Madera, County,Madera County,1/8/2021,420,2639,71,1107,349,1532,0,0,366,2442,53,99,367,2541,California
Madera, County,Madera County,1/9/2021,36,2675,14,1121,22,1554,0,0,27,2460,9,108,27,2568,California
Madera, County,Madera County,1/10/2021,17,2692,14,1135,3,1557,0,0,5,2453,12,120,5,2573,California
Madera, County,Madera County,1/11/2021,237,2929,190,1325,47,1604,0,0,195,2606,42,162,195,2768,California
Madera, County,Madera County,1/12/2021,388,3317,156,1481,232,1836,0,0,285,2788,103,265,285,3053,California
Madera, County,Madera County,1/13/2021,181,3498,89,1570,92,1928,0,0,129,2866,52,317,130,3183,California
Madera, County,Madera County,1/14/2021,552,4050,81,1651,471,2399,0,0,520,3354,32,349,520,3703,California
Madera, County,Madera County,1/15/2021,598,4648,156,1807,442,2841,0,0,576,3908,22,371,576,4279,California
Madera, County,Madera County,1/16/2021,386,5034,48,1855,338,3179,0,0,358,4238,28,399,358,4637,California
Madera, County,Madera County,1/17/2021,338,5372,15,1870,323,3502,0,0,334,4568,4,403,334,4971,California
Madera, County,Madera County,1/18/2021,80,5452,64,1934,16,3518,0,0,61,4611,18,421,61,5032,California
Madera, County,Madera County,1/19/2021,562,6014,128,2062,434,3952,0,0,536,5122,26,447,537,5569,California
Madera, County,Madera County,1/20/2021,342,6356,184,2246,158,4110,0,0,246,5273,95,542,246,5815,California
Madera, County,Madera County,1/21/2021,291,6647,180,2426,111,4221,0,0,227,5438,62,604,227,6042,California
Madera, County,Madera County,1/22/2021,262,6909,82,2508,180,4401,0,0,245,5666,17,621,245,6287,California
Madera, County,Madera County,1/23/2021,100,7009,54,2562,46,4447,0,0,76,5718,24,645,76,6363,California
Madera, County,Madera County,1/24/2021,97,7106,81,2643,16,4463,0,0,78,5777,19,664,78,6441,California
Madera, County,Madera County,1/25/2021,272,7378,125,2768,147,4610,0,0,148,5801,124,788,148,6589,California
Madera, County,Madera County,1/26/2021,494,7872,189,2957,305,4915,0,0,303,5915,190,978,304,6893,California
Madera, County,Madera County,1/27/2021,757,8629,74,3031,683,5598,0,0,618,6395,139,1117,619,7512,California
Madera, County,Madera County,1/28/2021,556,9185,113,3144,443,6041,0,0,450,6740,106,1223,451,7963,California
Madera, County,Madera County,1/29/2021,477,9662,95,3239,382,6423,0,0,421,7105,56,1279,421,8384,California
Madera, County,Madera County,1/30/2021,504,10166,19,3258,485,6908,0,0,451,7503,53,1332,451,8835,California
Madera, County,Madera County,1/31/2021,8,10174,4,3262,4,6912,0,0,7,7509,1,1333,7,8842,California
Madera, County,Madera County,2/1/2021,334,10508,148,3410,186,7098,0,0,209,7593,125,1458,209,9051,California
Madera, County,Madera County,2/2/2021,255,10763,93,3503,162,7260,0,0,164,7668,90,1548,165,9216,California
Madera, County,Madera County,2/3/2021,599,11362,461,3964,138,7398,0,0,479,8030,118,1666,480,9696,California
Madera, County,Madera County,2/4/2021,400,11762,128,4092,272,7670,0,0,120,7872,279,1945,121,9817,California
Madera, County,Madera County,2/5/2021,983,12745,301,4393,682,8352,0,0,376,7648,601,2546,377,10194,California
Madera, County,Madera County,2/6/2021,370,13115,334,4727,36,8388,0,0,330,7939,39,2585,330,10524,California
Madera, County,Madera County,2/7/2021,34,13149,6,4733,28,8416,0,0,29,7963,5,2590,29,10553,California
Madera, County,Madera County,2/8/2021,396,13545,318,5051,78,8494,0,0,277,8122,118,2708,277,10830,California
Madera, County,Madera County,2/9/2021,488,14033,117,5168,371,8865,0,0,203,8045,282,2990,205,11035,California
Madera, County,Madera County,2/10/2021,435,14468,149,5317,286,9151,0,0,283,8178,150,3140,283,11318,California
Madera, County,Madera County,2/11/2021,934,15402,304,5621,630,9781,0,0,398,8043,534,3674,399,11717,California
Madera, County,Madera County,2/12/2021,848,16250,117,5738,731,10512,0,0,316,7836,526,4200,319,12036,California
Madera, County,Madera County,2/13/2021,486,16736,46,5784,440,10952,0,0,134,7622,351,4551,137,12173,California
Madera, County,Madera County,2/14/2021,404,17140,74,5858,330,11282,0,0,137,7494,267,4818,139,12312,California
Madera, County,Madera County,2/15/2021,247,17387,100,5958,147,11429,0,0,176,7601,69,4887,176,12488,California
Madera, County,Madera County,2/16/2021,781,18168,180,6138,601,12030,0,0,231,7285,548,5435,232,12720,California
Madera, County,Madera County,2/17/2021,631,18799,287,6425,344,12374,0,0,348,7359,276,5711,350,13070,California
Madera, County,Madera County,2/18/2021,1311,20110,546,6971,765,13139,0,0,1123,8298,185,5896,1124,14194,California
Madera, County,Madera County,2/19/2021,868,20978,547,7518,321,13460,0,0,720,8873,147,6043,722,14916,California
Madera, County,Madera County,2/20/2021,1087,22065,996,8514,91,13551,0,0,1011,9810,75,6118,1012,15928,California
Madera, County,Madera County,2/21/2021,1005,23070,864,9378,141,13692,0,0,997,10800,7,6125,997,16925,California
Madera, County,Madera County,2/22/2021,972,24042,892,10270,80,13772,0,0,908,11644,64,6189,908,17833,California
Madera, County,Madera County,2/23/2021,800,24842,510,10780,290,14062,0,0,558,11962,240,6429,558,18391,California
Madera, County,Madera County,2/24/2021,945,25787,308,11088,637,14699,0,0,389,11795,556,6985,389,18780,California
Madera, County,Madera County,2/25/2021,1077,26864,317,11405,760,15459,0,0,614,11949,460,7445,614,19394,California
Madera, County,Madera County,2/26/2021,1114,27978,206,11611,908,16367,0,0,711,12259,401,7846,711,20105,California
Madera, County,Madera County,2/27/2021,932,28910,276,11887,656,17023,0,0,492,12317,437,8283,495,20600,California
Madera, County,Madera County,2/28/2021,194,29104,28,11915,166,17189,0,0,188,12499,6,8289,188,20788,California
Madera, County,Madera County,3/1/2021,388,29492,122,12037,266,17455,0,0,201,12518,183,8472,202,20990,California
Madera, County,Madera County,3/2/2021,779,30271,354,12391,424,17879,1,1,665,13072,112,8584,666,21656,California
Madera, County,Madera County,3/3/2021,1384,31655,743,13134,641,18520,0,1,963,13646,418,9002,992,22648,California
Madera, County,Madera County,3/4/2021,1215,32870,532,13666,683,19203,0,1,960,14355,256,9258,965,23613,California
Madera, County,Madera County,3/5/2021,1376,34246,423,14089,941,20144,12,13,1086,15177,288,9546,1110,24723,California
Madera, County,Madera County,3/6/2021,827,35073,644,14733,151,20295,32,45,505,15393,321,9867,537,25260,California
Madera, County,Madera County,3/7/2021,160,35233,26,14759,109,20404,25,70,106,15470,54,9921,131,25391,California
Madera, County,Madera County,3/8/2021,611,35844,341,15100,210,20614,60,130,307,15534,304,10225,368,25759,California
Madera, County,Madera County,3/9/2021,610,36454,297,15397,280,20894,33,163,416,15797,192,10417,455,26214,California
Madera, County,Madera County,3/10/2021,1196,37650,560,15957,558,21452,78,241,761,16207,430,10847,840,27054,California
Madera, County,Madera County,3/11/2021,1692,39342,875,16832,491,21943,326,567,772,16401,916,11763,1110,28164,California
Madera, County,Madera County,3/12/2021,1584,40926,820,17652,613,22556,151,718,802,16604,779,12542,982,29146,California
Madera, County,Madera County,3/13/2021,1893,42819,1336,18988,361,22917,196,914,813,16557,1075,13617,1028,30174,California
Madera, County,Madera County,3/14/2021,587,43406,449,19437,104,23021,34,948,282,16573,300,13917,316,30490,California
Madera, County,Madera County,3/15/2021,754,44160,235,19672,474,23495,45,993,519,16944,231,14148,602,31092,California
Madera, County,Madera County,3/16/2021,946,45106,531,20203,368,23863,47,1040,750,17566,193,14341,815,31907,California
Madera, County,Madera County,3/17/2021,1480,46586,985,21188,432,24295,63,1103,913,18080,557,14898,1071,32978,California
Madera, County,Madera County,3/18/2021,1964,48550,687,21875,1210,25505,67,1170,977,18238,978,15876,1136,34114,California
Madera, County,Madera County,3/19/2021,1603,50153,586,22461,932,26437,85,1255,1040,18884,559,16435,1205,35319,California
Madera, County,Madera County,3/20/2021,1185,51338,775,23236,360,26797,50,1305,590,18998,591,17026,705,36024,California
Madera, County,Madera County,3/21/2021,1118,52456,912,24148,157,26954,49,1354,365,18666,748,17774,416,36440,California
Madera, County,Madera County,3/22/2021,1365,53821,861,25009,439,27393,65,1419,654,18726,707,18481,767,37207,California
Madera, County,Madera County,3/23/2021,1434,55255,877,25886,472,27865,85,1504,677,18819,755,19236,848,38055,California
Madera, County,Madera County,3/24/2021,961,56216,515,26401,414,28279,32,1536,617,19132,340,19576,653,38708,California
Madera, County,Madera County,3/25/2021,1188,57404,539,26940,624,28903,25,1561,647,19286,531,20107,685,39393,California
Madera, County,Madera County,3/26/2021,1526,58930,581,27521,809,29712,136,1697,722,19346,802,20909,862,40255,California
Madera, County,Madera County,3/27/2021,938,59868,609,28130,306,30018,23,1720,410,19256,524,21433,434,40689,California
Madera, County,Madera County,3/28/2021,442,60310,151,28281,231,30249,60,1780,207,19385,234,21667,363,41052,California
Madera, County,Madera County,3/29/2021,702,61012,188,28469,484,30733,30,1810,500,19722,198,21865,535,41587,California
Madera, County,Madera County,3/30/2021,1081,62093,609,29078,442,31175,30,1840,467,19610,609,22474,497,42084,California
Madera, County,Madera County,3/31/2021,1404,63497,544,29622,730,31905,130,1970,420,19182,978,23452,550,42634,California
Madera, County,Madera County,4/1/2021,1411,64908,630,30252,731,32636,50,2020,487,18804,913,24365,535,43169,California
Madera, County,Madera County,4/2/2021,1609,66517,460,30712,1091,33727,58,2078,471,18207,1126,25491,529,43698,California
Madera, County,Madera County,4/3/2021,968,67485,769,31481,180,33907,19,2097,395,18062,570,26061,425,44123,California
Madera, County,Madera County,4/4/2021,185,67670,64,31545,119,34026,2,2099,84,18048,101,26162,87,44210,California
Madera, County,Madera County,4/5/2021,741,68411,255,31800,428,34454,58,2157,341,18063,398,26560,413,44623,California
Madera, County,Madera County,4/6/2021,1715,70126,889,32689,468,34922,358,2515,530,17768,1183,27743,888,45511,California
Madera, County,Madera County,4/7/2021,1241,71367,390,33079,703,35625,148,2663,428,17541,809,28552,582,46093,California
Madera, County,Madera County,4/8/2021,1745,73112,671,33750,810,36435,264,2927,561,17195,1176,29728,830,46923,California
Madera, County,Madera County,4/9/2021,1666,74778,705,34455,814,37249,147,3074,957,17599,704,30432,1108,48031,California
Madera, County,Madera County,4/10/2021,989,75767,694,35149,226,37475,69,3143,721,18120,270,30702,791,48822,California
Madera, County,Madera County,4/11/2021,821,76588,668,35817,73,37548,80,3223,289,17958,529,31231,367,49189,California
Madera, County,Madera County,4/12/2021,823,77411,296,36113,449,37997,78,3301,313,17841,509,31740,392,49581,California
Madera, County,Madera County,4/13/2021,1261,78672,620,36733,598,38595,43,3344,730,18098,525,32265,782,50363,California
Madera, County,Madera County,4/14/2021,1410,80082,869,37602,541,39136,0,3344,580,17856,828,33093,586,50949,California
Madera, County,Madera County,4/15/2021,1190,81272,515,38117,674,39810,1,3345,427,17535,751,33844,430,51379,California
Madera, County,Madera County,4/16/2021,1376,82648,547,38664,829,40639,0,3345,378,16930,986,34830,381,51760,California
Madera, County,Madera County,4/17/2021,1303,83951,1095,39759,208,40847,0,3345,775,17181,524,35354,775,52535,California
Madera, County,Madera County,4/18/2021,257,84208,219,39978,38,40885,0,3345,88,17105,164,35518,88,52623,California
Madera, County,Madera County,4/19/2021,823,85031,247,40225,575,41460,1,3346,285,16858,532,36050,285,52908,California
Madera, County,Madera County,4/20/2021,909,85940,455,40680,454,41914,0,3346,230,16415,675,36725,232,53140,California
Madera, County,Madera County,4/21/2021,906,86846,497,41177,409,42323,0,3346,303,16119,601,37326,305,53445,California
Madera, County,Madera County,4/22/2021,1119,87965,547,41724,572,42895,0,3346,386,15777,729,38055,387,53832,California
Madera, County,Madera County,4/23/2021,1001,88966,323,42047,678,43573,0,3346,350,15481,646,38701,350,54182,California
Madera, County,Madera County,4/24/2021,729,89695,476,42523,253,43826,0,3346,253,15262,473,39174,254,54436,California
Madera, County,Madera County,4/25/2021,273,89968,163,42686,107,43933,3,3349,121,15239,148,39322,125,54561,California
Madera, County,Madera County,4/26/2021,572,90540,112,42798,454,44387,6,3355,135,14947,433,39755,141,54702,California
Madera, County,Madera County,4/27/2021,642,91182,284,43082,333,44720,25,3380,321,14976,318,40073,347,55049,California
Madera, County,Madera County,4/28/2021,522,91704,211,43293,292,45012,19,3399,250,14975,269,40342,268,55317,California
Madera, County,Madera County,4/29/2021,575,92279,255,43548,290,45302,30,3429,272,14982,296,40638,303,55620,California
Madera, County,Madera County,4/30/2021,956,93235,517,44065,421,45723,18,3447,273,14597,677,41315,292,55912,California
Madera, County,Madera County,5/1/2021,988,94223,888,44953,86,45809,14,3461,394,14413,592,41907,408,56320,California
Madera, County,Madera County,5/2/2021,402,94625,353,45306,44,45853,5,3466,144,14304,258,42165,149,56469,California
Madera, County,Madera County,5/3/2021,504,95129,205,45511,260,46113,39,3505,104,14050,397,42562,143,56612,California
Madera, County,Madera County,5/4/2021,923,96052,452,45963,427,46540,44,3549,222,13615,701,43263,266,56878,California
Madera, County,Madera County,5/5/2021,1041,97093,506,46469,476,47016,59,3608,280,13198,758,44021,341,57219,California
Madera, County,Madera County,5/6/2021,724,97817,264,46733,427,47443,33,3641,167,12845,553,44574,200,57419,California
Madera, County,Madera County,5/7/2021,832,98649,295,47028,516,47959,21,3662,200,12439,626,45200,220,57639,California
Madera, County,Madera County,5/8/2021,987,99636,774,47802,203,48162,10,3672,187,11836,800,46000,197,57836,California
Madera, County,Madera County,5/9/2021,148,99784,21,47823,116,48278,11,3683,35,11771,111,46111,46,57882,California
Madera, County,Madera County,5/10/2021,371,100155,78,47901,278,48556,15,3698,104,11625,265,46376,119,58001,California
Madera, County,Madera County,5/11/2021,550,100705,193,48094,348,48904,9,3707,179,11444,369,46745,188,58189,California
Madera, County,Madera County,5/12/2021,516,101221,235,48329,244,49148,37,3744,127,11222,386,47131,164,58353,California
Madera, County,Madera County,5/13/2021,532,101753,320,48649,180,49328,32,3776,185,11095,344,47475,217,58570,California
Madera, County,Madera County,5/14/2021,542,102295,275,48924,243,49571,24,3800,239,11058,300,47775,263,58833,California
Madera, County,Madera County,5/15/2021,572,102867,484,49408,79,49650,9,3809,368,11234,200,47975,376,59209,California
Madera, County,Madera County,5/16/2021,260,103127,193,49601,35,49685,32,3841,106,11219,153,48128,138,59347,California
Madera, County,Madera County,5/17/2021,459,103586,192,49793,237,49922,30,3871,202,11197,254,48382,232,59579,California
Madera, County,Madera County,5/18/2021,559,104145,374,50167,161,50083,24,3895,295,11258,258,48640,319,59898,California
Madera, County,Madera County,5/19/2021,497,104642,231,50398,244,50327,22,3917,222,11229,273,48913,244,60142,California
Madera, County,Madera County,5/20/2021,597,105239,271,50669,289,50616,37,3954,232,11140,358,49271,269,60411,California
Madera, County,Madera County,5/21/2021,515,105754,196,50865,290,50906,29,3983,198,11055,312,49583,227,60638,California
Madera, County,Madera County,5/22/2021,921,106675,836,51701,73,50979,12,3995,543,11233,377,49960,555,61193,California
Madera, County,Madera County,5/23/2021,269,106944,242,51943,17,50996,10,4005,143,11261,125,50085,153,61346,California
Madera, County,Madera County,5/24/2021,309,107253,140,52083,128,51124,41,4046,119,11233,189,50274,161,61507,California
Madera, County,Madera County,5/25/2021,384,107637,169,52252,182,51306,33,4079,151,11186,231,50505,184,61691,California
Madera, County,Madera County,5/26/2021,446,108083,259,52511,164,51470,23,4102,238,11242,205,50710,261,61952,California
Madera, County,Madera County,5/27/2021,379,108462,138,52649,204,51674,37,4139,127,11158,248,50958,164,62116,California
Madera, County,Madera County,5/28/2021,452,108914,174,52823,250,51924,28,4167,174,11084,276,51234,202,62318,California
Madera, County,Madera County,5/29/2021,306,109220,215,53038,73,51997,18,4185,166,11128,140,51374,184,62502,California
Madera, County,Madera County,5/30/2021,59,109279,27,53065,28,52025,4,4189,27,11128,31,51405,31,62533,California
Madera, County,Madera County,5/31/2021,26,109305,9,53074,13,52038,4,4193,11,11128,15,51420,15,62548,California
Madera, County,Madera County,6/1/2021,291,109596,146,53220,122,52160,23,4216,106,11074,183,51603,129,62677,California
Madera, County,Madera County,6/2/2021,395,109991,125,53345,247,52407,23,4239,114,10931,280,51883,137,62814,California
Madera, County,Madera County,6/3/2021,282,110273,151,53496,116,52523,15,4254,90,10844,192,52075,105,62919,California
Madera, County,Madera County,6/4/2021,381,110654,245,53741,125,52648,11,4265,150,10775,230,52305,161,63080,California
Madera, County,Madera County,6/5/2021,518,111172,393,54134,112,52760,13,4278,152,10580,360,52665,165,63245,California
Madera, County,Madera County,6/6/2021,136,111308,116,54250,13,52773,7,4285,38,10527,98,52763,45,63290,California
Madera, County,Madera County,6/7/2021,252,111560,157,54407,74,52847,21,4306,45,10387,206,52969,66,63356,California
Madera, County,Madera County,6/8/2021,388,111948,274,54681,93,52940,21,4327,97,10214,291,53260,118,63474,California
Madera, County,Madera County,6/9/2021,378,112326,240,54921,111,53051,27,4354,145,10155,231,53491,172,63646,California
Madera, County,Madera County,6/10/2021,345,112671,198,55119,131,53182,16,4370,118,10064,225,53716,134,63780,California
Madera, County,Madera County,6/11/2021,383,113054,220,55339,130,53312,33,4403,168,10049,214,53930,199,63979,California
Madera, County,Madera County,6/12/2021,580,113634,510,55849,54,53366,16,4419,93,9671,487,54417,109,64088,California
Madera, County,Madera County,6/13/2021,195,113829,162,56011,28,53394,5,4424,55,9592,139,54556,60,64148,California
Madera, County,Madera County,6/14/2021,228,114057,161,56172,44,53438,23,4447,91,9571,134,54690,113,64261,California
Madera, County,Madera County,6/15/2021,365,114422,252,56424,80,53518,33,4480,155,9553,206,54896,188,64449,California
Madera, County,Madera County,6/16/2021,328,114750,251,56675,63,53581,14,4494,118,9479,206,55102,132,64581,California
Madera, County,Madera County,6/17/2021,262,115012,130,56805,123,53704,9,4503,96,9419,165,55267,105,64686,California
Madera, County,Madera County,6/18/2021,280,115292,177,56982,79,53783,24,4527,121,9405,158,55425,144,64830,California
Madera, County,Madera County,6/19/2021,250,115542,202,57184,40,53823,8,4535,82,9327,168,55593,90,64920,California
Madera, County,Madera County,6/20/2021,57,115599,46,57230,3,53826,8,4543,28,9334,29,55622,36,64956,California
Madera, County,Madera County,6/21/2021,169,115768,83,57313,61,53887,25,4568,76,9343,92,55714,101,65057,California
Madera, County,Madera County,6/22/2021,240,116008,159,57472,62,53949,19,4587,117,9358,121,55835,136,65193,California
Madera, County,Madera County,6/23/2021,265,116273,191,57663,64,54013,10,4597,141,9385,124,55959,151,65344,California
Madera, County,Madera County,6/24/2021,218,116491,101,57764,95,54108,22,4619,80,9350,137,56096,102,65446,California
Madera, County,Madera County,6/25/2021,261,116752,168,57932,69,54177,24,4643,100,9316,158,56254,124,65570,California
Madera, County,Madera County,6/26/2021,187,116939,139,58071,34,54211,14,4657,78,9299,109,56363,92,65662,California
Madera, County,Madera County,6/27/2021,115,117054,90,58161,21,54232,4,4661,62,9312,53,56416,66,65728,California
Madera, County,Madera County,6/28/2021,160,117214,96,58257,44,54276,20,4681,83,9340,76,56492,104,65832,California
Madera, County,Madera County,6/29/2021,215,117429,152,58409,46,54322,17,4698,101,9345,113,56605,118,65950,California
Madera, County,Madera County,6/30/2021,218,117647,145,58554,66,54388,7,4705,125,9387,91,56696,133,66083,California
Madera, County,Madera County,7/1/2021,189,117836,119,58673,46,54434,24,4729,78,9379,110,56806,102,66185,California
Madera, County,Madera County,7/2/2021,232,118068,173,58846,42,54476,17,4746,96,9356,136,56942,113,66298,California
Madera, County,Madera County,7/3/2021,164,118232,114,58960,41,54517,9,4755,76,9356,85,57027,85,66383,California
Madera, County,Madera County,7/4/2021,10,118242,0,58960,6,54523,4,4759,6,9362,4,57031,10,66393,California
Madera, County,Madera County,7/5/2021,116,118358,98,59058,9,54532,9,4768,54,9364,61,57092,63,66456,California
Madera, County,Madera County,7/6/2021,348,118706,250,59308,72,54604,26,4794,139,9320,208,57300,164,66620,California
Madera, County,Madera County,7/7/2021,214,118920,151,59459,47,54651,16,4810,101,9324,113,57413,117,66737,California
Madera, County,Madera County,7/8/2021,205,119125,129,59588,61,54712,15,4825,114,9363,90,57503,129,66866,California
Madera, County,Madera County,7/9/2021,280,119405,205,59793,60,54772,15,4840,149,9397,129,57632,163,67029,California
Madera, County,Madera County,7/10/2021,160,119565,121,59914,35,54807,4,4844,82,9407,77,57709,87,67116,California
Madera, County,Madera County,7/11/2021,72,119637,55,59969,12,54819,5,4849,36,9412,36,57745,41,67157,California
Madera, County,Madera County,7/12/2021,132,119769,98,60067,28,54847,6,4855,65,9416,67,57812,71,67228,California
Madera, County,Madera County,7/13/2021,196,119965,154,60221,31,54878,11,4866,102,9436,93,57905,113,67341,California
Madera, County,Madera County,7/14/2021,167,120132,124,60345,39,54917,4,4870,71,9416,95,58000,75,67416,California
Madera, County,Madera County,7/15/2021,141,120273,87,60432,48,54965,6,4876,86,9453,55,58055,92,67508,California
Madera, County,Madera County,7/16/2021,179,120452,137,60569,39,55004,3,4879,95,9468,83,58138,98,67606,California
Madera, County,Madera County,7/17/2021,127,120579,98,60667,20,55024,9,4888,58,9467,69,58207,68,67674,California
Madera, County,Madera County,7/18/2021,99,120678,85,60752,11,55035,3,4891,55,9481,44,58251,58,67732,California
Madera, County,Madera County,7/19/2021,171,120849,134,60886,34,55069,3,4894,100,9514,70,58321,103,67835,California
Madera, County,Madera County,7/20/2021,245,121094,177,61063,55,55124,13,4907,125,9534,118,58439,138,67973,California
Madera, County,Madera County,7/21/2021,265,121359,175,61238,72,55196,18,4925,138,9565,125,58564,156,68129,California
Madera, County,Madera County,7/22/2021,156,121515,110,61348,41,55237,5,4930,86,9588,68,58632,91,68220,California
Madera, County,Madera County,7/23/2021,214,121729,163,61511,39,55276,12,4942,125,9636,89,58721,137,68357,California
Madera, County,Madera County,7/24/2021,205,121934,156,61667,46,55322,3,4945,118,9672,85,58806,121,68478,California
Madera, County,Madera County,7/25/2021,96,122030,75,61742,19,55341,2,4947,73,9724,23,58829,75,68553,California
Madera, County,Madera County,7/26/2021,215,122245,142,61884,54,55395,19,4966,128,9784,87,58916,147,68700,California
Madera, County,Madera County,7/27/2021,285,122530,215,62099,54,55449,16,4982,178,9871,106,59022,193,68893,California
Madera, County,Madera County,7/28/2021,309,122839,193,62292,88,55537,28,5010,174,9939,134,59156,202,69095,California
Madera, County,Madera County,7/29/2021,245,123084,183,62475,54,55591,8,5018,144,9991,100,59256,152,69247,California
Madera, County,Madera County,7/30/2021,343,123427,258,62733,63,55654,22,5040,205,10082,136,59392,227,69474,California
Madera, County,Madera County,7/31/2021,260,123687,194,62927,47,55701,19,5059,161,10164,98,59490,180,69654,California
Madera, County,Madera County,8/1/2021,72,123759,55,62982,14,55715,3,5062,47,10191,24,59514,51,69705,California
Madera, County,Madera County,8/2/2021,251,124010,163,63145,72,55787,16,5078,168,10296,79,59593,184,69889,California
Madera, County,Madera County,8/3/2021,301,124311,236,63381,57,55844,8,5086,205,10415,94,59687,213,70102,California
Madera, County,Madera County,8/4/2021,275,124586,186,63567,78,55922,11,5097,187,10525,88,59775,198,70300,California
Madera, County,Madera County,8/5/2021,274,124860,188,63755,71,55993,15,5112,175,10617,98,59873,190,70490,California
Madera, County,Madera County,8/6/2021,395,125255,301,64056,78,56071,16,5128,274,10788,119,59992,290,70780,California
Madera, County,Madera County,8/7/2021,256,125511,199,64255,49,56120,8,5136,167,10874,88,60080,174,70954,California
Madera, County,Madera County,8/8/2021,123,125634,96,64351,21,56141,6,5142,75,10907,48,60128,81,71035,California
Madera, County,Madera County,8/9/2021,210,125844,134,64485,60,56201,16,5158,130,10974,79,60207,146,71181,California
Madera, County,Madera County,8/10/2021,118,125962,98,64583,11,56212,9,5167,81,11027,37,60244,90,71271,California
Marin, County,Marin County,12/15/2020,2,2,2,2,0,0,0,0,2,2,0,0,2,2,California
Marin, County,Marin County,12/16/2020,110,112,110,112,0,0,0,0,110,112,0,0,110,112,California
Marin, County,Marin County,12/17/2020,275,387,275,387,0,0,0,0,275,387,0,0,275,387,California
Marin, County,Marin County,12/18/2020,388,775,388,775,0,0,0,0,388,775,0,0,388,775,California
Marin, County,Marin County,12/19/2020,350,1125,349,1124,1,1,0,0,350,1125,0,0,350,1125,California
Marin, County,Marin County,12/20/2020,165,1290,163,1287,2,3,0,0,165,1290,0,0,165,1290,California
Marin, County,Marin County,12/21/2020,236,1526,233,1520,3,6,0,0,236,1526,0,0,236,1526,California
Marin, County,Marin County,12/22/2020,515,2041,312,1832,203,209,0,0,515,2041,0,0,515,2041,California
Marin, County,Marin County,12/23/2020,727,2768,313,2145,414,623,0,0,727,2768,0,0,727,2768,California
Marin, County,Marin County,12/24/2020,359,3127,158,2303,201,824,0,0,359,3127,0,0,359,3127,California
Marin, County,Marin County,12/25/2020,26,3153,0,2303,26,850,0,0,26,3153,0,0,26,3153,California
Marin, County,Marin County,12/26/2020,145,3298,95,2398,50,900,0,0,145,3298,0,0,145,3298,California
Marin, County,Marin County,12/27/2020,89,3387,53,2451,36,936,0,0,89,3387,0,0,89,3387,California
Marin, County,Marin County,12/28/2020,404,3791,97,2548,307,1243,0,0,404,3791,0,0,404,3791,California
Marin, County,Marin County,12/29/2020,411,4202,101,2649,310,1553,0,0,411,4202,0,0,411,4202,California
Marin, County,Marin County,12/30/2020,638,4840,398,3047,240,1793,0,0,638,4840,0,0,638,4840,California
Marin, County,Marin County,12/31/2020,203,5043,36,3083,167,1960,0,0,202,5041,1,1,202,5042,California
Marin, County,Marin County,1/1/2021,34,5077,15,3098,19,1979,0,0,34,5075,0,1,34,5076,California
Marin, County,Marin County,1/2/2021,112,5189,106,3204,6,1985,0,0,112,5187,0,1,112,5188,California
Marin, County,Marin County,1/3/2021,49,5238,30,3234,19,2004,0,0,45,5232,0,1,45,5233,California
Marin, County,Marin County,1/4/2021,297,5535,191,3425,106,2110,0,0,296,5527,1,2,296,5529,California
Marin, County,Marin County,1/5/2021,373,5908,222,3647,151,2261,0,0,329,5812,44,46,329,5858,California
Marin, County,Marin County,1/6/2021,814,6722,315,3962,499,2760,0,0,633,6264,181,227,633,6491,California
Marin, County,Marin County,1/7/2021,880,7602,494,4456,386,3146,0,0,524,6433,356,583,525,7016,California
Marin, County,Marin County,1/8/2021,973,8575,516,4972,457,3603,0,0,584,6629,388,971,584,7600,California
Marin, County,Marin County,1/9/2021,625,9200,224,5196,401,4004,0,0,495,6994,130,1101,495,8095,California
Marin, County,Marin County,1/10/2021,132,9332,103,5299,29,4033,0,0,58,6978,74,1175,58,8153,California
Marin, County,Marin County,1/11/2021,473,9805,330,5629,143,4176,0,0,253,7013,220,1395,255,8408,California
Marin, County,Marin County,1/12/2021,929,10734,534,6163,395,4571,0,0,568,7223,358,1753,568,8976,California
Marin, County,Marin County,1/13/2021,1177,11911,504,6667,673,5244,0,0,942,7930,235,1988,942,9918,California
Marin, County,Marin County,1/14/2021,1069,12980,316,6983,753,5997,0,0,920,8703,147,2135,920,10838,California
Marin, County,Marin County,1/15/2021,1166,14146,352,7335,814,6811,0,0,1034,9608,131,2266,1036,11874,California
Marin, County,Marin County,1/16/2021,1120,15266,910,8245,210,7021,0,0,1044,10576,76,2342,1044,12918,California
Marin, County,Marin County,1/17/2021,1230,16496,1112,9357,118,7139,0,0,1190,11730,39,2381,1193,14111,California
Marin, County,Marin County,1/18/2021,364,16860,161,9518,203,7342,0,0,316,11998,48,2429,316,14427,California
Marin, County,Marin County,1/19/2021,1155,18015,905,10423,250,7592,0,0,973,12790,181,2610,973,15400,California
Marin, County,Marin County,1/20/2021,1812,19827,1215,11638,597,8189,0,0,1078,13147,722,3332,1079,16479,California
Marin, County,Marin County,1/21/2021,1684,21511,1066,12704,618,8807,0,0,1325,14119,356,3688,1328,17807,California
Marin, County,Marin County,1/22/2021,1719,23230,1097,13801,622,9429,0,0,1546,15493,173,3861,1547,19354,California
Marin, County,Marin County,1/23/2021,1864,25094,1355,15156,509,9938,0,0,1774,17177,90,3951,1774,21128,California
Marin, County,Marin County,1/24/2021,619,25713,166,15322,453,10391,0,0,586,17730,33,3984,586,21714,California
Marin, County,Marin County,1/25/2021,1125,26838,232,15554,893,11284,0,0,684,17974,441,4425,685,22399,California
Marin, County,Marin County,1/26/2021,1518,28356,776,16330,742,12026,0,0,1137,18731,380,4805,1137,23536,California
Marin, County,Marin County,1/27/2021,1724,30080,893,17223,831,12857,0,0,1355,19720,367,5172,1356,24892,California
Marin, County,Marin County,1/28/2021,2077,32157,1070,18293,1007,13864,0,0,1812,21269,264,5436,1813,26705,California
Marin, County,Marin County,1/29/2021,2215,34372,1438,19731,777,14641,0,0,2012,23091,191,5627,2013,28718,California
Marin, County,Marin County,1/30/2021,1724,36096,916,20647,808,15449,0,0,1643,24653,81,5708,1643,30361,California
Marin, County,Marin County,1/31/2021,457,36553,321,20968,136,15585,0,0,429,25054,28,5736,429,30790,California
Marin, County,Marin County,2/1/2021,1101,37654,418,21386,683,16268,0,0,899,25754,200,5936,900,31690,California
Marin, County,Marin County,2/2/2021,1449,39103,495,21881,954,17222,0,0,778,25872,660,6596,778,32468,California
Marin, County,Marin County,2/3/2021,1807,40910,436,22317,1371,18593,0,0,1288,26643,517,7113,1288,33756,California
Marin, County,Marin County,2/4/2021,1597,42507,507,22824,1090,19683,0,0,990,27029,604,7717,990,34746,California
Marin, County,Marin County,2/5/2021,2177,44684,671,23495,1506,21189,0,0,1337,27530,836,8553,1337,36083,California
Marin, County,Marin County,2/6/2021,1426,46110,837,24332,589,21778,0,0,600,27307,823,9376,600,36683,California
Marin, County,Marin County,2/7/2021,1305,47415,1020,25352,285,22063,0,0,495,26993,809,10185,495,37178,California
Marin, County,Marin County,2/8/2021,1555,48970,770,26122,785,22848,0,0,738,26917,814,10999,738,37916,California
Marin, County,Marin County,2/9/2021,1788,50758,1121,27243,667,23515,0,0,842,26814,945,11944,842,38758,California
Marin, County,Marin County,2/10/2021,2352,53110,1497,28740,855,24370,0,0,1221,26907,1129,13073,1222,39980,California
Marin, County,Marin County,2/11/2021,2888,55998,1650,30390,1238,25608,0,0,1460,26948,1423,14496,1464,41444,California
Marin, County,Marin County,2/12/2021,3097,59095,1549,31939,1548,27156,0,0,1566,26988,1527,16023,1567,43011,California
Marin, County,Marin County,2/13/2021,2340,61435,1246,33185,1094,28250,0,0,1124,26898,1214,17237,1124,44135,California
Marin, County,Marin County,2/14/2021,831,62266,311,33496,520,28770,0,0,737,27542,94,17331,738,44873,California
Marin, County,Marin County,2/15/2021,1237,63503,369,33865,868,29638,0,0,848,28004,387,17718,849,45722,California
Marin, County,Marin County,2/16/2021,2496,65999,1063,34928,1433,31071,0,0,1517,28543,978,18696,1517,47239,California
Marin, County,Marin County,2/17/2021,2123,68122,948,35876,1175,32246,0,0,1098,28619,1022,19718,1098,48337,California
Marin, County,Marin County,2/18/2021,2430,70552,1599,37475,831,33077,0,0,1065,28326,1358,21076,1065,49402,California
Marin, County,Marin County,2/19/2021,2818,73370,2197,39672,621,33698,0,0,1257,28039,1545,22621,1258,50660,California
Marin, County,Marin County,2/20/2021,2682,76052,2195,41867,487,34185,0,0,1262,27890,1413,24034,1264,51924,California
Marin, County,Marin County,2/21/2021,1367,77419,1158,43025,209,34394,0,0,961,28450,401,24435,961,52885,California
Marin, County,Marin County,2/22/2021,1906,79325,1468,44493,438,34832,0,0,1254,29057,647,25082,1254,54139,California
Marin, County,Marin County,2/23/2021,2983,82308,1707,46200,1276,36108,0,0,1999,30089,968,26050,2000,56139,California
Marin, County,Marin County,2/24/2021,3660,85968,1688,47888,1972,38080,0,0,2345,31132,1303,27353,2346,58485,California
Marin, County,Marin County,2/25/2021,4215,90183,1977,49865,2238,40318,0,0,2971,32875,1230,28583,2973,61458,California
Marin, County,Marin County,2/26/2021,3807,93990,2074,51939,1733,42051,0,0,2744,34569,1051,29634,2745,64203,California
Marin, County,Marin County,2/27/2021,2769,96759,1632,53571,1137,43188,0,0,1916,35640,847,30481,1918,66121,California
Marin, County,Marin County,2/28/2021,1698,98457,962,54533,736,43924,0,0,1336,36619,357,30838,1336,67457,California
Marin, County,Marin County,3/1/2021,2754,101211,1706,56239,1047,44971,1,1,1840,37564,897,31735,1842,69299,California
Marin, County,Marin County,3/2/2021,2628,103839,1733,57972,895,45866,0,1,1773,38489,849,32584,1774,71073,California
Marin, County,Marin County,3/3/2021,4501,108340,2497,60469,2000,47866,4,5,2920,39837,1576,34160,2924,73997,California
Marin, County,Marin County,3/4/2021,3470,111810,1714,62183,1755,49621,1,6,2356,41090,1107,35267,2360,76357,California
Marin, County,Marin County,3/5/2021,3115,114925,1188,63371,1913,51534,14,20,1813,41620,1297,36564,1827,78184,California
Marin, County,Marin County,3/6/2021,3263,118188,2338,65709,847,52381,78,98,2671,43784,585,37149,2749,80933,California
Marin, County,Marin County,3/7/2021,1443,119631,1186,66895,206,52587,51,149,1003,44402,435,37584,1053,81986,California
Marin, County,Marin County,3/8/2021,1917,121548,1397,68292,393,52980,127,276,1421,45454,492,38076,1544,83530,California
Marin, County,Marin County,3/9/2021,2253,123801,1353,69645,786,53766,114,390,1555,46421,694,38770,1661,85191,California
Marin, County,Marin County,3/10/2021,4497,128298,2525,72170,1674,55440,298,688,3238,48699,1253,40023,3531,88722,California
Marin, County,Marin County,3/11/2021,4605,132903,1894,74064,2577,58017,134,822,3301,50836,1295,41318,3432,92154,California
Marin, County,Marin County,3/12/2021,4002,136905,1560,75624,2090,60107,352,1174,1555,50307,2430,43748,1901,94055,California
Marin, County,Marin County,3/13/2021,4116,141021,2880,78504,1165,61272,71,1245,2391,51041,1716,45464,2450,96505,California
Marin, County,Marin County,3/14/2021,2301,143322,1112,79616,1074,62346,115,1360,708,50268,1591,47055,818,97323,California
Marin, County,Marin County,3/15/2021,3248,146570,1775,81391,1427,63773,46,1406,1189,49465,2040,49095,1237,98560,California
Marin, County,Marin County,3/16/2021,4291,150861,2315,83706,1609,65382,367,1773,1433,48403,2853,51948,1791,100351,California
Marin, County,Marin County,3/17/2021,4219,155080,2294,86000,1875,67257,50,1823,2022,48292,2181,54129,2070,102421,California
Marin, County,Marin County,3/18/2021,4502,159582,2278,88278,2149,69406,75,1898,2102,48084,2382,56511,2174,104595,California
Marin, County,Marin County,3/19/2021,4488,164070,2300,90578,1968,71374,220,2118,2300,48419,2176,58687,2511,107106,California
Marin, County,Marin County,3/20/2021,3602,167672,1998,92576,1496,72870,108,2226,1931,48796,1658,60345,2035,109141,California
Marin, County,Marin County,3/21/2021,1553,169225,1157,93733,374,73244,22,2248,786,48839,764,61109,807,109948,California
Marin, County,Marin County,3/22/2021,2504,171729,2166,95899,170,73414,168,2416,900,48309,1595,62704,1065,111013,California
Marin, County,Marin County,3/23/2021,4326,176055,2268,98167,1931,75345,127,2543,1880,47879,2437,65141,2007,113020,California
Marin, County,Marin County,3/24/2021,4505,180560,2928,101095,1466,76811,111,2654,1778,47052,2712,67853,1885,114905,California
Marin, County,Marin County,3/25/2021,4680,185240,2849,103944,1758,78569,73,2727,2202,46863,2461,70314,2272,117177,California
Marin, County,Marin County,3/26/2021,4336,189576,2366,106310,1758,80327,212,2939,2379,47515,1939,72253,2591,119768,California
Marin, County,Marin County,3/27/2021,3711,193287,2669,108979,1025,81352,17,2956,1126,46083,2574,74827,1142,120910,California
Marin, County,Marin County,3/28/2021,2401,195688,1728,110707,667,82019,6,2962,837,45370,1556,76383,843,121753,California
Marin, County,Marin County,3/29/2021,2714,198402,2114,112821,575,82594,25,2987,1140,44966,1569,77952,1165,122918,California
Marin, County,Marin County,3/30/2021,4681,203083,3661,116482,987,83581,33,3020,2949,46219,1730,79682,2983,125901,California
Marin, County,Marin County,3/31/2021,5878,208961,4165,120647,1661,85242,52,3072,2528,45460,3338,83020,2579,128480,California
Marin, County,Marin County,4/1/2021,4482,213443,2298,122945,1930,87172,254,3326,2124,45486,2340,85360,2366,130846,California
Marin, County,Marin County,4/2/2021,3749,217192,1863,124808,1514,88686,372,3698,1992,46087,1749,87109,2350,133196,California
Marin, County,Marin County,4/3/2021,3864,221056,2516,127324,969,89655,379,4077,1462,45530,2390,89499,1833,135029,California
Marin, County,Marin County,4/4/2021,1643,222699,1243,128567,201,89856,199,4276,1204,46491,437,89936,1398,136427,California
Marin, County,Marin County,4/5/2021,2232,224931,1546,130113,305,90161,381,4657,1289,47219,937,90873,1665,138092,California
Marin, County,Marin County,4/6/2021,4006,228937,2120,132233,1320,91481,566,5223,2222,48224,1775,92648,2780,140872,California
Marin, County,Marin County,4/7/2021,3969,232906,1995,134228,1327,92808,647,5870,1438,47779,2522,95170,2077,142949,California
Marin, County,Marin County,4/8/2021,5066,237972,1978,136206,2481,95289,607,6477,2312,47942,2741,97911,2904,145853,California
Marin, County,Marin County,4/9/2021,4027,241999,1575,137781,1713,97002,739,7216,1338,47325,2682,100593,2065,147918,California
Marin, County,Marin County,4/10/2021,3229,245228,1488,139269,1302,98304,439,7655,1451,47447,1761,102354,1883,149801,California
Marin, County,Marin County,4/11/2021,1071,246299,817,140086,91,98395,163,7818,477,47494,591,102945,638,150439,California
Marin, County,Marin County,4/12/2021,1742,248041,1240,141326,342,98737,160,7978,923,47759,817,103762,1082,151521,California
Marin, County,Marin County,4/13/2021,3784,251825,2327,143653,1450,100187,7,7985,1369,46732,2403,106165,1376,152897,California
Marin, County,Marin County,4/14/2021,4248,256073,2553,146206,1692,101879,3,7988,1732,45974,2491,108656,1733,154630,California
Marin, County,Marin County,4/15/2021,5650,261723,3994,150200,1656,103535,0,7988,3224,46790,2409,111065,3225,157855,California
Marin, County,Marin County,4/16/2021,4314,266037,2256,152456,2055,105590,3,7991,2094,46684,2204,113269,2098,159953,California
Marin, County,Marin County,4/17/2021,3597,269634,2185,154641,1412,107002,0,7991,1791,46679,1799,115068,1794,161747,California
Marin, County,Marin County,4/18/2021,3237,272871,3146,157787,91,107093,0,7991,2556,48557,678,115746,2556,164303,California
Marin, County,Marin County,4/19/2021,2055,274926,1882,159669,172,107265,1,7992,1126,48766,920,116666,1129,165432,California
Marin, County,Marin County,4/20/2021,3775,278701,2625,162294,1150,108415,0,7992,1452,47908,2312,118978,1454,166886,California
Marin, County,Marin County,4/21/2021,4157,282858,3067,165361,1087,109502,3,7995,1381,46533,2757,121735,1382,168268,California
Marin, County,Marin County,4/22/2021,4340,287198,3316,168677,1024,110526,0,7995,1506,45224,2819,124554,1510,169778,California
Marin, County,Marin County,4/23/2021,3352,290550,1900,170577,1452,111978,0,7995,1266,44421,2070,126624,1267,171045,California
Marin, County,Marin County,4/24/2021,2543,293093,1700,172277,843,112821,0,7995,922,43737,1607,128231,923,171968,California
Marin, County,Marin County,4/25/2021,1401,294494,1282,173559,119,112940,0,7995,303,42951,1089,129320,303,172271,California
Marin, County,Marin County,4/26/2021,1679,296173,1440,174999,236,113176,3,7998,400,42081,1275,130595,405,172676,California
Marin, County,Marin County,4/27/2021,3108,299281,2242,177241,816,113992,50,8048,1015,41058,2083,132678,1060,173736,California
Marin, County,Marin County,4/28/2021,2381,301662,1637,178878,690,114682,54,8102,745,40224,1632,134310,798,174534,California
Marin, County,Marin County,4/29/2021,2959,304621,2028,180906,868,115550,63,8165,822,38985,2126,136436,887,175421,California
Marin, County,Marin County,4/30/2021,2014,306635,1308,182214,619,116169,87,8252,710,38489,1294,137730,798,176219,California
Marin, County,Marin County,5/1/2021,1870,308505,1036,183250,810,116979,24,8276,554,37760,1306,139036,577,176796,California
Marin, County,Marin County,5/2/2021,740,309245,595,183845,115,117094,30,8306,201,37458,532,139568,230,177026,California
Marin, County,Marin County,5/3/2021,1236,310481,1003,184848,174,117268,59,8365,256,36795,977,140545,314,177340,California
Marin, County,Marin County,5/4/2021,3004,313485,2020,186868,891,118159,93,8458,484,34863,2510,143055,578,177918,California
Marin, County,Marin County,5/5/2021,2819,316304,2051,188919,642,118801,126,8584,458,33094,2352,145407,583,178501,California
Marin, County,Marin County,5/6/2021,3320,319624,2577,191496,654,119455,89,8673,431,30734,2877,148284,517,179018,California
Marin, County,Marin County,5/7/2021,2065,321689,1554,193050,425,119880,86,8759,384,29527,1675,149959,468,179486,California
Marin, County,Marin County,5/8/2021,2556,324245,1929,194979,504,120384,123,8882,359,27822,2188,152147,483,179969,California
Marin, County,Marin County,5/9/2021,1004,325249,913,195892,72,120456,19,8901,117,27075,884,153031,137,180106,California
Marin, County,Marin County,5/10/2021,1441,326690,1178,197070,192,120648,71,8972,209,26126,1227,154258,278,180384,California
Marin, County,Marin County,5/11/2021,2377,329067,1891,198961,429,121077,57,9029,306,24423,2065,156323,362,180746,California
Marin, County,Marin County,5/12/2021,1862,330929,1468,200429,323,121400,71,9100,297,23230,1558,157881,365,181111,California
Marin, County,Marin County,5/13/2021,2695,333624,2307,202736,333,121733,55,9155,1425,23450,1260,159141,1480,182591,California
Marin, County,Marin County,5/14/2021,2256,335880,1479,204215,676,122409,101,9256,891,23084,1357,160498,991,183582,California
Marin, County,Marin County,5/15/2021,2780,338660,2302,206517,396,122805,82,9338,1688,23764,1089,161587,1769,185351,California
Marin, County,Marin County,5/16/2021,1739,340399,1678,208195,53,122858,8,9346,1409,24853,328,161915,1417,186768,California
Marin, County,Marin County,5/17/2021,2166,342565,2017,210212,106,122964,43,9389,1727,26192,432,162347,1771,188539,California
Marin, County,Marin County,5/18/2021,1540,344105,1190,211402,294,123258,56,9445,792,26297,741,163088,846,189385,California
Marin, County,Marin County,5/19/2021,1569,345674,1242,212644,255,123513,72,9517,775,26354,787,163875,844,190229,California
Marin, County,Marin County,5/20/2021,1849,347523,1506,214150,258,123771,85,9602,756,26116,1081,164956,843,191072,California
Marin, County,Marin County,5/21/2021,1484,349007,853,215003,581,124352,50,9652,441,25572,1035,165991,491,191563,California
Marin, County,Marin County,5/22/2021,1446,350453,1100,216103,289,124641,57,9709,974,26137,466,166457,1031,192594,California
Marin, County,Marin County,5/23/2021,484,350937,430,216533,42,124683,12,9721,225,26118,257,166714,238,192832,California
Marin, County,Marin County,5/24/2021,661,351598,492,217025,128,124811,41,9762,353,26206,305,167019,393,193225,California
Marin, County,Marin County,5/25/2021,1000,352598,622,217647,332,125143,46,9808,312,25883,678,167697,355,193580,California
Marin, County,Marin County,5/26/2021,718,353316,486,218133,184,125327,48,9856,264,25746,449,168146,312,193892,California
Marin, County,Marin County,5/27/2021,1030,354346,659,218792,290,125617,81,9937,338,25476,689,168835,419,194311,California
Marin, County,Marin County,5/28/2021,1105,355451,716,219508,310,125927,79,10016,327,25108,773,169608,405,194716,California
Marin, County,Marin County,5/29/2021,379,355830,219,219727,150,126077,10,10026,206,25151,173,169781,216,194932,California
Marin, County,Marin County,5/30/2021,100,355930,59,219786,36,126113,5,10031,56,25169,43,169824,61,194993,California
Marin, County,Marin County,5/31/2021,29,355959,14,219800,14,126127,1,10032,15,25171,14,169838,16,195009,California
Marin, County,Marin County,6/1/2021,754,356713,548,220348,161,126288,45,10077,317,25100,433,170271,362,195371,California
Marin, County,Marin County,6/2/2021,631,357344,481,220829,99,126387,51,10128,218,24959,408,170679,267,195638,California
Marin, County,Marin County,6/3/2021,1505,358849,1333,222162,114,126501,58,10186,232,23978,1271,171950,290,195928,California
Marin, County,Marin County,6/4/2021,1038,359887,864,223026,139,126640,35,10221,184,23347,848,172798,217,196145,California
Marin, County,Marin County,6/5/2021,1933,361820,1715,224741,170,126810,48,10269,317,22104,1608,174406,365,196510,California
Marin, County,Marin County,6/6/2021,1419,363239,1372,226113,13,126823,34,10303,149,21018,1269,175675,183,196693,California
Marin, County,Marin County,6/7/2021,1946,365185,1830,227943,66,126889,50,10353,235,19599,1704,177379,285,196978,California
Marin, County,Marin County,6/8/2021,979,366164,867,228810,71,126960,41,10394,228,19124,744,178123,269,197247,California
Marin, County,Marin County,6/9/2021,743,366907,669,229479,65,127025,9,10403,137,18663,606,178729,145,197392,California
Marin, County,Marin County,6/10/2021,890,367797,778,230257,61,127086,51,10454,178,18183,709,179438,229,197621,California
Marin, County,Marin County,6/11/2021,699,368496,584,230841,83,127169,32,10486,147,17812,550,179988,179,197800,California
Marin, County,Marin County,6/12/2021,925,369421,793,231634,89,127258,43,10529,151,17234,772,180760,194,197994,California
Marin, County,Marin County,6/13/2021,417,369838,384,232018,21,127279,12,10541,65,16963,348,181108,77,198071,California
Marin, County,Marin County,6/14/2021,876,370714,746,232764,82,127361,48,10589,216,16568,656,181764,261,198332,California
Marin, County,Marin County,6/15/2021,556,371270,443,233207,87,127448,26,10615,178,16396,376,182140,204,198536,California
Marin, County,Marin County,6/16/2021,498,371768,405,233612,45,127493,48,10663,162,16275,329,182469,208,198744,California
Marin, County,Marin County,6/17/2021,556,372324,477,234089,48,127541,31,10694,192,16137,360,182829,222,198966,California
Marin, County,Marin County,6/18/2021,497,372821,384,234473,76,127617,37,10731,171,16026,318,183147,207,199173,California
Marin, County,Marin County,6/19/2021,367,373188,295,234768,36,127653,36,10767,144,15982,222,183369,178,199351,California
Marin, County,Marin County,6/20/2021,113,373301,87,234855,15,127668,11,10778,47,15974,66,183435,58,199409,California
Marin, County,Marin County,6/21/2021,348,373649,246,235101,47,127715,55,10833,138,15958,209,183644,193,199602,California
Marin, County,Marin County,6/22/2021,481,374130,355,235456,95,127810,31,10864,144,15800,333,183977,175,199777,California
Marin, County,Marin County,6/23/2021,361,374491,296,235752,32,127842,33,10897,123,15718,237,184214,155,199932,California
Marin, County,Marin County,6/24/2021,401,374892,305,236057,46,127888,50,10947,135,15639,262,184476,183,200115,California
Marin, County,Marin County,6/25/2021,382,375274,277,236334,60,127948,45,10992,173,15650,207,184683,218,200333,California
Marin, County,Marin County,6/26/2021,326,375600,274,236608,20,127968,32,11024,120,15597,205,184888,152,200485,California
Marin, County,Marin County,6/27/2021,213,375813,164,236772,23,127991,26,11050,71,15553,140,185028,96,200581,California
Marin, County,Marin County,6/28/2021,398,376211,338,237110,32,128023,28,11078,137,15459,259,185287,165,200746,California
Marin, County,Marin County,6/29/2021,442,376653,345,237455,58,128081,39,11117,155,15369,284,185571,194,200940,California
Marin, County,Marin County,6/30/2021,272,376925,231,237686,26,128107,15,11132,115,15344,155,185726,130,201070,California
Marin, County,Marin County,7/1/2021,273,377198,205,237891,48,128155,20,11152,107,15307,164,185890,127,201197,California
Marin, County,Marin County,7/2/2021,375,377573,294,238185,44,128199,37,11189,149,15270,222,186112,185,201382,California
Marin, County,Marin County,7/3/2021,273,377846,222,238407,21,128220,30,11219,115,15257,158,186270,145,201527,California
Marin, County,Marin County,7/4/2021,0,377846,0,238407,0,128220,0,11219,0,15257,0,186270,0,201527,California
Marin, County,Marin County,7/5/2021,116,377962,89,238496,11,128231,16,11235,40,15237,75,186345,55,201582,California
Marin, County,Marin County,7/6/2021,449,378411,351,238847,56,128287,42,11277,159,15151,285,186630,199,201781,California
Marin, County,Marin County,7/7/2021,230,378641,187,239034,28,128315,15,11292,93,15123,134,186764,106,201887,California
Marin, County,Marin County,7/8/2021,283,378924,225,239259,37,128352,21,11313,101,15067,178,186942,122,202009,California
Marin, County,Marin County,7/9/2021,339,379263,273,239532,32,128384,34,11347,139,15041,198,187140,172,202181,California
Marin, County,Marin County,7/10/2021,298,379561,238,239770,25,128409,35,11382,118,15014,180,187320,153,202334,California
Marin, County,Marin County,7/11/2021,100,379661,78,239848,8,128417,14,11396,32,14991,68,187388,45,202379,California
Marin, County,Marin County,7/12/2021,394,380055,291,240139,46,128463,57,11453,132,14922,259,187647,190,202569,California
Marin, County,Marin County,7/13/2021,310,380365,236,240375,44,128507,30,11483,131,14909,173,187820,160,202729,California
Marin, County,Marin County,7/14/2021,171,380536,127,240502,31,128538,13,11496,67,14889,99,187919,79,202808,California
Marin, County,Marin County,7/15/2021,296,380832,228,240730,37,128575,31,11527,133,14895,157,188076,163,202971,California
Marin, County,Marin County,7/16/2021,323,381155,243,240973,56,128631,24,11551,127,14853,192,188268,150,203121,California
Marin, County,Marin County,7/17/2021,210,381365,171,241144,22,128653,17,11568,87,14834,123,188391,104,203225,California
Marin, County,Marin County,7/18/2021,125,381490,91,241235,12,128665,22,11590,57,14846,67,188458,79,203304,California
Marin, County,Marin County,7/19/2021,307,381797,254,241489,36,128701,17,11607,140,14842,160,188618,156,203460,California
Marin, County,Marin County,7/20/2021,366,382163,278,241767,54,128755,34,11641,162,14843,194,188812,195,203655,California
Marin, County,Marin County,7/21/2021,235,382398,187,241954,36,128791,12,11653,122,14868,108,188920,133,203788,California
Marin, County,Marin County,7/22/2021,303,382701,214,242168,52,128843,37,11690,147,14902,150,189070,184,203972,California
Marin, County,Marin County,7/23/2021,304,383005,236,242404,52,128895,16,11706,149,14916,151,189221,165,204137,California
Marin, County,Marin County,7/24/2021,236,383241,206,242610,16,128911,14,11720,100,14900,130,189351,114,204251,California
Marin, County,Marin County,7/25/2021,66,383307,47,242657,12,128923,7,11727,41,14924,22,189373,46,204297,California
Marin, County,Marin County,7/26/2021,244,383551,167,242824,48,128971,29,11756,148,15007,93,189466,176,204473,California
Marin, County,Marin County,7/27/2021,305,383856,236,243060,45,129016,24,11780,160,15049,142,189608,184,204657,California
Marin, County,Marin County,7/28/2021,231,384087,184,243244,26,129042,21,11801,124,15090,104,189712,145,204802,California
Marin, County,Marin County,7/29/2021,269,384356,199,243443,46,129088,24,11825,122,15096,139,189851,145,204947,California
Marin, County,Marin County,7/30/2021,337,384693,248,243691,58,129146,31,11856,177,15152,151,190002,207,205154,California
Marin, County,Marin County,7/31/2021,277,384970,219,243910,28,129174,30,11886,125,15156,149,190151,153,205307,California
Marin, County,Marin County,8/1/2021,111,385081,79,243989,22,129196,10,11896,64,15188,40,190191,72,205379,California
Marin, County,Marin County,8/2/2021,334,385415,256,244245,56,129252,22,11918,187,15259,137,190328,208,205587,California
Marin, County,Marin County,8/3/2021,415,385830,309,244554,81,129333,25,11943,222,15322,182,190510,245,205832,California
Marin, County,Marin County,8/4/2021,278,386108,204,244758,46,129379,28,11971,147,15377,120,190630,175,206007,California
Marin, County,Marin County,8/5/2021,332,386440,253,245011,51,129430,28,11999,168,15419,154,190784,196,206203,California
Marin, County,Marin County,8/6/2021,328,386768,250,245261,66,129496,12,12011,167,15452,146,190930,179,206382,California
Marin, County,Marin County,8/7/2021,240,387008,173,245434,37,129533,30,12041,135,15519,98,191028,165,206547,California
Marin, County,Marin County,8/8/2021,140,387148,97,245531,23,129556,20,12061,70,15541,68,191096,90,206637,California
Marin, County,Marin County,8/9/2021,370,387518,317,245848,33,129589,20,12081,198,15596,163,191259,218,206855,California
Marin, County,Marin County,8/10/2021,184,387702,141,245989,35,129624,8,12089,98,15618,84,191343,106,206961,California
Mariposa, County,Mariposa County,12/15/2020,0,0,0,0,0,0,0,0,0,0,0,0,0,0,California
Mariposa, County,Mariposa County,12/16/2020,0,0,0,0,0,0,0,0,0,0,0,0,0,0,California
Mariposa, County,Mariposa County,12/17/2020,39,39,39,39,0,0,0,0,41,41,0,0,41,41,California
Mariposa, County,Mariposa County,12/18/2020,55,94,55,94,0,0,0,0,56,97,0,0,56,97,California
Mariposa, County,Mariposa County,12/19/2020,0,94,0,94,0,0,0,0,0,97,0,0,0,97,California
Mariposa, County,Mariposa County,12/20/2020,2,96,2,96,0,0,0,0,2,99,0,0,2,99,California
Mariposa, County,Mariposa County,12/21/2020,49,145,49,145,0,0,0,0,53,152,0,0,53,152,California
Mariposa, County,Mariposa County,12/22/2020,6,151,6,151,0,0,0,0,6,158,0,0,6,158,California
Mariposa, County,Mariposa County,12/23/2020,17,168,17,168,0,0,0,0,17,175,0,0,17,175,California
Mariposa, County,Mariposa County,12/24/2020,1,169,0,168,1,1,0,0,0,175,1,1,1,176,California
Mariposa, County,Mariposa County,12/25/2020,0,169,0,168,0,1,0,0,0,175,0,1,0,176,California
Mariposa, County,Mariposa County,12/26/2020,1,170,1,169,0,1,0,0,1,176,0,1,1,177,California
Mariposa, County,Mariposa County,12/27/2020,1,171,0,169,1,2,0,0,1,177,0,1,1,178,California
Mariposa, County,Mariposa County,12/28/2020,5,176,3,172,2,4,0,0,5,182,0,1,5,183,California
Mariposa, County,Mariposa County,12/29/2020,34,210,3,175,31,35,0,0,34,216,0,1,34,217,California
Mariposa, County,Mariposa County,12/30/2020,26,236,4,179,22,57,0,0,26,242,0,1,26,243,California
Mariposa, County,Mariposa County,12/31/2020,17,253,0,179,17,74,0,0,17,259,0,1,17,260,California
Mariposa, County,Mariposa County,1/1/2021,1,254,0,179,1,75,0,0,1,260,0,1,1,261,California
Mariposa, County,Mariposa County,1/2/2021,1,255,1,180,0,75,0,0,1,261,0,1,1,262,California
Mariposa, County,Mariposa County,1/3/2021,0,255,0,180,0,75,0,0,0,261,0,1,0,262,California
Mariposa, County,Mariposa County,1/4/2021,11,266,2,182,9,84,0,0,11,272,0,1,11,273,California
Mariposa, County,Mariposa County,1/5/2021,25,291,15,197,10,94,0,0,15,277,10,11,15,288,California
Mariposa, County,Mariposa County,1/6/2021,8,299,4,201,4,98,0,0,5,279,3,14,5,293,California
Mariposa, County,Mariposa County,1/7/2021,51,350,46,247,5,103,0,0,5,238,46,60,5,298,California
Mariposa, County,Mariposa County,1/8/2021,111,461,80,327,31,134,0,0,35,197,76,136,35,333,California
Mariposa, County,Mariposa County,1/9/2021,0,461,0,327,0,134,0,0,0,197,0,136,0,333,California
Mariposa, County,Mariposa County,1/10/2021,0,461,0,327,0,134,0,0,0,197,0,136,0,333,California
Mariposa, County,Mariposa County,1/11/2021,33,494,11,338,22,156,0,0,25,214,8,144,25,358,California
Mariposa, County,Mariposa County,1/12/2021,19,513,4,342,15,171,0,0,15,225,4,148,15,373,California
Mariposa, County,Mariposa County,1/13/2021,23,536,5,347,18,189,0,0,19,240,4,152,19,392,California
Mariposa, County,Mariposa County,1/14/2021,76,612,7,354,69,258,0,0,70,304,6,158,70,462,California
Mariposa, County,Mariposa County,1/15/2021,68,680,27,381,41,299,0,0,58,352,10,168,58,520,California
Mariposa, County,Mariposa County,1/16/2021,14,694,2,383,12,311,0,0,13,364,1,169,13,533,California
Mariposa, County,Mariposa County,1/17/2021,6,700,1,384,5,316,0,0,5,368,1,170,5,538,California
Mariposa, County,Mariposa County,1/18/2021,5,705,4,388,1,317,0,0,3,369,2,172,3,541,California
Mariposa, County,Mariposa County,1/19/2021,8,713,5,393,3,320,0,0,5,372,2,174,5,546,California
Mariposa, County,Mariposa County,1/20/2021,23,736,1,394,22,342,0,0,22,393,1,175,22,568,California
Mariposa, County,Mariposa County,1/21/2021,66,802,8,402,58,400,0,0,62,451,4,179,62,630,California
Mariposa, County,Mariposa County,1/22/2021,60,862,5,407,55,455,0,0,60,511,0,179,60,690,California
Mariposa, County,Mariposa County,1/23/2021,116,978,2,409,114,569,0,0,114,623,2,181,114,804,California
Mariposa, County,Mariposa County,1/24/2021,2,980,2,411,0,569,0,0,2,625,0,181,2,806,California
Mariposa, County,Mariposa County,1/25/2021,3,983,1,412,2,571,0,0,0,622,3,184,0,806,California
Mariposa, County,Mariposa County,1/26/2021,41,1024,4,416,37,608,0,0,5,596,36,220,10,816,California
Mariposa, County,Mariposa County,1/27/2021,26,1050,2,418,24,632,0,0,12,595,13,233,12,828,California
Mariposa, County,Mariposa County,1/28/2021,127,1177,3,421,124,756,0,0,114,697,12,245,114,942,California
Mariposa, County,Mariposa County,1/29/2021,93,1270,22,443,71,827,0,0,92,788,1,246,92,1034,California
Mariposa, County,Mariposa County,1/30/2021,10,1280,1,444,9,836,0,0,9,796,1,247,9,1043,California
Mariposa, County,Mariposa County,1/31/2021,0,1280,0,444,0,836,0,0,0,796,0,247,0,1043,California
Mariposa, County,Mariposa County,2/1/2021,96,1376,33,477,63,899,0,0,73,846,23,270,73,1116,California
Mariposa, County,Mariposa County,2/2/2021,14,1390,3,480,11,910,0,0,8,848,6,276,8,1124,California
Mariposa, County,Mariposa County,2/3/2021,22,1412,1,481,21,931,0,0,13,853,8,284,13,1137,California
Mariposa, County,Mariposa County,2/4/2021,100,1512,8,489,92,1023,0,0,95,945,4,288,96,1233,California
Mariposa, County,Mariposa County,2/5/2021,193,1705,7,496,186,1209,0,0,166,1084,27,315,166,1399,California
Mariposa, County,Mariposa County,2/6/2021,11,1716,4,500,7,1216,0,0,10,1093,1,316,10,1409,California
Mariposa, County,Mariposa County,2/7/2021,1,1717,0,500,1,1217,0,0,1,1094,0,316,1,1410,California
Mariposa, County,Mariposa County,2/8/2021,42,1759,3,503,39,1256,0,0,22,1096,20,336,22,1432,California
Mariposa, County,Mariposa County,2/9/2021,44,1803,25,528,19,1275,0,0,37,1126,7,343,37,1469,California
Mariposa, County,Mariposa County,2/10/2021,32,1835,4,532,28,1303,0,0,19,1140,12,355,26,1495,California
Mariposa, County,Mariposa County,2/11/2021,388,2223,7,539,381,1684,0,0,370,1495,18,373,373,1868,California
Mariposa, County,Mariposa County,2/12/2021,193,2416,10,549,183,1867,0,0,145,1592,48,421,145,2013,California
Mariposa, County,Mariposa County,2/13/2021,12,2428,3,552,9,1876,0,0,10,1600,2,423,10,2023,California
Mariposa, County,Mariposa County,2/14/2021,12,2440,4,556,8,1884,0,0,6,1600,6,429,6,2029,California
Mariposa, County,Mariposa County,2/15/2021,11,2451,4,560,7,1891,0,0,9,1607,2,431,9,2038,California
Mariposa, County,Mariposa County,2/16/2021,60,2511,36,596,24,1915,0,0,36,1620,24,455,37,2075,California
Mariposa, County,Mariposa County,2/17/2021,37,2548,9,605,28,1943,0,0,29,1643,7,462,30,2105,California
Mariposa, County,Mariposa County,2/18/2021,60,2608,7,612,53,1996,0,0,23,1629,37,499,23,2128,California
Mariposa, County,Mariposa County,2/19/2021,84,2692,4,616,80,2076,0,0,74,1694,10,509,75,2203,California
Mariposa, County,Mariposa County,2/20/2021,265,2957,6,622,259,2335,0,0,232,1895,31,540,232,2435,California
Mariposa, County,Mariposa County,2/21/2021,248,3205,5,627,243,2578,0,0,245,2138,2,542,245,2680,California
Mariposa, County,Mariposa County,2/22/2021,27,3232,11,638,16,2594,0,0,22,2156,4,546,22,2702,California
Mariposa, County,Mariposa County,2/23/2021,45,3277,38,676,7,2601,0,0,26,2163,19,565,26,2728,California
Mariposa, County,Mariposa County,2/24/2021,23,3300,3,679,20,2621,0,0,10,2161,12,577,10,2738,California
Mariposa, County,Mariposa County,2/25/2021,19,3319,9,688,10,2631,0,0,12,2166,7,584,12,2750,California
Mariposa, County,Mariposa County,2/26/2021,440,3759,7,695,433,3064,0,0,371,2469,69,653,372,3122,California
Mariposa, County,Mariposa County,2/27/2021,187,3946,6,701,181,3245,0,0,175,2632,12,665,175,3297,California
Mariposa, County,Mariposa County,2/28/2021,1,3947,1,702,0,3245,0,0,0,2631,1,666,0,3297,California
Mariposa, County,Mariposa County,3/1/2021,88,4035,26,728,62,3307,0,0,18,2581,68,734,18,3315,California
Mariposa, County,Mariposa County,3/2/2021,18,4053,11,739,7,3314,0,0,10,2584,7,741,10,3325,California
Mariposa, County,Mariposa County,3/3/2021,71,4124,5,744,66,3380,0,0,64,2643,6,747,65,3390,California
Mariposa, County,Mariposa County,3/4/2021,48,4172,11,755,37,3417,0,0,23,2643,25,772,25,3415,California
Mariposa, County,Mariposa County,3/5/2021,65,4237,10,765,55,3472,0,0,39,2665,26,798,48,3463,California
Mariposa, County,Mariposa County,3/6/2021,19,4256,9,774,10,3482,0,0,9,2665,10,808,10,3473,California
Mariposa, County,Mariposa County,3/7/2021,1,4257,1,775,0,3482,0,0,0,2664,1,809,0,3473,California
Mariposa, County,Mariposa County,3/8/2021,42,4299,4,779,27,3509,11,11,12,2657,30,839,23,3496,California
Mariposa, County,Mariposa County,3/9/2021,45,4344,17,796,18,3527,10,21,15,2652,30,869,25,3521,California
Mariposa, County,Mariposa County,3/10/2021,37,4381,12,808,15,3542,10,31,10,2646,26,895,20,3541,California
Mariposa, County,Mariposa County,3/11/2021,474,4855,8,816,445,3987,21,52,219,2635,254,1149,243,3784,California
Mariposa, County,Mariposa County,3/12/2021,262,5117,9,825,225,4212,28,80,114,2628,148,1297,141,3925,California
Mariposa, County,Mariposa County,3/13/2021,37,5154,8,833,14,4226,15,95,12,2629,25,1322,26,3951,California
Mariposa, County,Mariposa County,3/14/2021,18,5172,2,835,5,4231,11,106,2,2627,15,1337,13,3964,California
Mariposa, County,Mariposa County,3/15/2021,80,5252,10,845,31,4262,39,145,33,2650,47,1384,70,4034,California
Mariposa, County,Mariposa County,3/16/2021,84,5336,35,880,15,4277,34,179,25,2650,59,1443,59,4093,California
Mariposa, County,Mariposa County,3/17/2021,74,5410,11,891,55,4332,8,187,53,2690,21,1464,61,4154,California
Mariposa, County,Mariposa County,3/18/2021,68,5478,15,906,44,4376,9,196,41,2713,27,1491,50,4204,California
Mariposa, County,Mariposa County,3/19/2021,342,5820,14,920,321,4697,7,203,302,2983,40,1531,310,4514,California
Mariposa, County,Mariposa County,3/20/2021,433,6253,6,926,425,5122,2,205,35,2628,397,1928,42,4556,California
Mariposa, County,Mariposa County,3/21/2021,16,6269,8,934,7,5129,1,206,9,2632,6,1934,10,4566,California
Mariposa, County,Mariposa County,3/22/2021,42,6311,10,944,24,5153,8,214,29,2658,13,1947,39,4605,California
Mariposa, County,Mariposa County,3/23/2021,57,6368,37,981,10,5163,10,224,36,2683,21,1968,46,4651,California
Mariposa, County,Mariposa County,3/24/2021,59,6427,6,987,51,5214,2,226,52,2730,7,1975,54,4705,California
Mariposa, County,Mariposa County,3/25/2021,77,6504,16,1003,53,5267,8,234,53,2769,22,1997,61,4766,California
Mariposa, County,Mariposa County,3/26/2021,498,7002,10,1013,487,5754,1,235,244,2760,254,2251,245,5011,California
Mariposa, County,Mariposa County,3/27/2021,238,7240,9,1022,229,5983,0,235,87,2698,151,2402,89,5100,California
Mariposa, County,Mariposa County,3/28/2021,5,7245,0,1022,2,5985,3,238,1,2698,4,2406,4,5104,California
Mariposa, County,Mariposa County,3/29/2021,19,7264,5,1027,14,5999,0,238,11,2701,8,2414,11,5115,California
Mariposa, County,Mariposa County,3/30/2021,38,7302,13,1040,9,6008,16,254,15,2709,23,2437,31,5146,California
Mariposa, County,Mariposa County,3/31/2021,93,7395,15,1055,69,6077,9,263,69,2763,24,2461,78,5224,California
Mariposa, County,Mariposa County,4/1/2021,57,7452,12,1067,36,6113,9,272,35,2785,22,2483,44,5268,California
Mariposa, County,Mariposa County,4/2/2021,354,7806,15,1082,335,6448,4,276,309,3054,44,2527,313,5581,California
Mariposa, County,Mariposa County,4/3/2021,11,7817,8,1090,3,6451,0,276,6,3055,5,2532,6,5587,California
Mariposa, County,Mariposa County,4/4/2021,2,7819,1,1091,0,6451,1,277,0,3054,2,2534,1,5588,California
Mariposa, County,Mariposa County,4/5/2021,36,7855,23,1114,9,6460,4,281,16,3054,20,2554,20,5608,California
Mariposa, County,Mariposa County,4/6/2021,45,7900,20,1134,9,6469,16,297,14,3054,30,2584,30,5638,California
Mariposa, County,Mariposa County,4/7/2021,101,8001,9,1143,73,6542,19,316,30,3032,71,2655,49,5687,California
Mariposa, County,Mariposa County,4/8/2021,283,8284,16,1159,248,6790,19,335,147,3065,134,2789,167,5854,California
Mariposa, County,Mariposa County,4/9/2021,38,8322,8,1167,15,6805,15,350,9,3060,29,2818,24,5878,California
Mariposa, County,Mariposa County,4/10/2021,205,8527,7,1174,189,6994,9,359,190,3246,13,2831,199,6077,California
Mariposa, County,Mariposa County,4/11/2021,123,8650,3,1177,118,7112,2,361,58,3242,65,2896,61,6138,California
Mariposa, County,Mariposa County,4/12/2021,43,8693,14,1191,27,7139,2,363,13,3228,29,2925,15,6153,California
Mariposa, County,Mariposa County,4/13/2021,57,8750,49,1240,8,7147,0,363,34,3239,23,2948,34,6187,California
Mariposa, County,Mariposa County,4/14/2021,114,8864,9,1249,105,7252,0,363,58,3242,55,3003,58,6245,California
Mariposa, County,Mariposa County,4/15/2021,65,8929,21,1270,44,7296,0,363,45,3270,17,3020,45,6290,California
Mariposa, County,Mariposa County,4/16/2021,383,9312,15,1285,368,7664,0,363,106,3101,276,3296,107,6397,California
Mariposa, County,Mariposa County,4/17/2021,9,9321,5,1290,4,7668,0,363,7,3106,2,3298,7,6404,California
Mariposa, County,Mariposa County,4/18/2021,8,9329,0,1290,8,7676,0,363,3,3104,5,3303,3,6407,California
Mariposa, County,Mariposa County,4/19/2021,60,9389,27,1317,33,7709,0,363,32,3110,26,3329,32,6439,California
Mariposa, County,Mariposa County,4/20/2021,62,9451,48,1365,14,7723,0,363,37,3124,23,3352,37,6476,California
Mariposa, County,Mariposa County,4/21/2021,94,9545,15,1380,79,7802,0,363,42,3115,51,3403,42,6518,California
Mariposa, County,Mariposa County,4/22/2021,51,9596,11,1391,40,7842,0,363,38,3141,12,3415,38,6556,California
Mariposa, County,Mariposa County,4/23/2021,318,9914,73,1464,245,8087,0,363,145,3115,173,3588,147,6703,California
Mariposa, County,Mariposa County,4/24/2021,110,10024,10,1474,100,8187,0,363,42,3090,67,3655,42,6745,California
Mariposa, County,Mariposa County,4/25/2021,0,10024,0,1474,0,8187,0,363,0,3090,0,3655,0,6745,California
Mariposa, County,Mariposa County,4/26/2021,17,10041,12,1486,5,8192,0,363,6,3085,11,3666,6,6751,California
Mariposa, County,Mariposa County,4/27/2021,34,10075,17,1503,15,8207,2,365,15,3086,16,3682,17,6768,California
Mariposa, County,Mariposa County,4/28/2021,76,10151,14,1517,55,8262,7,372,27,3071,49,3731,34,6802,California
Mariposa, County,Mariposa County,4/29/2021,83,10234,12,1529,70,8332,1,373,78,3145,5,3736,79,6881,California
Mariposa, County,Mariposa County,4/30/2021,212,10446,5,1534,202,8534,5,378,62,3062,150,3886,67,6948,California
Mariposa, County,Mariposa County,5/1/2021,6,10452,4,1538,2,8536,0,378,1,3058,5,3891,1,6949,California
Mariposa, County,Mariposa County,5/2/2021,4,10456,2,1540,1,8537,1,379,0,3055,4,3895,1,6950,California
Mariposa, County,Mariposa County,5/3/2021,16,10472,12,1552,3,8540,1,380,7,3054,9,3904,8,6958,California
Mariposa, County,Mariposa County,5/4/2021,52,10524,31,1583,17,8557,4,384,37,3081,14,3918,41,6999,California
Mariposa, County,Mariposa County,5/5/2021,57,10581,9,1592,46,8603,2,386,18,3062,39,3957,20,7019,California
Mariposa, County,Mariposa County,5/6/2021,60,10641,38,1630,17,8620,5,391,41,3089,19,3976,46,7065,California
Mariposa, County,Mariposa County,5/7/2021,27,10668,8,1638,16,8636,3,394,12,3089,15,3991,15,7080,California
Mariposa, County,Mariposa County,5/8/2021,283,10951,7,1645,276,8912,0,394,32,2872,251,4242,34,7114,California
Mariposa, County,Mariposa County,5/9/2021,3,10954,1,1646,2,8914,0,394,0,2869,3,4245,0,7114,California
Mariposa, County,Mariposa County,5/10/2021,21,10975,10,1656,9,8923,2,396,4,2859,16,4261,6,7120,California
Mariposa, County,Mariposa County,5/11/2021,29,11004,17,1673,11,8934,1,397,21,2874,7,4268,22,7142,California
Mariposa, County,Mariposa County,5/12/2021,68,11072,4,1677,58,8992,6,403,6,2824,62,4330,12,7154,California
Mariposa, County,Mariposa County,5/13/2021,49,11121,8,1685,39,9031,2,405,13,2803,36,4366,15,7169,California
Mariposa, County,Mariposa County,5/14/2021,249,11370,121,1806,121,9152,7,412,118,2797,131,4497,125,7294,California
Mariposa, County,Mariposa County,5/15/2021,19,11389,9,1815,8,9160,2,414,11,2803,6,4503,12,7306,California
Mariposa, County,Mariposa County,5/16/2021,3,11392,1,1816,1,9161,1,415,1,2803,2,4505,2,7308,California
Mariposa, County,Mariposa County,5/17/2021,18,11410,7,1823,7,9168,4,419,7,2802,11,4516,10,7318,California
Mariposa, County,Mariposa County,5/18/2021,64,11474,43,1866,16,9184,5,424,46,2837,16,4532,51,7369,California
Mariposa, County,Mariposa County,5/19/2021,71,11545,32,1898,38,9222,1,425,52,2872,18,4550,53,7422,California
Mariposa, County,Mariposa County,5/20/2021,34,11579,18,1916,14,9236,2,427,13,2866,21,4571,15,7437,California
Mariposa, County,Mariposa County,5/21/2021,94,11673,9,1925,83,9319,2,429,43,2862,49,4620,45,7482,California
Mariposa, County,Mariposa County,5/22/2021,48,11721,7,1932,40,9359,1,430,18,2851,30,4650,19,7501,California
Mariposa, County,Mariposa County,5/23/2021,3,11724,2,1934,0,9359,1,431,2,2853,1,4651,3,7504,California
Mariposa, County,Mariposa County,5/24/2021,14,11738,8,1942,4,9363,2,433,8,2857,6,4657,10,7514,California
Mariposa, County,Mariposa County,5/25/2021,26,11764,16,1958,10,9373,0,433,18,2867,8,4665,18,7532,California
Mariposa, County,Mariposa County,5/26/2021,34,11798,4,1962,27,9400,3,436,28,2892,6,4671,31,7563,California
Mariposa, County,Mariposa County,5/27/2021,120,11918,64,2026,55,9455,1,437,62,2897,58,4729,63,7626,California
Mariposa, County,Mariposa County,5/28/2021,64,11982,4,2030,56,9511,4,441,23,2883,41,4770,27,7653,California
Mariposa, County,Mariposa County,5/29/2021,7,11989,1,2031,5,9516,1,442,3,2885,2,4772,4,7657,California
Mariposa, County,Mariposa County,5/30/2021,1,11990,0,2031,0,9516,1,443,0,2885,1,4773,1,7658,California
Mariposa, County,Mariposa County,5/31/2021,2,11992,0,2031,1,9517,1,444,0,2884,2,4775,1,7659,California
Mariposa, County,Mariposa County,6/1/2021,14,12006,3,2034,11,9528,0,444,5,2880,9,4784,5,7664,California
Mariposa, County,Mariposa County,6/2/2021,27,12033,14,2048,8,9536,5,449,7,2873,19,4803,12,7676,California
Mariposa, County,Mariposa County,6/3/2021,20,12053,10,2058,7,9543,3,452,7,2870,13,4816,10,7686,California
Mariposa, County,Mariposa County,6/4/2021,90,12143,80,2138,8,9551,2,454,27,2837,61,4877,28,7714,California
Mariposa, County,Mariposa County,6/5/2021,29,12172,3,2141,24,9575,2,456,7,2824,22,4899,9,7723,California
Mariposa, County,Mariposa County,6/6/2021,4,12176,3,2144,0,9575,1,457,1,2823,3,4902,2,7725,California
Mariposa, County,Mariposa County,6/7/2021,9,12185,4,2148,5,9580,0,457,3,2821,5,4907,3,7728,California
Mariposa, County,Mariposa County,6/8/2021,48,12233,34,2182,12,9592,2,459,16,2807,32,4939,18,7746,California
Mariposa, County,Mariposa County,6/9/2021,28,12261,21,2203,2,9594,5,464,6,2796,22,4961,11,7757,California
Mariposa, County,Mariposa County,6/10/2021,16,12277,8,2211,5,9599,3,467,6,2796,10,4971,10,7767,California
Mariposa, County,Mariposa County,6/11/2021,44,12321,13,2224,23,9622,8,475,10,2780,34,5005,18,7785,California
Mariposa, County,Mariposa County,6/12/2021,17,12338,11,2235,5,9627,1,476,3,2769,14,5019,3,7788,California
Mariposa, County,Mariposa County,6/13/2021,1,12339,0,2235,0,9627,1,477,0,2769,1,5020,1,7789,California
Mariposa, County,Mariposa County,6/14/2021,13,12352,4,2239,8,9635,1,478,5,2767,8,5028,6,7795,California
Mariposa, County,Mariposa County,6/15/2021,24,12376,12,2251,11,9646,1,479,7,2758,17,5045,8,7803,California
Mariposa, County,Mariposa County,6/16/2021,28,12404,12,2263,15,9661,1,480,8,2747,20,5065,9,7812,California
Mariposa, County,Mariposa County,6/17/2021,12,12416,6,2269,6,9667,0,480,4,2743,8,5073,4,7816,California
Mariposa, County,Mariposa County,6/18/2021,68,12484,49,2318,16,9683,3,483,33,2744,34,5107,35,7851,California
Mariposa, County,Mariposa County,6/19/2021,18,12502,5,2323,13,9696,0,483,6,2738,12,5119,6,7857,California
Mariposa, County,Mariposa County,6/20/2021,1,12503,1,2324,0,9696,0,483,1,2739,0,5119,1,7858,California
Mariposa, County,Mariposa County,6/21/2021,11,12514,4,2328,7,9703,0,483,7,2743,3,5122,7,7865,California
Mariposa, County,Mariposa County,6/22/2021,24,12538,10,2338,11,9714,3,486,14,2750,10,5132,17,7882,California
Mariposa, County,Mariposa County,6/23/2021,9,12547,3,2341,3,9717,3,489,5,2754,4,5136,8,7890,California
Mariposa, County,Mariposa County,6/24/2021,12,12559,5,2346,7,9724,0,489,6,2754,6,5142,6,7896,California
Mariposa, County,Mariposa County,6/25/2021,51,12610,23,2369,27,9751,1,490,18,2741,32,5174,19,7915,California
Mariposa, County,Mariposa County,6/26/2021,1,12611,1,2370,0,9751,0,490,0,2740,1,5175,0,7915,California
Mariposa, County,Mariposa County,6/27/2021,1,12612,0,2370,0,9751,1,491,0,2740,1,5176,1,7916,California
Mariposa, County,Mariposa County,6/28/2021,3,12615,3,2373,0,9751,0,491,3,2743,0,5176,3,7919,California
Mariposa, County,Mariposa County,6/29/2021,7,12622,3,2376,3,9754,1,492,3,2743,4,5180,4,7923,California
Mariposa, County,Mariposa County,6/30/2021,2,12624,0,2376,1,9755,1,493,0,2742,2,5182,1,7924,California
Mariposa, County,Mariposa County,7/1/2021,22,12646,17,2393,3,9758,2,495,9,2740,13,5195,11,7935,California
Mariposa, County,Mariposa County,7/2/2021,4,12650,4,2397,0,9758,0,495,2,2741,1,5196,2,7937,California
Mariposa, County,Mariposa County,7/3/2021,0,12650,0,2397,0,9758,0,495,0,2741,0,5196,0,7937,California
Mariposa, County,Mariposa County,7/4/2021,0,12650,0,2397,0,9758,0,495,0,2741,0,5196,0,7937,California
Mariposa, County,Mariposa County,7/5/2021,4,12654,1,2398,2,9760,1,496,1,2740,3,5199,2,7939,California
Mariposa, County,Mariposa County,7/6/2021,12,12666,3,2401,3,9763,6,502,2,2738,10,5209,8,7947,California
Mariposa, County,Mariposa County,7/7/2021,14,12680,12,2413,1,9764,1,503,8,2741,6,5215,9,7956,California
Mariposa, County,Mariposa County,7/8/2021,31,12711,19,2432,10,9774,2,505,14,2740,17,5232,16,7972,California
Mariposa, County,Mariposa County,7/9/2021,5,12716,3,2435,0,9774,2,507,1,2739,4,5236,3,7975,California
Mariposa, County,Mariposa County,7/10/2021,2,12718,1,2436,0,9774,1,508,1,2740,1,5237,2,7977,California
Mariposa, County,Mariposa County,7/11/2021,0,12718,0,2436,0,9774,0,508,0,2740,0,5237,0,7977,California
Mariposa, County,Mariposa County,7/12/2021,12,12730,8,2444,4,9778,0,508,6,2740,6,5243,6,7983,California
Mariposa, County,Mariposa County,7/13/2021,3,12733,3,2447,0,9778,0,508,2,2741,1,5244,2,7985,California
Mariposa, County,Mariposa County,7/14/2021,11,12744,4,2451,6,9784,1,509,4,2739,7,5251,5,7990,California
Mariposa, County,Mariposa County,7/15/2021,25,12769,13,2464,10,9794,2,511,8,2732,17,5268,10,8000,California
Mariposa, County,Mariposa County,7/16/2021,4,12773,2,2466,2,9796,0,511,3,2734,1,5269,3,8003,California
Mariposa, County,Mariposa County,7/17/2021,3,12776,2,2468,1,9797,0,511,2,2735,1,5270,2,8005,California
Mariposa, County,Mariposa County,7/18/2021,4,12780,4,2472,0,9797,0,511,3,2737,1,5271,3,8008,California
Mariposa, County,Mariposa County,7/19/2021,9,12789,2,2474,7,9804,0,511,5,2738,4,5275,5,8013,California
Mariposa, County,Mariposa County,7/20/2021,9,12798,4,2478,5,9809,0,511,4,2738,4,5279,4,8017,California
Mariposa, County,Mariposa County,7/21/2021,11,12809,3,2481,6,9815,2,513,7,2743,4,5283,9,8026,California
Mariposa, County,Mariposa County,7/22/2021,22,12831,13,2494,8,9823,1,514,13,2748,9,5292,14,8040,California
Mariposa, County,Mariposa County,7/23/2021,5,12836,4,2498,1,9824,0,514,2,2747,3,5295,2,8042,California
Mariposa, County,Mariposa County,7/24/2021,2,12838,1,2499,1,9825,0,514,2,2749,0,5295,2,8044,California
Mariposa, County,Mariposa County,7/25/2021,0,12838,0,2499,0,9825,0,514,0,2749,0,5295,0,8044,California
Mariposa, County,Mariposa County,7/26/2021,5,12843,2,2501,2,9827,1,515,3,2751,2,5297,4,8048,California
Mariposa, County,Mariposa County,7/27/2021,15,12858,11,2512,3,9830,1,516,12,2761,3,5300,13,8061,California
Mariposa, County,Mariposa County,7/28/2021,8,12866,5,2517,3,9833,0,516,4,2761,4,5304,4,8065,California
Mariposa, County,Mariposa County,7/29/2021,40,12906,27,2544,11,9844,2,518,32,2789,5,5309,33,8098,California
Mariposa, County,Mariposa County,7/30/2021,9,12915,6,2550,2,9846,1,519,7,2795,2,5311,8,8106,California
Mariposa, County,Mariposa County,7/31/2021,9,12924,7,2557,0,9846,2,521,7,2802,2,5313,9,8115,California
Mariposa, County,Mariposa County,8/1/2021,2,12926,0,2557,1,9847,1,522,0,2801,2,5315,1,8116,California
Mariposa, County,Mariposa County,8/2/2021,8,12934,4,2561,3,9850,1,523,5,2804,3,5318,6,8122,California
Mariposa, County,Mariposa County,8/3/2021,3,12937,1,2562,1,9851,1,524,1,2804,2,5320,2,8124,California
Mariposa, County,Mariposa County,8/4/2021,12,12949,4,2566,6,9857,2,526,9,2812,3,5323,11,8135,California
Mariposa, County,Mariposa County,8/5/2021,45,12994,24,2590,13,9870,8,534,27,2830,16,5339,34,8169,California
Mariposa, County,Mariposa County,8/6/2021,8,13002,5,2595,3,9873,0,534,8,2838,0,5339,8,8177,California
Mariposa, County,Mariposa County,8/7/2021,4,13006,1,2596,3,9876,0,534,3,2840,1,5340,3,8180,California
Mariposa, County,Mariposa County,8/8/2021,7,13013,3,2599,2,9878,2,536,1,2837,6,5346,3,8183,California
Mariposa, County,Mariposa County,8/9/2021,2,13015,1,2600,0,9878,1,537,1,2838,1,5347,2,8185,California
Mariposa, County,Mariposa County,8/10/2021,0,13015,0,2600,0,9878,0,537,0,2838,0,5347,0,8185,California
Mendocino, County,Mendocino County,12/15/2020,0,0,0,0,0,0,0,0,0,0,0,0,0,0,California
Mendocino, County,Mendocino County,12/16/2020,0,0,0,0,0,0,0,0,0,0,0,0,0,0,California
Mendocino, County,Mendocino County,12/17/2020,70,70,70,70,0,0,0,0,70,70,0,0,70,70,California
Mendocino, County,Mendocino County,12/18/2020,84,154,83,153,1,1,0,0,83,153,0,0,83,153,California
Mendocino, County,Mendocino County,12/19/2020,3,157,3,156,0,1,0,0,3,156,0,0,3,156,California
Mendocino, County,Mendocino County,12/20/2020,9,166,9,165,0,1,0,0,9,165,0,0,9,165,California
Mendocino, County,Mendocino County,12/21/2020,234,400,234,399,0,1,0,0,77,242,0,0,77,242,California
Mendocino, County,Mendocino County,12/22/2020,256,656,195,594,61,62,0,0,256,498,0,0,256,498,California
Mendocino, County,Mendocino County,12/23/2020,272,928,47,641,225,287,0,0,271,769,0,0,271,769,California
Mendocino, County,Mendocino County,12/24/2020,48,976,8,649,40,327,0,0,48,817,0,0,48,817,California
Mendocino, County,Mendocino County,12/25/2020,1,977,0,649,1,328,0,0,1,818,0,0,1,818,California
Mendocino, County,Mendocino County,12/26/2020,2,979,2,651,0,328,0,0,2,820,0,0,2,820,California
Mendocino, County,Mendocino County,12/27/2020,1,980,0,651,1,329,0,0,1,821,0,0,1,821,California
Mendocino, County,Mendocino County,12/28/2020,74,1054,9,660,65,394,0,0,74,895,0,0,74,895,California
Mendocino, County,Mendocino County,12/29/2020,122,1176,62,722,60,454,0,0,122,1017,0,0,122,1017,California
Mendocino, County,Mendocino County,12/30/2020,124,1300,69,791,55,509,0,0,124,1141,0,0,124,1141,California
Mendocino, County,Mendocino County,12/31/2020,132,1432,97,888,35,544,0,0,132,1273,0,0,132,1273,California
Mendocino, County,Mendocino County,1/1/2021,15,1447,8,896,7,551,0,0,15,1288,0,0,15,1288,California
Mendocino, County,Mendocino County,1/2/2021,1,1448,1,897,0,551,0,0,1,1289,0,0,1,1289,California
Mendocino, County,Mendocino County,1/3/2021,0,1448,0,897,0,551,0,0,0,1289,0,0,0,1289,California
Mendocino, County,Mendocino County,1/4/2021,839,2287,18,915,821,1372,0,0,839,2128,0,0,839,2128,California
Mendocino, County,Mendocino County,1/5/2021,73,2360,37,952,36,1408,0,0,60,2175,13,13,60,2188,California
Mendocino, County,Mendocino County,1/6/2021,156,2516,134,1086,22,1430,0,0,147,2313,9,22,147,2335,California
Mendocino, County,Mendocino County,1/7/2021,377,2893,243,1329,134,1564,0,0,314,2564,63,85,314,2649,California
Mendocino, County,Mendocino County,1/8/2021,95,2988,81,1410,14,1578,0,0,42,2554,53,138,43,2692,California
Mendocino, County,Mendocino County,1/9/2021,11,2999,7,1417,4,1582,0,0,9,2561,2,140,9,2701,California
Mendocino, County,Mendocino County,1/10/2021,9,3008,8,1425,1,1583,0,0,1,2554,8,148,1,2702,California
Mendocino, County,Mendocino County,1/11/2021,108,3116,94,1519,14,1597,0,0,50,2547,57,205,50,2752,California
Mendocino, County,Mendocino County,1/12/2021,394,3510,384,1903,10,1607,0,0,274,2701,120,325,274,3026,California
Mendocino, County,Mendocino County,1/13/2021,500,4010,153,2056,347,1954,0,0,452,3108,46,371,453,3479,California
Mendocino, County,Mendocino County,1/14/2021,674,4684,26,2082,648,2602,0,0,661,3756,13,384,661,4140,California
Mendocino, County,Mendocino County,1/15/2021,1884,6568,871,2953,1013,3615,0,0,1877,5629,5,389,1878,6018,California
Mendocino, County,Mendocino County,1/16/2021,788,7356,48,3001,740,4355,0,0,785,6411,3,392,785,6803,California
Mendocino, County,Mendocino County,1/17/2021,557,7913,1,3002,556,4911,0,0,556,6966,1,393,556,7359,California
Mendocino, County,Mendocino County,1/18/2021,487,8400,462,3464,25,4936,0,0,475,7429,12,405,475,7834,California
Mendocino, County,Mendocino County,1/19/2021,335,8735,150,3614,185,5121,0,0,153,7400,182,587,153,7987,California
Mendocino, County,Mendocino County,1/20/2021,561,9296,410,4024,151,5272,0,0,453,7748,106,693,454,8441,California
Mendocino, County,Mendocino County,1/21/2021,536,9832,226,4250,310,5582,0,0,350,7913,185,878,350,8791,California
Mendocino, County,Mendocino County,1/22/2021,155,9987,61,4311,94,5676,0,0,115,7988,40,918,115,8906,California
Mendocino, County,Mendocino County,1/23/2021,155,10142,84,4395,71,5747,0,0,149,8131,6,924,149,9055,California
Mendocino, County,Mendocino County,1/24/2021,4,10146,2,4397,2,5749,0,0,4,8135,0,924,4,9059,California
Mendocino, County,Mendocino County,1/25/2021,210,10356,18,4415,192,5941,0,0,140,8205,70,994,140,9199,California
Mendocino, County,Mendocino County,1/26/2021,155,10511,55,4470,100,6041,0,0,95,8240,60,1054,95,9294,California
Mendocino, County,Mendocino County,1/27/2021,446,10957,373,4843,73,6114,0,0,174,8149,265,1319,174,9468,California
Mendocino, County,Mendocino County,1/28/2021,603,11560,539,5382,64,6178,0,0,507,8561,95,1414,507,9975,California
Mendocino, County,Mendocino County,1/29/2021,398,11958,353,5735,45,6223,0,0,368,8900,30,1444,369,10344,California
Mendocino, County,Mendocino County,1/30/2021,52,12010,33,5768,19,6242,0,0,44,8936,8,1452,44,10388,California
Mendocino, County,Mendocino County,1/31/2021,278,12288,2,5770,276,6518,0,0,4,8666,274,1726,4,10392,California
Mendocino, County,Mendocino County,2/1/2021,386,12674,56,5826,330,6848,0,0,63,8406,323,2049,63,10455,California
Mendocino, County,Mendocino County,2/2/2021,754,13428,533,6359,221,7069,0,0,390,8432,364,2413,390,10845,California
Mendocino, County,Mendocino County,2/3/2021,402,13830,210,6569,192,7261,0,0,229,8490,171,2584,229,11074,California
Mendocino, County,Mendocino County,2/4/2021,631,14461,535,7104,96,7357,0,0,502,8863,129,2713,502,11576,California
Mendocino, County,Mendocino County,2/5/2021,1322,15783,1218,8322,104,7461,0,0,590,8723,730,3443,590,12166,California
Mendocino, County,Mendocino County,2/6/2021,549,16332,152,8474,397,7858,0,0,534,9242,15,3458,534,12700,California
Mendocino, County,Mendocino County,2/7/2021,33,16365,29,8503,4,7862,0,0,33,9275,0,3458,33,12733,California
Mendocino, County,Mendocino County,2/8/2021,750,17115,718,9221,32,7894,0,0,284,9094,465,3923,284,13017,California
Mendocino, County,Mendocino County,2/9/2021,142,17257,60,9281,82,7976,0,0,88,9128,54,3977,88,13105,California
Mendocino, County,Mendocino County,2/10/2021,1492,18749,926,10207,566,8542,0,0,740,9124,744,4721,740,13845,California
Mendocino, County,Mendocino County,2/11/2021,1228,19977,209,10416,1019,9561,0,0,299,8494,929,5650,299,14144,California
Mendocino, County,Mendocino County,2/12/2021,1463,21440,160,10576,1303,10864,0,0,664,8360,798,6448,664,14808,California
Mendocino, County,Mendocino County,2/13/2021,564,22004,16,10592,548,11412,0,0,161,8124,402,6850,166,14974,California
Mendocino, County,Mendocino County,2/14/2021,703,22707,5,10597,698,12110,0,0,137,7695,566,7416,137,15111,California
Mendocino, County,Mendocino County,2/15/2021,333,23040,41,10638,292,12402,0,0,174,7711,158,7574,174,15285,California
Mendocino, County,Mendocino County,2/16/2021,199,23239,53,10691,146,12548,0,0,128,7768,71,7645,128,15413,California
Mendocino, County,Mendocino County,2/17/2021,1379,24618,1213,11904,166,12714,0,0,885,8161,492,8137,885,16298,California
Mendocino, County,Mendocino County,2/18/2021,1833,26451,692,12596,1141,13855,0,0,1237,8804,594,8731,1237,17535,California
Mendocino, County,Mendocino County,2/19/2021,776,27227,154,12750,622,14477,0,0,629,9288,147,8878,631,18166,California
Mendocino, County,Mendocino County,2/20/2021,620,27847,576,13326,44,14521,0,0,578,9827,39,8917,578,18744,California
Mendocino, County,Mendocino County,2/21/2021,328,28175,9,13335,319,14840,0,0,315,10130,12,8929,315,19059,California
Mendocino, County,Mendocino County,2/22/2021,206,28381,33,13368,173,15013,0,0,101,10128,103,9032,101,19160,California
Mendocino, County,Mendocino County,2/23/2021,886,29267,872,14240,14,15027,0,0,663,10570,221,9253,663,19823,California
Mendocino, County,Mendocino County,2/24/2021,1888,31155,1802,16042,86,15113,0,0,1452,11595,429,9682,1454,21277,California
Mendocino, County,Mendocino County,2/25/2021,1732,32887,555,16597,1177,16290,0,0,1296,12458,433,10115,1296,22573,California
Mendocino, County,Mendocino County,2/26/2021,1461,34348,779,17376,682,16972,0,0,1077,13154,381,10496,1077,23650,California
Mendocino, County,Mendocino County,2/27/2021,200,34548,144,17520,56,17028,0,0,79,13114,119,10615,79,23729,California
Mendocino, County,Mendocino County,2/28/2021,35,34583,13,17533,22,17050,0,0,24,13127,11,10626,24,23753,California
Mendocino, County,Mendocino County,3/1/2021,604,35187,555,18088,49,17099,0,0,559,13645,41,10667,559,24312,California
Mendocino, County,Mendocino County,3/2/2021,76,35263,27,18115,49,17148,0,0,42,13653,34,10701,42,24354,California
Mendocino, County,Mendocino County,3/3/2021,2048,37311,1339,19454,709,17857,0,0,1387,14383,657,11358,1387,25741,California
Mendocino, County,Mendocino County,3/4/2021,1877,39188,155,19609,1722,19579,0,0,1654,15819,220,11578,1656,27397,California
Mendocino, County,Mendocino County,3/5/2021,478,39666,416,20025,53,19632,9,9,375,16104,99,11677,384,27781,California
Mendocino, County,Mendocino County,3/6/2021,252,39918,27,20052,196,19828,29,38,206,16294,45,11722,235,28016,California
Mendocino, County,Mendocino County,3/7/2021,531,40449,29,20081,480,20308,22,60,140,16064,390,12112,160,28176,California
Mendocino, County,Mendocino County,3/8/2021,124,40573,28,20109,58,20366,38,98,64,16108,58,12170,102,28278,California
Mendocino, County,Mendocino County,3/9/2021,938,41511,601,20710,297,20663,40,138,829,16869,108,12278,869,29147,California
Mendocino, County,Mendocino County,3/10/2021,1150,42661,986,21696,101,20764,63,201,267,16325,877,13155,333,29480,California
Mendocino, County,Mendocino County,3/11/2021,856,43517,636,22332,166,20930,54,255,396,16318,456,13611,449,29929,California
Mendocino, County,Mendocino County,3/12/2021,2158,45675,1061,23393,984,21914,113,368,1289,16857,863,14474,1402,31331,California
Mendocino, County,Mendocino County,3/13/2021,766,46441,573,23966,134,22048,59,427,131,16417,630,15104,190,31521,California
Mendocino, County,Mendocino County,3/14/2021,106,46547,4,23970,95,22143,7,434,12,16346,90,15194,19,31540,California
Mendocino, County,Mendocino County,3/15/2021,612,47159,52,24022,502,22645,58,492,218,16230,391,15585,275,31815,California
Mendocino, County,Mendocino County,3/16/2021,583,47742,388,24410,149,22794,46,538,114,15923,467,16052,160,31975,California
Mendocino, County,Mendocino County,3/17/2021,1592,49334,1392,25802,54,22848,146,684,204,14901,1379,17431,357,32332,California
Mendocino, County,Mendocino County,3/18/2021,1306,50640,248,26050,1022,23870,36,720,270,14178,1028,18459,305,32637,California
Mendocino, County,Mendocino County,3/19/2021,1858,52498,856,26906,943,24813,59,779,353,13094,1497,19956,413,33050,California
Mendocino, County,Mendocino County,3/20/2021,73,52571,12,26918,40,24853,21,800,15,13073,58,20014,37,33087,California
Mendocino, County,Mendocino County,3/21/2021,9,52580,1,26919,3,24856,5,805,4,13077,5,20019,9,33096,California
Mendocino, County,Mendocino County,3/22/2021,662,53242,617,27536,16,24872,29,834,141,12730,516,20535,169,33265,California
Mendocino, County,Mendocino County,3/23/2021,166,53408,36,27572,101,24973,29,863,115,12824,50,20585,144,33409,California
Mendocino, County,Mendocino County,3/24/2021,916,54324,845,28417,22,24995,49,912,104,12168,809,21394,153,33562,California
Mendocino, County,Mendocino County,3/25/2021,2031,56355,54,28471,1957,26952,20,932,166,10495,1857,23251,184,33746,California
Mendocino, County,Mendocino County,3/26/2021,547,56902,395,28866,126,27078,26,958,110,10195,436,23687,136,33882,California
Mendocino, County,Mendocino County,3/27/2021,166,57068,34,28900,120,27198,12,970,81,10203,84,23771,92,33974,California
Mendocino, County,Mendocino County,3/28/2021,25,57093,5,28905,16,27214,4,974,3,10189,21,23792,7,33981,California
Mendocino, County,Mendocino County,3/29/2021,192,57285,100,29005,48,27262,44,1018,96,10234,95,23887,140,34121,California
Mendocino, County,Mendocino County,3/30/2021,722,58007,636,29641,48,27310,38,1056,103,9760,615,24502,141,34262,California
Mendocino, County,Mendocino County,3/31/2021,923,58930,283,29924,579,27889,61,1117,154,9209,766,25268,215,34477,California
Mendocino, County,Mendocino County,4/1/2021,1754,60684,423,30347,1251,29140,80,1197,378,8300,1366,26634,457,34934,California
Mendocino, County,Mendocino County,4/2/2021,1312,61996,1079,31426,159,29299,74,1271,152,7369,1157,27791,226,35160,California
Mendocino, County,Mendocino County,4/3/2021,713,62709,12,31438,680,29979,21,1292,70,6822,638,28429,91,35251,California
Mendocino, County,Mendocino County,4/4/2021,71,62780,36,31474,29,30008,6,1298,52,6861,19,28448,58,35309,California
Mendocino, County,Mendocino County,4/5/2021,209,62989,141,31615,44,30052,24,1322,123,6919,86,28534,144,35453,California
Mendocino, County,Mendocino County,4/6/2021,397,63386,125,31740,178,30230,94,1416,110,6836,287,28821,204,35657,California
Mendocino, County,Mendocino County,4/7/2021,493,63879,181,31921,65,30295,247,1663,116,6823,374,29195,361,36018,California
Mendocino, County,Mendocino County,4/8/2021,1507,65386,927,32848,466,30761,114,1777,1015,7467,484,29679,1128,37146,California
Mendocino, County,Mendocino County,4/9/2021,770,66156,433,33281,174,30935,163,1940,402,7664,368,30047,565,37711,California
Mendocino, County,Mendocino County,4/10/2021,542,66698,94,33375,402,31337,46,1986,148,7464,394,30441,194,37905,California
Mendocino, County,Mendocino County,4/11/2021,120,66818,47,33422,19,31356,54,2040,59,7516,61,30502,113,38018,California
Mendocino, County,Mendocino County,4/12/2021,627,67445,520,33942,47,31403,60,2100,411,7772,215,30717,471,38489,California
Mendocino, County,Mendocino County,4/13/2021,295,67740,233,34175,62,31465,0,2100,224,7925,71,30788,224,38713,California
Mendocino, County,Mendocino County,4/14/2021,523,68263,435,34610,88,31553,0,2100,426,8254,97,30885,426,39139,California
Mendocino, County,Mendocino County,4/15/2021,669,68932,333,34943,335,31888,1,2101,390,8371,273,31158,390,39529,California
Mendocino, County,Mendocino County,4/16/2021,195,69127,53,34996,141,32029,1,2102,91,8359,103,31261,91,39620,California
Mendocino, County,Mendocino County,4/17/2021,198,69325,12,35008,186,32215,0,2102,66,8295,130,31391,66,39686,California
Mendocino, County,Mendocino County,4/18/2021,14,69339,6,35014,8,32223,0,2102,7,8297,5,31396,7,39693,California
Mendocino, County,Mendocino County,4/19/2021,543,69882,517,35531,25,32248,1,2103,429,8615,112,31508,430,40123,California
Mendocino, County,Mendocino County,4/20/2021,428,70310,295,35826,133,32381,0,2103,267,8723,159,31667,267,40390,California
Mendocino, County,Mendocino County,4/21/2021,196,70506,138,35964,57,32438,1,2104,117,8763,77,31744,117,40507,California
Mendocino, County,Mendocino County,4/22/2021,488,70994,318,36282,169,32607,1,2105,315,8910,168,31912,315,40822,California
Mendocino, County,Mendocino County,4/23/2021,865,71859,706,36988,159,32766,0,2105,703,9455,158,32070,703,41525,California
Mendocino, County,Mendocino County,4/24/2021,110,71969,15,37003,95,32861,0,2105,100,9545,10,32080,100,41625,California
Mendocino, County,Mendocino County,4/25/2021,58,72027,35,37038,19,32880,4,2109,19,9530,38,32118,23,41648,California
Mendocino, County,Mendocino County,4/26/2021,317,72344,244,37282,68,32948,5,2114,206,9632,109,32227,211,41859,California
Mendocino, County,Mendocino County,4/27/2021,209,72553,93,37375,90,33038,26,2140,97,9643,111,32338,122,41981,California
Mendocino, County,Mendocino County,4/28/2021,230,72783,152,37527,59,33097,19,2159,131,9696,98,32436,151,42132,California
Mendocino, County,Mendocino County,4/29/2021,1164,73947,858,38385,290,33387,16,2175,104,8762,1053,33489,119,42251,California
Mendocino, County,Mendocino County,4/30/2021,608,74555,384,38769,215,33602,9,2184,226,8617,380,33869,235,42486,California
Mendocino, County,Mendocino County,5/1/2021,492,75047,443,39212,41,33643,8,2192,381,8898,108,33977,389,42875,California
Mendocino, County,Mendocino County,5/2/2021,57,75104,47,39259,7,33650,3,2195,8,8862,47,34024,11,42886,California
Mendocino, County,Mendocino County,5/3/2021,149,75253,88,39347,39,33689,22,2217,42,8822,104,34128,64,42950,California
Mendocino, County,Mendocino County,5/4/2021,384,75637,258,39605,94,33783,32,2249,145,8761,238,34366,177,43127,California
Mendocino, County,Mendocino County,5/5/2021,893,76530,804,40409,74,33857,15,2264,226,8335,665,35031,239,43366,California
Mendocino, County,Mendocino County,5/6/2021,644,77174,391,40800,231,34088,22,2286,159,8033,483,35514,181,43547,California
Mendocino, County,Mendocino County,5/7/2021,186,77360,33,40833,128,34216,25,2311,119,8110,66,35580,143,43690,California
Mendocino, County,Mendocino County,5/8/2021,129,77489,7,40840,121,34337,1,2312,112,8208,15,35595,113,43803,California
Mendocino, County,Mendocino County,5/9/2021,24,77513,8,40848,15,34352,1,2313,6,8198,17,35612,7,43810,California
Mendocino, County,Mendocino County,5/10/2021,240,77753,160,41008,75,34427,5,2318,149,8261,91,35703,154,43964,California
Mendocino, County,Mendocino County,5/11/2021,278,78031,143,41151,118,34545,17,2335,130,8260,146,35849,145,44109,California
Mendocino, County,Mendocino County,5/12/2021,145,78176,82,41233,53,34598,10,2345,46,8219,97,35946,56,44165,California
Mendocino, County,Mendocino County,5/13/2021,1248,79424,1130,42363,101,34699,17,2362,323,7635,924,36870,340,44505,California
Mendocino, County,Mendocino County,5/14/2021,719,80143,489,42852,166,34865,64,2426,247,7479,467,37337,311,44816,California
Mendocino, County,Mendocino County,5/15/2021,154,80297,29,42881,121,34986,4,2430,60,7451,92,37429,64,44880,California
Mendocino, County,Mendocino County,5/16/2021,116,80413,103,42984,11,34997,2,2432,98,7535,17,37446,101,44981,California
Mendocino, County,Mendocino County,5/17/2021,178,80591,87,43071,75,35072,16,2448,102,7577,76,37522,118,45099,California
Mendocino, County,Mendocino County,5/18/2021,251,80842,121,43192,99,35171,31,2479,108,7573,142,37664,138,45237,California
Mendocino, County,Mendocino County,5/19/2021,332,81174,192,43384,119,35290,21,2500,244,7753,85,37749,265,45502,California
Mendocino, County,Mendocino County,5/20/2021,305,81479,120,43504,140,35430,45,2545,108,7713,193,37942,153,45655,California
Mendocino, County,Mendocino County,5/21/2021,656,82135,476,43980,165,35595,15,2560,510,8093,145,38087,525,46180,California
Mendocino, County,Mendocino County,5/22/2021,797,82932,687,44667,102,35697,8,2568,242,7790,553,38640,250,46430,California
Mendocino, County,Mendocino County,5/23/2021,29,82961,12,44679,10,35707,7,2575,15,7798,13,38653,21,46451,California
Mendocino, County,Mendocino County,5/24/2021,129,83090,45,44724,63,35770,21,2596,60,7811,68,38721,81,46532,California
Mendocino, County,Mendocino County,5/25/2021,300,83390,179,44903,89,35859,32,2628,134,7812,164,38885,165,46697,California
Mendocino, County,Mendocino County,5/26/2021,327,83717,247,45150,68,35927,12,2640,133,7764,193,39078,145,46842,California
Mendocino, County,Mendocino County,5/27/2021,258,83975,112,45262,120,36047,26,2666,110,7753,146,39224,135,46977,California
Mendocino, County,Mendocino County,5/28/2021,235,84210,96,45358,126,36173,13,2679,151,7836,82,39306,165,47142,California
Mendocino, County,Mendocino County,5/29/2021,49,84259,16,45374,28,36201,5,2684,24,7841,24,39330,29,47171,California
Mendocino, County,Mendocino County,5/30/2021,17,84276,2,45376,14,36215,1,2685,12,7849,5,39335,13,47184,California
Mendocino, County,Mendocino County,5/31/2021,8,84284,1,45377,6,36221,1,2686,2,7849,3,39338,3,47187,California
Mendocino, County,Mendocino County,6/1/2021,320,84604,104,45481,207,36428,9,2695,85,7709,234,39572,94,47281,California
Mendocino, County,Mendocino County,6/2/2021,157,84761,59,45540,90,36518,8,2703,53,7670,101,39673,62,47343,California
Mendocino, County,Mendocino County,6/3/2021,562,85323,457,45997,92,36610,13,2716,122,7372,433,40106,135,47478,California
Mendocino, County,Mendocino County,6/4/2021,328,85651,192,46189,113,36723,23,2739,94,7256,233,40339,117,47595,California
Mendocino, County,Mendocino County,6/5/2021,229,85880,96,46285,115,36838,18,2757,74,7195,153,40492,92,47687,California
Mendocino, County,Mendocino County,6/6/2021,64,85944,58,46343,3,36841,3,2760,2,7138,62,40554,5,47692,California
Mendocino, County,Mendocino County,6/7/2021,149,86093,73,46416,63,36904,13,2773,58,7118,91,40645,71,47763,California
Mendocino, County,Mendocino County,6/8/2021,240,86333,139,46555,88,36992,13,2786,108,7112,127,40772,121,47884,California
Mendocino, County,Mendocino County,6/9/2021,309,86642,249,46804,50,37042,10,2796,105,7024,203,40975,115,47999,California
Mendocino, County,Mendocino County,6/10/2021,132,86774,71,46875,45,37087,16,2812,58,7024,74,41049,74,48073,California
Mendocino, County,Mendocino County,6/11/2021,774,87548,589,47464,158,37245,27,2839,129,6539,641,41690,156,48229,California
Mendocino, County,Mendocino County,6/12/2021,77,87625,53,47517,18,37263,6,2845,27,6523,49,41739,33,48262,California
Mendocino, County,Mendocino County,6/13/2021,29,87654,16,47533,11,37274,2,2847,15,6527,13,41752,17,48279,California
Mendocino, County,Mendocino County,6/14/2021,131,87785,59,47592,53,37327,19,2866,49,6513,81,41833,67,48346,California
Mendocino, County,Mendocino County,6/15/2021,260,88045,168,47760,73,37400,19,2885,84,6440,176,42009,103,48449,California
Mendocino, County,Mendocino County,6/16/2021,274,88319,174,47934,80,37480,20,2905,71,6330,201,42210,91,48540,California
Mendocino, County,Mendocino County,6/17/2021,171,88490,89,48023,61,37541,21,2926,55,6290,116,42326,76,48616,California
Mendocino, County,Mendocino County,6/18/2021,295,88785,128,48151,137,37678,30,2956,88,6202,205,42531,117,48733,California
Mendocino, County,Mendocino County,6/19/2021,76,88861,43,48194,26,37704,7,2963,17,6167,59,42590,24,48757,California
Mendocino, County,Mendocino County,6/20/2021,12,88873,4,48198,4,37708,4,2967,7,6173,5,42595,11,48768,California
Mendocino, County,Mendocino County,6/21/2021,99,88972,35,48233,54,37762,10,2977,43,6172,54,42649,53,48821,California
Mendocino, County,Mendocino County,6/22/2021,133,89105,86,48319,34,37796,13,2990,56,6166,75,42724,69,48890,California
Mendocino, County,Mendocino County,6/23/2021,229,89334,162,48481,37,37833,30,3020,102,6172,126,42850,132,49022,California
Mendocino, County,Mendocino County,6/24/2021,213,89547,110,48591,87,37920,16,3036,81,6137,132,42982,97,49119,California
Mendocino, County,Mendocino County,6/25/2021,190,89737,99,48690,79,37999,12,3048,77,6114,112,43094,89,49208,California
Mendocino, County,Mendocino County,6/26/2021,74,89811,49,48739,21,38020,4,3052,23,6090,51,43145,27,49235,California
Mendocino, County,Mendocino County,6/27/2021,23,89834,13,48752,9,38029,1,3053,13,6094,10,43155,14,49249,California
Mendocino, County,Mendocino County,6/28/2021,68,89902,45,48797,12,38041,11,3064,21,6082,44,43199,32,49281,California
Mendocino, County,Mendocino County,6/29/2021,170,90072,118,48915,49,38090,3,3067,56,6027,114,43313,59,49340,California
Mendocino, County,Mendocino County,6/30/2021,183,90255,149,49064,27,38117,7,3074,59,5971,123,43436,67,49407,California
Mendocino, County,Mendocino County,7/1/2021,115,90370,66,49130,39,38156,10,3084,64,5996,49,43485,74,49481,California
Mendocino, County,Mendocino County,7/2/2021,103,90473,64,49194,29,38185,10,3094,48,6000,54,43539,58,49539,California
Mendocino, County,Mendocino County,7/3/2021,39,90512,28,49222,9,38194,2,3096,18,5999,21,43560,20,49559,California
Mendocino, County,Mendocino County,7/4/2021,1,90513,0,49222,1,38195,0,3096,1,6000,0,43560,1,49560,California
Mendocino, County,Mendocino County,7/5/2021,38,90551,18,49240,15,38210,5,3101,16,5999,22,43582,21,49581,California
Mendocino, County,Mendocino County,7/6/2021,209,90760,156,49396,39,38249,14,3115,86,5976,123,43705,100,49681,California
Mendocino, County,Mendocino County,7/7/2021,87,90847,56,49452,22,38271,9,3124,37,5974,48,43753,46,49727,California
Mendocino, County,Mendocino County,7/8/2021,116,90963,53,49505,54,38325,9,3133,49,5965,67,43820,58,49785,California
Mendocino, County,Mendocino County,7/9/2021,211,91174,142,49647,44,38369,25,3158,79,5939,129,43949,103,49888,California
Mendocino, County,Mendocino County,7/10/2021,23,91197,11,49658,12,38381,0,3158,13,5942,10,43959,13,49901,California
Mendocino, County,Mendocino County,7/11/2021,20,91217,10,49668,4,38385,6,3164,7,5942,13,43972,13,49914,California
Mendocino, County,Mendocino County,7/12/2021,85,91302,32,49700,51,38436,2,3166,39,5938,45,44017,41,49955,California
Mendocino, County,Mendocino County,7/13/2021,227,91529,134,49834,69,38505,24,3190,124,5985,102,44119,149,50104,California
Mendocino, County,Mendocino County,7/14/2021,83,91612,51,49885,21,38526,11,3201,38,5989,45,44164,49,50153,California
Mendocino, County,Mendocino County,7/15/2021,98,91710,72,49957,24,38550,2,3203,53,6000,44,44208,55,50208,California
Mendocino, County,Mendocino County,7/16/2021,245,91955,165,50122,66,38616,14,3217,126,6021,119,44327,140,50348,California
Mendocino, County,Mendocino County,7/17/2021,46,92001,29,50151,15,38631,2,3219,21,6019,25,44352,23,50371,California
Mendocino, County,Mendocino County,7/18/2021,13,92014,7,50158,5,38636,1,3220,5,6017,7,44359,5,50376,California
Mendocino, County,Mendocino County,7/19/2021,70,92084,43,50201,25,38661,2,3222,49,6047,21,44380,51,50427,California
Mendocino, County,Mendocino County,7/20/2021,184,92268,119,50320,61,38722,4,3226,116,6101,66,44446,120,50547,California
Mendocino, County,Mendocino County,7/21/2021,118,92386,74,50394,42,38764,2,3228,58,6103,58,44504,60,50607,California
Mendocino, County,Mendocino County,7/22/2021,136,92522,70,50464,50,38814,16,3244,73,6129,63,44567,89,50696,California
Mendocino, County,Mendocino County,7/23/2021,282,92804,188,50652,75,38889,19,3263,173,6213,108,44675,192,50888,California
Mendocino, County,Mendocino County,7/24/2021,73,92877,40,50692,30,38919,3,3266,46,6235,27,44702,49,50937,California
Mendocino, County,Mendocino County,7/25/2021,38,92915,28,50720,10,38929,0,3266,33,6263,5,44707,33,50970,California
Mendocino, County,Mendocino County,7/26/2021,88,93003,45,50765,37,38966,6,3272,55,6292,32,44739,61,51031,California
Mendocino, County,Mendocino County,7/27/2021,238,93241,137,50902,72,39038,29,3301,139,6361,97,44836,166,51197,California
Mendocino, County,Mendocino County,7/28/2021,148,93389,84,50986,55,39093,9,3310,110,6444,36,44872,119,51316,California
Mendocino, County,Mendocino County,7/29/2021,154,93543,74,51060,72,39165,8,3318,105,6508,48,44920,112,51428,California
Mendocino, County,Mendocino County,7/30/2021,301,93844,232,51292,65,39230,4,3322,228,6670,70,44990,232,51660,California
Mendocino, County,Mendocino County,7/31/2021,61,93905,42,51334,15,39245,4,3326,49,6711,12,45002,53,51713,California
Mendocino, County,Mendocino County,8/1/2021,38,93943,12,51346,25,39270,1,3327,34,6742,4,45006,35,51748,California
Mendocino, County,Mendocino County,8/2/2021,108,94051,59,51405,45,39315,4,3331,81,6801,26,45032,85,51833,California
Mendocino, County,Mendocino County,8/3/2021,251,94302,163,51568,60,39375,28,3359,156,6894,91,45123,184,52017,California
Mendocino, County,Mendocino County,8/4/2021,145,94447,90,51658,44,39419,11,3370,102,6964,43,45166,113,52130,California
Mendocino, County,Mendocino County,8/5/2021,143,94590,93,51751,48,39467,2,3372,94,7012,48,45214,96,52226,California
Mendocino, County,Mendocino County,8/6/2021,317,94907,224,51975,88,39555,5,3377,216,7133,100,45314,221,52447,California
Mendocino, County,Mendocino County,8/7/2021,50,94957,22,51997,28,39583,0,3377,32,7150,15,45329,32,52479,California
Mendocino, County,Mendocino County,8/8/2021,16,94973,9,52006,7,39590,0,3377,12,7158,4,45333,12,52491,California
Mendocino, County,Mendocino County,8/9/2021,107,95080,69,52075,30,39620,8,3385,65,7191,40,45373,73,52564,California
Mendocino, County,Mendocino County,8/10/2021,102,95182,66,52141,34,39654,2,3387,61,7214,40,45413,63,52627,California
Merced, County,Merced County,12/15/2020,0,0,0,0,0,0,0,0,0,0,0,0,0,0,California
Merced, County,Merced County,12/16/2020,3,3,3,3,0,0,0,0,3,3,0,0,3,3,California
Merced, County,Merced County,12/17/2020,9,12,9,12,0,0,0,0,9,12,0,0,9,12,California
Merced, County,Merced County,12/18/2020,145,157,145,157,0,0,0,0,145,157,0,0,145,157,California
Merced, County,Merced County,12/19/2020,37,194,37,194,0,0,0,0,37,194,0,0,37,194,California
Merced, County,Merced County,12/20/2020,18,212,18,212,0,0,0,0,18,212,0,0,18,212,California
Merced, County,Merced County,12/21/2020,122,334,119,331,3,3,0,0,122,334,0,0,122,334,California
Merced, County,Merced County,12/22/2020,155,489,155,486,0,3,0,0,155,489,0,0,155,489,California
Merced, County,Merced County,12/23/2020,251,740,245,731,6,9,0,0,251,740,0,0,251,740,California
Merced, County,Merced County,12/24/2020,72,812,72,803,0,9,0,0,72,812,0,0,72,812,California
Merced, County,Merced County,12/25/2020,4,816,4,807,0,9,0,0,4,816,0,0,4,816,California
Merced, County,Merced County,12/26/2020,6,822,3,810,3,12,0,0,6,822,0,0,6,822,California
Merced, County,Merced County,12/27/2020,12,834,11,821,1,13,0,0,12,834,0,0,12,834,California
Merced, County,Merced County,12/28/2020,125,959,98,919,27,40,0,0,125,959,0,0,125,959,California
Merced, County,Merced County,12/29/2020,190,1149,122,1041,68,108,0,0,190,1149,0,0,190,1149,California
Merced, County,Merced County,12/30/2020,218,1367,88,1129,130,238,0,0,218,1367,0,0,218,1367,California
Merced, County,Merced County,12/31/2020,103,1470,34,1163,69,307,0,0,103,1470,0,0,103,1470,California
Merced, County,Merced County,1/1/2021,7,1477,2,1165,5,312,0,0,7,1477,0,0,7,1477,California
Merced, County,Merced County,1/2/2021,131,1608,119,1284,12,324,0,0,131,1608,0,0,131,1608,California
Merced, County,Merced County,1/3/2021,9,1617,5,1289,4,328,0,0,9,1617,0,0,9,1617,California
Merced, County,Merced County,1/4/2021,81,1698,41,1330,40,368,0,0,81,1698,0,0,81,1698,California
Merced, County,Merced County,1/5/2021,329,2027,233,1563,96,464,0,0,323,2017,6,6,325,2023,California
Merced, County,Merced County,1/6/2021,255,2282,104,1667,151,615,0,0,248,2260,7,13,250,2273,California
Merced, County,Merced County,1/7/2021,187,2469,84,1751,103,718,0,0,174,2420,14,27,174,2447,California
Merced, County,Merced County,1/8/2021,525,2994,392,2143,133,851,0,0,371,2638,153,180,371,2818,California
Merced, County,Merced County,1/9/2021,23,3017,10,2153,13,864,0,0,17,2649,6,186,17,2835,California
Merced, County,Merced County,1/10/2021,11,3028,7,2160,4,868,0,0,7,2652,4,190,7,2842,California
Merced, County,Merced County,1/11/2021,230,3258,171,2331,59,927,0,0,102,2629,128,318,105,2947,California
Merced, County,Merced County,1/12/2021,297,3555,171,2502,126,1053,0,0,248,2828,49,367,248,3195,California
Merced, County,Merced County,1/13/2021,394,3949,175,2677,219,1272,0,0,240,2918,153,520,243,3438,California
Merced, County,Merced County,1/14/2021,326,4275,205,2882,121,1393,0,0,158,2913,167,687,162,3600,California
Merced, County,Merced County,1/15/2021,591,4866,130,3012,461,1854,0,0,552,3428,40,727,555,4155,California
Merced, County,Merced County,1/16/2021,214,5080,130,3142,84,1938,0,0,197,3608,17,744,197,4352,California
Merced, County,Merced County,1/17/2021,51,5131,12,3154,39,1977,0,0,49,3655,2,746,49,4401,California
Merced, County,Merced County,1/18/2021,270,5401,130,3284,140,2117,0,0,245,3879,25,771,249,4650,California
Merced, County,Merced County,1/19/2021,715,6116,589,3873,126,2243,0,0,542,4257,171,942,549,5199,California
Merced, County,Merced County,1/20/2021,576,6692,468,4341,108,2351,0,0,518,4721,58,1000,522,5721,California
Merced, County,Merced County,1/21/2021,1031,7723,656,4997,375,2726,0,0,926,5546,104,1104,929,6650,California
Merced, County,Merced County,1/22/2021,1321,9044,696,5693,625,3351,0,0,1290,6819,30,1134,1303,7953,California
Merced, County,Merced County,1/23/2021,334,9378,202,5895,132,3483,0,0,223,6931,111,1245,223,8176,California
Merced, County,Merced County,1/24/2021,36,9414,15,5910,21,3504,0,0,28,6952,7,1252,28,8204,California
Merced, County,Merced County,1/25/2021,740,10154,241,6151,499,4003,0,0,681,7577,57,1309,682,8886,California
Merced, County,Merced County,1/26/2021,947,11101,486,6637,461,4464,0,0,691,8041,228,1537,692,9578,California
Merced, County,Merced County,1/27/2021,1007,12108,590,7227,417,4881,0,0,831,8701,174,1711,834,10412,California
Merced, County,Merced County,1/28/2021,1163,13271,598,7825,565,5446,0,0,1036,9613,126,1837,1038,11450,California
Merced, County,Merced County,1/29/2021,866,14137,309,8134,557,6003,0,0,616,9993,238,2075,618,12068,California
Merced, County,Merced County,1/30/2021,267,14404,28,8162,239,6242,0,0,249,10224,18,2093,249,12317,California
Merced, County,Merced County,1/31/2021,48,14452,10,8172,38,6280,0,0,46,10269,1,2094,46,12363,California
Merced, County,Merced County,2/1/2021,395,14847,54,8226,341,6621,0,0,339,10556,53,2147,340,12703,California
Merced, County,Merced County,2/2/2021,311,15158,180,8406,131,6752,0,0,184,10617,124,2271,185,12888,California
Merced, County,Merced County,2/3/2021,361,15519,80,8486,281,7033,0,0,184,10629,174,2445,186,13074,California
Merced, County,Merced County,2/4/2021,385,15904,155,8641,230,7263,0,0,252,10751,131,2576,253,13327,California
Merced, County,Merced County,2/5/2021,507,16411,173,8814,334,7597,0,0,270,10789,235,2811,273,13600,California
Merced, County,Merced County,2/6/2021,388,16799,220,9034,168,7765,0,0,244,10893,141,2952,245,13845,California
Merced, County,Merced County,2/7/2021,18,16817,11,9045,7,7772,0,0,11,10897,7,2959,11,13856,California
Merced, County,Merced County,2/8/2021,286,17103,194,9239,92,7864,0,0,178,10970,106,3065,179,14035,California
Merced, County,Merced County,2/9/2021,1211,18314,941,10180,270,8134,0,0,768,11305,435,3500,770,14805,California
Merced, County,Merced County,2/10/2021,1871,20185,1406,11586,465,8599,0,0,1293,12030,568,4068,1293,16098,California
Merced, County,Merced County,2/11/2021,2560,22745,2046,13632,514,9113,0,0,1841,13167,705,4773,1842,17940,California
Merced, County,Merced County,2/12/2021,1745,24490,1030,14662,715,9828,0,0,764,12974,960,5733,767,18707,California
Merced, County,Merced County,2/13/2021,372,24862,214,14876,158,9986,0,0,271,13151,96,5829,273,18980,California
Merced, County,Merced County,2/14/2021,118,24980,26,14902,92,10078,0,0,96,13226,22,5851,97,19077,California
Merced, County,Merced County,2/15/2021,282,25262,46,14948,236,10314,0,0,173,13298,102,5953,174,19251,California
Merced, County,Merced County,2/16/2021,1231,26493,847,15795,384,10698,0,0,836,13764,375,6328,841,20092,California
Merced, County,Merced County,2/17/2021,1919,28412,1670,17465,249,10947,0,0,1334,14542,564,6892,1342,21434,California
Merced, County,Merced County,2/18/2021,1288,29700,874,18339,414,11361,0,0,456,14193,809,7701,460,21894,California
Merced, County,Merced County,2/19/2021,1289,30989,438,18777,851,12212,0,0,551,14017,729,8430,553,22447,California
Merced, County,Merced County,2/20/2021,288,31277,32,18809,256,12468,0,0,139,14010,147,8577,140,22587,California
Merced, County,Merced County,2/21/2021,79,31356,65,18874,14,12482,0,0,27,13987,50,8627,27,22614,California
Merced, County,Merced County,2/22/2021,859,32215,306,19180,553,13035,0,0,491,14117,364,8991,494,23108,California
Merced, County,Merced County,2/23/2021,1116,33331,431,19611,685,13720,0,0,647,14305,463,9454,651,23759,California
Merced, County,Merced County,2/24/2021,860,34191,311,19922,549,14269,0,0,457,14372,391,9845,458,24217,California
Merced, County,Merced County,2/25/2021,1828,36019,910,20832,918,15187,0,0,1341,15235,483,10328,1346,25563,California
Merced, County,Merced County,2/26/2021,2227,38246,1414,22246,813,16000,0,0,1761,16546,454,10782,1765,27328,California
Merced, County,Merced County,2/27/2021,2641,40887,1199,23445,1442,17442,0,0,2348,18604,291,11073,2349,29677,California
Merced, County,Merced County,2/28/2021,324,41211,75,23520,248,17690,1,1,258,18800,62,11135,258,29935,California
Merced, County,Merced County,3/1/2021,1166,42377,291,23811,874,18564,1,2,792,19233,364,11499,797,30732,California
Merced, County,Merced County,3/2/2021,1896,44273,1035,24846,860,19424,1,3,1484,20330,405,11904,1502,32234,California
Merced, County,Merced County,3/3/2021,2487,46760,1978,26824,508,19932,1,4,1707,21297,758,12662,1725,33959,California
Merced, County,Merced County,3/4/2021,3158,49918,2523,29347,633,20565,2,6,2162,22488,976,13638,2167,36126,California
Merced, County,Merced County,3/5/2021,2365,52283,1474,30821,867,21432,24,30,1808,23785,543,14181,1840,37966,California
Merced, County,Merced County,3/6/2021,1188,53471,676,31497,491,21923,21,51,917,24459,270,14451,944,38910,California
Merced, County,Merced County,3/7/2021,246,53717,74,31571,141,22064,31,82,212,24668,34,14485,243,39153,California
Merced, County,Merced County,3/8/2021,1583,55300,966,32537,550,22614,67,149,1339,25830,243,14728,1405,40558,California
Merced, County,Merced County,3/9/2021,1883,57183,1144,33681,630,23244,109,258,1212,26490,661,15389,1321,41879,California
Merced, County,Merced County,3/10/2021,2975,60158,1994,35675,781,24025,200,458,1641,27023,1314,16703,1847,43726,California
Merced, County,Merced County,3/11/2021,2228,62386,843,36518,1180,25205,205,663,1240,27524,967,17670,1468,45194,California
Merced, County,Merced County,3/12/2021,2555,64941,1113,37631,1163,26368,279,942,1660,28586,889,18559,1951,47145,California
Merced, County,Merced County,3/13/2021,1025,65966,316,37947,466,26834,243,1185,709,29228,308,18867,950,48095,California
Merced, County,Merced County,3/14/2021,269,66235,155,38102,82,26916,32,1217,149,29293,117,18984,182,48277,California
Merced, County,Merced County,3/15/2021,1721,67956,672,38774,789,27705,260,1477,1182,30206,528,19512,1441,49718,California
Merced, County,Merced County,3/16/2021,1669,69625,881,39655,561,28266,227,1704,1141,31061,515,20027,1370,51088,California
Merced, County,Merced County,3/17/2021,2312,71937,1389,41044,745,29011,178,1882,1833,32606,466,20493,2011,53099,California
Merced, County,Merced County,3/18/2021,2263,74200,1378,42422,736,29747,149,2031,1410,33343,835,21328,1572,54671,California
Merced, County,Merced County,3/19/2021,2810,77010,1587,44009,1025,30772,198,2229,1402,33549,1394,22722,1600,56271,California
Merced, County,Merced County,3/20/2021,2478,79488,1534,45543,546,31318,398,2627,977,33438,1492,24214,1381,57652,California
Merced, County,Merced County,3/21/2021,569,80057,345,45888,211,31529,13,2640,447,33779,120,24334,461,58113,California
Merced, County,Merced County,3/22/2021,1282,81339,640,46528,566,32095,76,2716,892,34368,381,24715,970,59083,California
Merced, County,Merced County,3/23/2021,1982,83321,1236,47764,681,32776,65,2781,1381,35224,590,25305,1446,60529,California
Merced, County,Merced County,3/24/2021,1729,85050,1171,48935,522,33298,36,2817,1003,35551,712,26017,1039,61568,California
Merced, County,Merced County,3/25/2021,3624,88674,2551,51486,1048,34346,25,2842,2123,36228,1477,27494,2154,63722,California
Merced, County,Merced County,3/26/2021,2202,90876,1340,52826,826,35172,36,2878,902,35899,1266,28760,937,64659,California
Merced, County,Merced County,3/27/2021,3602,94478,1930,54756,1252,36424,420,3298,1568,35869,2018,30778,1988,66647,California
Merced, County,Merced County,3/28/2021,531,95009,218,54974,304,36728,9,3307,214,35779,314,31092,224,66871,California
Merced, County,Merced County,3/29/2021,1986,96995,915,55889,901,37629,170,3477,687,35354,1283,32375,858,67729,California
Merced, County,Merced County,3/30/2021,2293,99288,920,56809,1314,38943,59,3536,1008,35143,1279,33654,1068,68797,California
Merced, County,Merced County,3/31/2021,2404,101692,1497,58306,725,39668,182,3718,995,34937,1383,35037,1177,69974,California
Merced, County,Merced County,4/1/2021,2619,104311,1065,59371,1197,40865,357,4075,1067,34827,1534,36571,1424,71398,California
Merced, County,Merced County,4/2/2021,2488,106799,754,60125,1309,42174,425,4500,797,34397,1643,38214,1213,72611,California
Merced, County,Merced County,4/3/2021,1111,107910,618,60743,474,42648,19,4519,676,34667,425,38639,695,73306,California
Merced, County,Merced County,4/4/2021,368,108278,143,60886,224,42872,1,4520,139,34580,228,38867,141,73447,California
Merced, County,Merced County,4/5/2021,1520,109798,830,61716,476,43348,214,4734,413,34110,1097,39964,627,74074,California
Merced, County,Merced County,4/6/2021,2601,112399,1062,62778,708,44056,831,5565,888,34124,1704,41668,1718,75792,California
Merced, County,Merced County,4/7/2021,1925,114324,1138,63916,680,44736,107,5672,595,33541,1289,42957,706,76498,California
Merced, County,Merced County,4/8/2021,2525,116849,1363,65279,942,45678,220,5892,1009,33301,1465,44422,1225,77723,California
Merced, County,Merced County,4/9/2021,1736,118585,489,65768,662,46340,585,6477,564,33300,1150,45572,1149,78872,California
Merced, County,Merced County,4/10/2021,986,119571,373,66141,426,46766,187,6664,179,32864,800,46372,364,79236,California
Merced, County,Merced County,4/11/2021,490,120061,284,66425,71,46837,135,6799,149,32810,339,46711,285,79521,California
Merced, County,Merced County,4/12/2021,1538,121599,1004,67429,407,47244,127,6926,875,33190,623,47334,1003,80524,California
Merced, County,Merced County,4/13/2021,2070,123669,1481,68910,587,47831,2,6928,939,33106,1029,48363,945,81469,California
Merced, County,Merced County,4/14/2021,2264,125933,1404,70314,860,48691,0,6928,1052,33085,1076,49439,1055,82524,California
Merced, County,Merced County,4/15/2021,3058,128991,1988,72302,1070,49761,0,6928,942,32153,1878,51317,946,83470,California
Merced, County,Merced County,4/16/2021,2423,131414,1176,73478,1247,51008,0,6928,965,31770,1348,52665,965,84435,California
Merced, County,Merced County,4/17/2021,2168,133582,1491,74969,676,51684,1,6929,670,30955,1490,54155,675,85110,California
Merced, County,Merced County,4/18/2021,578,134160,352,75321,226,51910,0,6929,209,30824,340,54495,209,85319,California
Merced, County,Merced County,4/19/2021,1374,135534,762,76083,612,52522,0,6929,704,30959,569,55064,704,86023,California
Merced, County,Merced County,4/20/2021,1570,137104,790,76873,780,53302,0,6929,809,31080,688,55752,809,86832,California
Merced, County,Merced County,4/21/2021,1668,138772,1054,77927,614,53916,0,6929,806,31144,744,56496,808,87640,California
Merced, County,Merced County,4/22/2021,1738,140510,802,78729,936,54852,0,6929,796,31094,847,57343,797,88437,California
Merced, County,Merced County,4/23/2021,1727,142237,739,79468,988,55840,0,6929,925,31267,753,58096,926,89363,California
Merced, County,Merced County,4/24/2021,895,143132,713,80181,182,56022,0,6929,551,31482,337,58433,552,89915,California
Merced, County,Merced County,4/25/2021,334,143466,190,80371,144,56166,0,6929,192,31538,137,58570,193,90108,California
Merced, County,Merced County,4/26/2021,1297,144763,565,80936,732,56898,0,6929,652,31585,607,59177,654,90762,California
Merced, County,Merced County,4/27/2021,1841,146604,934,81870,895,57793,12,6941,745,31318,1025,60202,758,91520,California
Merced, County,Merced County,4/28/2021,1445,148049,728,82598,708,58501,9,6950,818,31545,601,60803,828,92348,California
Merced, County,Merced County,4/29/2021,1522,149571,686,83284,811,59312,25,6975,716,31495,792,61595,742,93090,California
Merced, County,Merced County,4/30/2021,1523,151094,658,83942,820,60132,45,7020,791,31607,724,62319,836,93926,California
Merced, County,Merced County,5/1/2021,579,151673,245,84187,329,60461,5,7025,270,31580,301,62620,274,94200,California
Merced, County,Merced County,5/2/2021,302,151975,124,84311,163,60624,15,7040,124,31543,177,62797,140,94340,California
Merced, County,Merced County,5/3/2021,896,152871,597,84908,226,60850,73,7113,322,31370,570,63367,397,94737,California
Merced, County,Merced County,5/4/2021,1084,153955,596,85504,437,61287,51,7164,394,31132,683,64050,445,95182,California
Merced, County,Merced County,5/5/2021,1475,155430,966,86470,434,61721,75,7239,650,31046,811,64861,725,95907,California
Merced, County,Merced County,5/6/2021,975,156405,529,86999,396,62117,50,7289,329,30789,636,65497,379,96286,California
Merced, County,Merced County,5/7/2021,1215,157620,553,87552,620,62737,42,7331,484,30593,726,66223,530,96816,California
Merced, County,Merced County,5/8/2021,454,158074,256,87808,161,62898,37,7368,218,30615,233,66456,255,97071,California
Merced, County,Merced County,5/9/2021,224,158298,116,87924,101,62999,7,7375,99,30597,124,66580,106,97177,California
Merced, County,Merced County,5/10/2021,735,159033,391,88315,307,63306,37,7412,204,30311,527,67107,241,97418,California
Merced, County,Merced County,5/11/2021,1224,160257,739,89054,425,63731,60,7472,480,30114,737,67844,540,97958,California
Merced, County,Merced County,5/12/2021,1124,161381,642,89696,440,64171,42,7514,383,29802,737,68581,425,98383,California
Merced, County,Merced County,5/13/2021,982,162363,567,90263,372,64543,43,7557,448,29765,528,69109,491,98874,California
Merced, County,Merced County,5/14/2021,1099,163462,681,90944,378,64921,40,7597,581,29880,509,69618,624,99498,California
Merced, County,Merced County,5/15/2021,771,164233,585,91529,168,65089,18,7615,456,30052,304,69922,476,99974,California
Merced, County,Merced County,5/16/2021,370,164603,254,91783,107,65196,9,7624,215,30126,151,70073,225,100199,California
Merced, County,Merced County,5/17/2021,1112,165715,725,92508,355,65551,32,7656,545,30146,559,70632,579,100778,California
Merced, County,Merced County,5/18/2021,1281,166996,854,93362,396,65947,31,7687,705,30313,569,71201,736,101514,California
Merced, County,Merced County,5/19/2021,1156,168152,766,94128,383,66330,7,7694,649,30472,502,71703,661,102175,California
Merced, County,Merced County,5/20/2021,1107,169259,599,94727,451,66781,57,7751,429,30285,676,72379,489,102664,California
Merced, County,Merced County,5/21/2021,1222,170481,709,95436,484,67265,29,7780,500,30108,708,73087,531,103195,California
Merced, County,Merced County,5/22/2021,792,171273,572,96008,206,67471,14,7794,475,30286,314,73401,492,103687,California
Merced, County,Merced County,5/23/2021,362,171635,261,96269,88,67559,13,7807,237,30412,124,73525,250,103937,California
Merced, County,Merced County,5/24/2021,638,172273,275,96544,332,67891,31,7838,229,30271,402,73927,261,104198,California
Merced, County,Merced County,5/25/2021,784,173057,441,96985,310,68201,33,7871,399,30323,380,74307,432,104630,California
Merced, County,Merced County,5/26/2021,1012,174069,562,97547,417,68618,33,7904,401,30152,607,74914,436,105066,California
Merced, County,Merced County,5/27/2021,935,175004,657,98204,241,68859,37,7941,552,30364,379,75293,591,105657,California
Merced, County,Merced County,5/28/2021,796,175800,369,98573,380,69239,47,7988,334,30293,452,75745,381,106038,California
Merced, County,Merced County,5/29/2021,388,176188,268,98841,112,69351,8,7996,156,30230,229,75974,166,106204,California
Merced, County,Merced County,5/30/2021,213,176401,146,98987,56,69407,11,8007,119,30266,94,76068,130,106334,California
Merced, County,Merced County,5/31/2021,110,176511,25,99012,79,69486,6,8013,30,30225,78,76146,37,106371,California
Merced, County,Merced County,6/1/2021,878,177389,549,99561,294,69780,35,8048,321,30029,550,76696,354,106725,California
Merced, County,Merced County,6/2/2021,768,178157,495,100056,246,70026,27,8075,352,30000,408,77104,379,107104,California
Merced, County,Merced County,6/3/2021,779,178936,499,100555,246,70272,34,8109,301,29868,470,77574,338,107442,California
Merced, County,Merced County,6/4/2021,843,179779,454,101009,367,70639,22,8131,311,29678,525,78099,335,107777,California
Merced, County,Merced County,6/5/2021,520,180299,409,101418,97,70736,14,8145,195,29567,320,78419,209,107986,California
Merced, County,Merced County,6/6/2021,234,180533,194,101612,31,70767,9,8154,83,29508,150,78569,91,108077,California
Merced, County,Merced County,6/7/2021,669,181202,534,102146,119,70886,16,8170,195,29248,474,79043,214,108291,California
Merced, County,Merced County,6/8/2021,867,182069,637,102783,204,71090,26,8196,273,28958,589,79632,299,108590,California
Merced, County,Merced County,6/9/2021,891,182960,655,103438,220,71310,16,8212,265,28625,615,80247,282,108872,California
Merced, County,Merced County,6/10/2021,659,183619,452,103890,183,71493,24,8236,255,28506,397,80644,278,109150,California
Merced, County,Merced County,6/11/2021,580,184199,369,104259,194,71687,17,8253,238,28424,339,80983,257,109407,California
Merced, County,Merced County,6/12/2021,599,184798,489,104748,86,71773,24,8277,180,28210,417,81400,203,109610,California
Merced, County,Merced County,6/13/2021,259,185057,134,104882,118,71891,7,8284,64,28086,195,81595,71,109681,California
Merced, County,Merced County,6/14/2021,558,185615,366,105248,158,72049,34,8318,256,28078,299,81894,291,109972,California
Merced, County,Merced County,6/15/2021,800,186415,571,105819,201,72250,28,8346,270,27855,522,82416,299,110271,California
Merced, County,Merced County,6/16/2021,733,187148,504,106323,203,72453,26,8372,333,27825,390,82806,360,110631,California
Merced, County,Merced County,6/17/2021,745,187893,564,106887,150,72603,31,8403,241,27601,496,83302,272,110903,California
Merced, County,Merced County,6/18/2021,783,188676,511,107398,241,72844,31,8434,392,27641,384,83686,424,111327,California
Merced, County,Merced County,6/19/2021,367,189043,252,107650,88,72932,27,8461,201,27704,164,83850,227,111554,California
Merced, County,Merced County,6/20/2021,244,189287,190,107840,46,72978,8,8469,140,27749,103,83953,148,111702,California
Merced, County,Merced County,6/21/2021,325,189612,199,108039,114,73092,12,8481,202,27841,122,84075,214,111916,California
Merced, County,Merced County,6/22/2021,526,190138,361,108400,144,73236,21,8502,258,27853,268,84343,280,112196,California
Merced, County,Merced County,6/23/2021,589,190727,368,108768,210,73446,11,8513,293,27869,288,84631,304,112500,California
Merced, County,Merced County,6/24/2021,552,191279,390,109158,130,73576,32,8545,260,27874,288,84919,293,112793,California
Merced, County,Merced County,6/25/2021,488,191767,342,109500,122,73698,24,8569,256,27928,226,85145,280,113073,California
Merced, County,Merced County,6/26/2021,193,191960,132,109632,52,73750,9,8578,93,27934,98,85243,104,113177,California
Merced, County,Merced County,6/27/2021,210,192170,150,109782,39,73789,21,8599,123,27992,86,85329,144,113321,California
Merced, County,Merced County,6/28/2021,343,192513,225,110007,101,73890,17,8616,181,28032,159,85488,199,113520,California
Merced, County,Merced County,6/29/2021,336,192849,200,110207,114,74004,22,8638,155,28030,179,85667,177,113697,California
Merced, County,Merced County,6/30/2021,450,193299,256,110463,172,74176,22,8660,251,28109,194,85861,273,113970,California
Merced, County,Merced County,7/1/2021,382,193681,257,110720,111,74287,14,8674,216,28173,166,86027,230,114200,California
Merced, County,Merced County,7/2/2021,389,194070,269,110989,106,74393,14,8688,217,28235,170,86197,232,114432,California
Merced, County,Merced County,7/3/2021,198,194268,123,111112,63,74456,12,8700,101,28255,93,86290,113,114545,California
Merced, County,Merced County,7/4/2021,17,194285,5,111117,11,74467,1,8701,8,28255,9,86299,9,114554,California
Merced, County,Merced County,7/5/2021,239,194524,158,111275,76,74543,5,8706,126,28274,113,86412,132,114686,California
Merced, County,Merced County,7/6/2021,363,194887,230,111505,116,74659,17,8723,156,28247,201,86613,174,114860,California
Merced, County,Merced County,7/7/2021,367,195254,205,111710,150,74809,12,8735,162,28218,203,86816,174,115034,California
Merced, County,Merced County,7/8/2021,403,195657,295,112005,102,74911,6,8741,181,28183,222,87038,187,115221,California
Merced, County,Merced County,7/9/2021,478,196135,330,112335,127,75038,21,8762,217,28161,260,87298,238,115459,California
Merced, County,Merced County,7/10/2021,178,196313,133,112468,39,75077,6,8768,85,28159,93,87391,91,115550,California
Merced, County,Merced County,7/11/2021,192,196505,158,112626,31,75108,3,8771,66,28105,123,87514,69,115619,California
Merced, County,Merced County,7/12/2021,326,196831,211,112837,104,75212,11,8782,152,28095,174,87688,164,115783,California
Merced, County,Merced County,7/13/2021,308,197139,215,113052,83,75295,10,8792,136,28070,171,87859,146,115929,California
Merced, County,Merced County,7/14/2021,365,197504,213,113265,144,75439,8,8800,170,28055,194,88053,179,116108,California
Merced, County,Merced County,7/15/2021,366,197870,292,113557,67,75506,7,8807,189,28075,176,88229,196,116304,California
Merced, County,Merced County,7/16/2021,398,198268,247,113804,136,75642,15,8822,201,28095,196,88425,216,116520,California
Merced, County,Merced County,7/17/2021,182,198450,123,113927,51,75693,8,8830,106,28134,75,88500,114,116634,California
Merced, County,Merced County,7/18/2021,109,198559,68,113995,29,75722,12,8842,54,28147,53,88553,66,116700,California
Merced, County,Merced County,7/19/2021,355,198914,251,114246,92,75814,12,8854,191,28189,161,88714,203,116903,California
Merced, County,Merced County,7/20/2021,359,199273,269,114515,82,75896,8,8862,172,28182,187,88901,180,117083,California
Merced, County,Merced County,7/21/2021,408,199681,267,114782,127,76023,14,8876,215,28221,190,89091,229,117312,California
Merced, County,Merced County,7/22/2021,401,200082,272,115054,114,76137,15,8891,232,28302,166,89257,247,117559,California
Merced, County,Merced County,7/23/2021,457,200539,319,115373,120,76257,18,8909,273,28411,180,89437,289,117848,California
Merced, County,Merced County,7/24/2021,229,200768,144,115517,80,76337,5,8914,132,28452,96,89533,137,117985,California
Merced, County,Merced County,7/25/2021,108,200876,66,115583,38,76375,4,8918,82,28513,25,89558,86,118071,California
Merced, County,Merced County,7/26/2021,354,201230,210,115793,132,76507,12,8930,215,28605,136,89694,228,118299,California
Merced, County,Merced County,7/27/2021,448,201678,331,116124,106,76613,11,8941,291,28753,154,89848,302,118601,California
Merced, County,Merced County,7/28/2021,441,202119,244,116368,178,76791,19,8960,278,28890,160,90008,297,118898,California
Merced, County,Merced County,7/29/2021,420,202539,318,116686,89,76880,13,8973,277,29037,143,90151,290,119188,California
Merced, County,Merced County,7/30/2021,467,203006,291,116977,149,77029,27,9000,317,29232,149,90300,344,119532,California
Merced, County,Merced County,7/31/2021,244,203250,162,117139,66,77095,16,9016,159,29324,83,90383,175,119707,California
Merced, County,Merced County,8/1/2021,144,203394,108,117247,33,77128,3,9019,98,29381,44,90427,101,119808,California
Merced, County,Merced County,8/2/2021,422,203816,321,117568,96,77224,5,9024,301,29566,121,90548,306,120114,California
Merced, County,Merced County,8/3/2021,533,204349,401,117969,123,77347,9,9033,397,29842,130,90678,406,120520,California
Merced, County,Merced County,8/4/2021,422,204771,237,118206,170,77517,15,9048,283,30002,137,90815,297,120817,California
Merced, County,Merced County,8/5/2021,503,205274,372,118578,115,77632,16,9064,380,30275,122,90937,395,121212,California
Merced, County,Merced County,8/6/2021,579,205853,406,118984,152,77784,21,9085,424,30571,152,91089,448,121660,California
Merced, County,Merced County,8/7/2021,339,206192,244,119228,90,77874,5,9090,265,30768,73,91162,270,121930,California
Merced, County,Merced County,8/8/2021,121,206313,77,119305,39,77913,5,9095,85,30823,35,91197,90,122020,California
Merced, County,Merced County,8/9/2021,372,206685,272,119577,79,77992,21,9116,232,30937,139,91336,253,122273,California
Merced, County,Merced County,8/10/2021,209,206894,152,119729,42,78034,15,9131,121,30990,84,91420,137,122410,California
Modoc, County,Modoc County,12/15/2020,0,0,0,0,0,0,0,0,0,0,0,0,0,0,California
Modoc, County,Modoc County,12/16/2020,2,2,2,2,0,0,0,0,2,2,0,0,2,2,California
Modoc, County,Modoc County,12/17/2020,0,2,0,2,0,0,0,0,0,2,0,0,0,2,California
Modoc, County,Modoc County,12/18/2020,0,2,0,2,0,0,0,0,0,2,0,0,0,2,California
Modoc, County,Modoc County,12/19/2020,0,2,0,2,0,0,0,0,0,2,0,0,0,2,California
Modoc, County,Modoc County,12/20/2020,0,2,0,2,0,0,0,0,0,2,0,0,0,2,California
Modoc, County,Modoc County,12/21/2020,99,101,99,101,0,0,0,0,99,101,0,0,99,101,California
Modoc, County,Modoc County,12/22/2020,14,115,14,115,0,0,0,0,14,115,0,0,14,115,California
Modoc, County,Modoc County,12/23/2020,4,119,4,119,0,0,0,0,4,119,0,0,4,119,California
Modoc, County,Modoc County,12/24/2020,1,120,1,120,0,0,0,0,1,120,0,0,1,120,California
Modoc, County,Modoc County,12/25/2020,0,120,0,120,0,0,0,0,0,120,0,0,0,120,California
Modoc, County,Modoc County,12/26/2020,0,120,0,120,0,0,0,0,0,120,0,0,0,120,California
Modoc, County,Modoc County,12/27/2020,0,120,0,120,0,0,0,0,0,120,0,0,0,120,California
Modoc, County,Modoc County,12/28/2020,2,122,2,122,0,0,0,0,2,122,0,0,2,122,California
Modoc, County,Modoc County,12/29/2020,9,131,1,123,8,8,0,0,9,131,0,0,9,131,California
Modoc, County,Modoc County,12/30/2020,9,140,2,125,7,15,0,0,9,140,0,0,9,140,California
Modoc, County,Modoc County,12/31/2020,0,140,0,125,0,15,0,0,0,140,0,0,0,140,California
Modoc, County,Modoc County,1/1/2021,0,140,0,125,0,15,0,0,0,140,0,0,0,140,California
Modoc, County,Modoc County,1/2/2021,3,143,1,126,2,17,0,0,3,143,0,0,3,143,California
Modoc, County,Modoc County,1/3/2021,0,143,0,126,0,17,0,0,0,143,0,0,0,143,California
Modoc, County,Modoc County,1/4/2021,8,151,0,126,8,25,0,0,8,151,0,0,8,151,California
Modoc, County,Modoc County,1/5/2021,3,154,2,128,1,26,0,0,3,154,0,0,3,154,California
Modoc, County,Modoc County,1/6/2021,5,159,4,132,1,27,0,0,3,155,2,2,3,157,California
Modoc, County,Modoc County,1/7/2021,72,231,0,132,72,99,0,0,72,227,0,2,72,229,California
Modoc, County,Modoc County,1/8/2021,108,339,0,132,108,207,0,0,108,335,0,2,108,337,California
Modoc, County,Modoc County,1/9/2021,0,339,0,132,0,207,0,0,0,335,0,2,0,337,California
Modoc, County,Modoc County,1/10/2021,1,340,1,133,0,207,0,0,0,334,1,3,0,337,California
Modoc, County,Modoc County,1/11/2021,90,430,81,214,9,216,0,0,19,282,71,74,19,356,California
Modoc, County,Modoc County,1/12/2021,95,525,26,240,69,285,0,0,69,325,26,100,69,425,California
Modoc, County,Modoc County,1/13/2021,24,549,4,244,20,305,0,0,22,345,2,102,22,447,California
Modoc, County,Modoc County,1/14/2021,128,677,6,250,122,427,0,0,123,463,5,107,123,570,California
Modoc, County,Modoc County,1/15/2021,6,683,1,251,5,432,0,0,6,469,0,107,6,576,California
Modoc, County,Modoc County,1/16/2021,2,685,1,252,1,433,0,0,2,471,0,107,2,578,California
Modoc, County,Modoc County,1/17/2021,0,685,0,252,0,433,0,0,0,471,0,107,0,578,California
Modoc, County,Modoc County,1/18/2021,3,688,1,253,2,435,0,0,3,474,0,107,3,581,California
Modoc, County,Modoc County,1/19/2021,5,693,3,256,2,437,0,0,3,475,2,109,3,584,California
Modoc, County,Modoc County,1/20/2021,15,708,4,260,11,448,0,0,13,486,2,111,13,597,California
Modoc, County,Modoc County,1/21/2021,160,868,2,262,158,606,0,0,160,646,0,111,160,757,California
Modoc, County,Modoc County,1/22/2021,4,872,2,264,2,608,0,0,4,650,0,111,4,761,California
Modoc, County,Modoc County,1/23/2021,0,872,0,264,0,608,0,0,0,650,0,111,0,761,California
Modoc, County,Modoc County,1/24/2021,0,872,0,264,0,608,0,0,0,650,0,111,0,761,California
Modoc, County,Modoc County,1/25/2021,12,884,0,264,12,620,0,0,13,663,0,111,13,774,California
Modoc, County,Modoc County,1/26/2021,119,1003,2,266,117,737,0,0,118,780,1,112,118,892,California
Modoc, County,Modoc County,1/27/2021,48,1051,3,269,45,782,0,0,33,798,15,127,33,925,California
Modoc, County,Modoc County,1/28/2021,147,1198,4,273,143,925,0,0,146,943,1,128,146,1071,California
Modoc, County,Modoc County,1/29/2021,4,1202,1,274,3,928,0,0,4,947,0,128,4,1075,California
Modoc, County,Modoc County,1/30/2021,0,1202,0,274,0,928,0,0,0,947,0,128,0,1075,California
Modoc, County,Modoc County,1/31/2021,0,1202,0,274,0,928,0,0,0,947,0,128,0,1075,California
Modoc, County,Modoc County,2/1/2021,26,1228,12,286,14,942,0,0,12,945,14,142,12,1087,California
Modoc, County,Modoc County,2/2/2021,176,1404,2,288,174,1116,0,0,173,1115,3,145,173,1260,California
Modoc, County,Modoc County,2/3/2021,18,1422,13,301,5,1121,0,0,11,1119,7,152,11,1271,California
Modoc, County,Modoc County,2/4/2021,160,1582,3,304,157,1278,0,0,31,1021,129,281,31,1302,California
Modoc, County,Modoc County,2/5/2021,4,1586,2,306,2,1280,0,0,2,1021,2,283,2,1304,California
Modoc, County,Modoc County,2/6/2021,0,1586,0,306,0,1280,0,0,0,1021,0,283,0,1304,California
Modoc, County,Modoc County,2/7/2021,0,1586,0,306,0,1280,0,0,0,1021,0,283,0,1304,California
Modoc, County,Modoc County,2/8/2021,11,1597,1,307,10,1290,0,0,10,1030,1,284,10,1314,California
Modoc, County,Modoc County,2/9/2021,199,1796,11,318,188,1478,0,0,66,963,133,417,66,1380,California
Modoc, County,Modoc County,2/10/2021,6,1802,3,321,3,1481,0,0,4,965,2,419,4,1384,California
Modoc, County,Modoc County,2/11/2021,201,2003,2,323,199,1680,0,0,84,932,117,536,84,1468,California
Modoc, County,Modoc County,2/12/2021,9,2012,2,325,7,1687,0,0,3,929,6,542,3,1471,California
Modoc, County,Modoc County,2/13/2021,2,2014,0,325,2,1689,0,0,1,929,1,543,1,1472,California
Modoc, County,Modoc County,2/14/2021,0,2014,0,325,0,1689,0,0,0,929,0,543,0,1472,California
Modoc, County,Modoc County,2/15/2021,0,2014,0,325,0,1689,0,0,0,929,0,543,0,1472,California
Modoc, County,Modoc County,2/16/2021,147,2161,6,331,141,1830,0,0,140,1062,7,550,140,1612,California
Modoc, County,Modoc County,2/17/2021,24,2185,2,333,22,1852,0,0,10,1058,14,564,10,1622,California
Modoc, County,Modoc County,2/18/2021,191,2376,4,337,187,2039,0,0,22,914,168,732,24,1646,California
Modoc, County,Modoc County,2/19/2021,4,2380,4,341,0,2039,0,0,2,914,2,734,2,1648,California
Modoc, County,Modoc County,2/20/2021,1,2381,1,342,0,2039,0,0,0,913,1,735,0,1648,California
Modoc, County,Modoc County,2/21/2021,0,2381,0,342,0,2039,0,0,0,913,0,735,0,1648,California
Modoc, County,Modoc County,2/22/2021,18,2399,8,350,10,2049,0,0,3,901,15,750,3,1651,California
Modoc, County,Modoc County,2/23/2021,88,2487,2,352,86,2135,0,0,14,842,73,823,14,1665,California
Modoc, County,Modoc County,2/24/2021,96,2583,3,355,93,2228,0,0,32,810,64,887,32,1697,California
Modoc, County,Modoc County,2/25/2021,172,2755,1,356,171,2399,0,0,14,666,158,1045,14,1711,California
Modoc, County,Modoc County,2/26/2021,2,2757,0,356,2,2401,0,0,1,666,1,1046,1,1712,California
Modoc, County,Modoc County,2/27/2021,2,2759,2,358,0,2401,0,0,2,668,0,1046,2,1714,California
Modoc, County,Modoc County,2/28/2021,0,2759,0,358,0,2401,0,0,0,668,0,1046,0,1714,California
Modoc, County,Modoc County,3/1/2021,7,2766,0,358,7,2408,0,0,1,664,5,1051,1,1715,California
Modoc, County,Modoc County,3/2/2021,198,2964,11,369,187,2595,0,0,26,518,172,1223,26,1741,California
Modoc, County,Modoc County,3/3/2021,12,2976,6,375,6,2601,0,0,2,510,10,1233,2,1743,California
Modoc, County,Modoc County,3/4/2021,173,3149,0,375,173,2774,0,0,145,627,28,1261,145,1888,California
Modoc, County,Modoc County,3/5/2021,2,3151,1,376,1,2775,0,0,1,627,1,1262,1,1889,California
Modoc, County,Modoc County,3/6/2021,11,3162,0,376,1,2776,10,10,1,628,10,1272,11,1900,California
Modoc, County,Modoc County,3/7/2021,8,3170,2,378,0,2776,6,16,2,630,6,1278,8,1908,California
Modoc, County,Modoc County,3/8/2021,8,3178,1,379,3,2779,4,20,1,629,6,1284,5,1913,California
Modoc, County,Modoc County,3/9/2021,128,3306,10,389,109,2888,9,29,61,632,67,1351,70,1983,California
Modoc, County,Modoc County,3/10/2021,9,3315,3,392,2,2890,4,33,4,635,5,1356,8,1991,California
Modoc, County,Modoc County,3/11/2021,209,3524,1,393,99,2989,109,142,23,581,186,1542,132,2123,California
Modoc, County,Modoc County,3/12/2021,10,3534,1,394,4,2993,5,147,4,584,6,1548,9,2132,California
Modoc, County,Modoc County,3/13/2021,6,3540,0,394,3,2996,3,150,1,583,5,1553,4,2136,California
Modoc, County,Modoc County,3/14/2021,0,3540,0,394,0,2996,0,150,0,583,0,1553,0,2136,California
Modoc, County,Modoc County,3/15/2021,13,3553,0,394,12,3008,1,151,12,595,1,1554,13,2149,California
Modoc, County,Modoc County,3/16/2021,174,3727,2,396,168,3176,4,155,42,508,132,1686,45,2194,California
Modoc, County,Modoc County,3/17/2021,12,3739,2,398,5,3181,5,160,3,507,9,1695,8,2202,California
Modoc, County,Modoc County,3/18/2021,67,3806,2,400,58,3239,7,167,34,515,33,1728,41,2243,California
Modoc, County,Modoc County,3/19/2021,5,3811,0,400,0,3239,5,172,0,515,5,1733,5,2248,California
Modoc, County,Modoc County,3/20/2021,5,3816,2,402,0,3239,3,175,0,513,5,1738,3,2251,California
Modoc, County,Modoc County,3/21/2021,3,3819,1,403,0,3239,2,177,1,514,2,1740,3,2254,California
Modoc, County,Modoc County,3/22/2021,17,3836,1,404,11,3250,5,182,12,526,5,1745,17,2271,California
Modoc, County,Modoc County,3/23/2021,65,3901,6,410,56,3306,3,185,43,550,22,1767,46,2317,California
Modoc, County,Modoc County,3/24/2021,29,3930,1,411,18,3324,10,195,1,533,28,1795,11,2328,California
Modoc, County,Modoc County,3/25/2021,79,4009,3,414,74,3398,2,197,47,550,32,1827,49,2377,California
Modoc, County,Modoc County,3/26/2021,7,4016,3,417,1,3399,3,200,2,550,5,1832,5,2382,California
Modoc, County,Modoc County,3/27/2021,2,4018,0,417,1,3400,1,201,1,551,1,1833,2,2384,California
Modoc, County,Modoc County,3/28/2021,0,4018,0,417,0,3400,0,201,0,551,0,1833,0,2384,California
Modoc, County,Modoc County,3/29/2021,15,4033,1,418,6,3406,8,209,6,556,9,1842,14,2398,California
Modoc, County,Modoc County,3/30/2021,56,4089,9,427,41,3447,6,215,23,552,33,1875,29,2427,California
Modoc, County,Modoc County,3/31/2021,10,4099,2,429,4,3451,4,219,4,554,6,1881,8,2435,California
Modoc, County,Modoc County,4/1/2021,168,4267,3,432,160,3611,5,224,34,459,134,2015,39,2474,California
Modoc, County,Modoc County,4/2/2021,5,4272,0,432,2,3613,3,227,1,460,3,2018,4,2478,California
Modoc, County,Modoc County,4/3/2021,3,4275,0,432,0,3613,3,230,0,460,2,2020,2,2480,California
Modoc, County,Modoc County,4/4/2021,0,4275,0,432,0,3613,0,230,0,460,0,2020,0,2480,California
Modoc, County,Modoc County,4/5/2021,10,4285,0,432,9,3622,1,231,9,469,1,2021,10,2490,California
Modoc, County,Modoc County,4/6/2021,23,4308,5,437,8,3630,10,241,5,466,18,2039,15,2505,California
Modoc, County,Modoc County,4/7/2021,12,4320,1,438,4,3634,7,248,3,467,9,2048,10,2515,California
Modoc, County,Modoc County,4/8/2021,94,4414,1,439,92,3726,1,249,26,426,68,2116,27,2542,California
Modoc, County,Modoc County,4/9/2021,11,4425,2,441,6,3732,3,252,2,421,9,2125,4,2546,California
Modoc, County,Modoc County,4/10/2021,5,4430,0,441,1,3733,4,256,0,420,5,2130,4,2550,California
Modoc, County,Modoc County,4/11/2021,1,4431,1,442,0,3733,0,256,0,419,1,2131,0,2550,California
Modoc, County,Modoc County,4/12/2021,13,4444,0,442,9,3742,4,260,1,413,11,2142,5,2555,California
Modoc, County,Modoc County,4/13/2021,33,4477,29,471,4,3746,0,260,22,424,11,2153,22,2577,California
Modoc, County,Modoc County,4/14/2021,3,4480,2,473,1,3747,0,260,1,423,2,2155,1,2578,California
Modoc, County,Modoc County,4/15/2021,101,4581,0,473,101,3848,0,260,28,379,72,2227,28,2606,California
Modoc, County,Modoc County,4/16/2021,7,4588,5,478,2,3850,0,260,6,384,1,2228,6,2612,California
Modoc, County,Modoc County,4/17/2021,2,4590,2,480,0,3850,0,260,2,386,0,2228,2,2614,California
Modoc, County,Modoc County,4/18/2021,1,4591,0,480,1,3851,0,260,1,387,0,2228,1,2615,California
Modoc, County,Modoc County,4/19/2021,7,4598,0,480,7,3858,0,260,2,384,5,2233,2,2617,California
Modoc, County,Modoc County,4/20/2021,48,4646,2,482,46,3904,0,260,12,360,36,2269,12,2629,California
Modoc, County,Modoc County,4/21/2021,2,4648,2,484,0,3904,0,260,1,360,1,2270,1,2630,California
Modoc, County,Modoc County,4/22/2021,97,4745,3,487,94,3998,0,260,38,339,59,2329,38,2668,California
Modoc, County,Modoc County,4/23/2021,4,4749,0,487,4,4002,0,260,4,343,0,2329,4,2672,California
Modoc, County,Modoc County,4/24/2021,2,4751,0,487,1,4003,1,261,1,344,1,2330,2,2674,California
Modoc, County,Modoc County,4/25/2021,1,4752,1,488,0,4003,0,261,1,345,0,2330,1,2675,California
Modoc, County,Modoc County,4/26/2021,8,4760,0,488,8,4011,0,261,2,341,6,2336,2,2677,California
Modoc, County,Modoc County,4/27/2021,7,4767,5,493,1,4012,1,262,1,337,6,2342,2,2679,California
Modoc, County,Modoc County,4/28/2021,7,4774,1,494,5,4017,1,263,2,335,5,2347,3,2682,California
Modoc, County,Modoc County,4/29/2021,66,4840,0,494,66,4083,0,263,20,309,46,2393,20,2702,California
Modoc, County,Modoc County,4/30/2021,4,4844,3,497,1,4084,0,263,2,309,2,2395,2,2704,California
Modoc, County,Modoc County,5/1/2021,0,4844,0,497,0,4084,0,263,0,309,0,2395,0,2704,California
Modoc, County,Modoc County,5/2/2021,2,4846,2,499,0,4084,0,263,2,311,0,2395,2,2706,California
Modoc, County,Modoc County,5/3/2021,15,4861,0,499,15,4099,0,263,6,308,9,2404,6,2712,California
Modoc, County,Modoc County,5/4/2021,8,4869,2,501,4,4103,2,265,3,308,5,2409,5,2717,California
Modoc, County,Modoc County,5/5/2021,28,4897,25,526,2,4105,1,266,8,297,20,2429,9,2726,California
Modoc, County,Modoc County,5/6/2021,55,4952,3,529,50,4155,2,268,21,286,34,2463,23,2749,California
Modoc, County,Modoc County,5/7/2021,8,4960,3,532,3,4158,2,270,2,284,6,2469,4,2753,California
Modoc, County,Modoc County,5/8/2021,3,4963,2,534,0,4158,1,271,1,284,2,2471,2,2755,California
Modoc, County,Modoc County,5/9/2021,1,4964,1,535,0,4158,0,271,0,283,1,2472,0,2755,California
Modoc, County,Modoc County,5/10/2021,2,4966,0,535,1,4159,1,272,1,284,1,2473,2,2757,California
Modoc, County,Modoc County,5/11/2021,3,4969,2,537,0,4159,1,273,0,282,3,2476,1,2758,California
Modoc, County,Modoc County,5/12/2021,3,4972,0,537,0,4159,3,276,0,282,3,2479,3,2761,California
Modoc, County,Modoc County,5/13/2021,43,5015,0,537,39,4198,4,280,14,271,29,2508,18,2779,California
Modoc, County,Modoc County,5/14/2021,8,5023,3,540,0,4198,5,285,3,274,5,2513,8,2787,California
Modoc, County,Modoc County,5/15/2021,1,5024,0,540,1,4199,0,285,1,275,0,2513,1,2788,California
Modoc, County,Modoc County,5/16/2021,2,5026,1,541,1,4200,0,285,0,273,2,2515,0,2788,California
Modoc, County,Modoc County,5/17/2021,6,5032,2,543,4,4204,0,285,3,273,3,2518,3,2791,California
Modoc, County,Modoc County,5/18/2021,28,5060,12,555,14,4218,2,287,13,273,15,2533,15,2806,California
Modoc, County,Modoc County,5/19/2021,8,5068,1,556,3,4221,4,291,4,277,4,2537,8,2814,California
Modoc, County,Modoc County,5/20/2021,57,5125,2,558,46,4267,9,300,8,245,49,2586,17,2831,California
Modoc, County,Modoc County,5/21/2021,4,5129,2,560,1,4268,1,301,0,242,4,2590,1,2832,California
Modoc, County,Modoc County,5/22/2021,3,5132,2,562,1,4269,0,301,1,241,2,2592,1,2833,California
Modoc, County,Modoc County,5/23/2021,2,5134,2,564,0,4269,0,301,0,239,2,2594,0,2833,California
Modoc, County,Modoc County,5/24/2021,4,5138,1,565,1,4270,2,303,2,241,2,2596,4,2837,California
Modoc, County,Modoc County,5/25/2021,1,5139,0,565,1,4271,0,303,1,242,0,2596,1,2838,California
Modoc, County,Modoc County,5/26/2021,35,5174,32,597,3,4274,0,303,26,259,9,2605,26,2864,California
Modoc, County,Modoc County,5/27/2021,31,5205,3,600,22,4296,6,309,8,250,23,2628,14,2878,California
Modoc, County,Modoc County,5/28/2021,8,5213,1,601,4,4300,3,312,3,251,5,2633,6,2884,California
Modoc, County,Modoc County,5/29/2021,1,5214,1,602,0,4300,0,312,0,250,1,2634,0,2884,California
Modoc, County,Modoc County,5/30/2021,0,5214,0,602,0,4300,0,312,0,250,0,2634,0,2884,California
Modoc, County,Modoc County,5/31/2021,1,5215,0,602,0,4300,1,313,0,250,0,2634,0,2884,California
Modoc, County,Modoc County,6/1/2021,7,5222,1,603,5,4305,1,314,3,250,4,2638,4,2888,California
Modoc, County,Modoc County,6/2/2021,12,5234,0,603,10,4315,2,316,4,248,8,2646,6,2894,California
Modoc, County,Modoc County,6/3/2021,24,5258,1,604,21,4336,2,318,4,234,20,2666,6,2900,California
Modoc, County,Modoc County,6/4/2021,5,5263,3,607,1,4337,1,319,0,230,5,2671,1,2901,California
Modoc, County,Modoc County,6/5/2021,0,5263,0,607,0,4337,0,319,0,230,0,2671,0,2901,California
Modoc, County,Modoc County,6/6/2021,0,5263,0,607,0,4337,0,319,0,230,0,2671,0,2901,California
Modoc, County,Modoc County,6/7/2021,3,5266,3,610,0,4337,0,319,1,229,2,2673,1,2902,California
Modoc, County,Modoc County,6/8/2021,27,5293,9,619,17,4354,1,320,17,237,10,2683,18,2920,California
Modoc, County,Modoc County,6/9/2021,3,5296,2,621,1,4355,0,320,2,238,1,2684,2,2922,California
Modoc, County,Modoc County,6/10/2021,21,5317,1,622,19,4374,1,321,7,232,14,2698,8,2930,California
Modoc, County,Modoc County,6/11/2021,2,5319,1,623,1,4375,0,321,2,234,0,2698,2,2932,California
Modoc, County,Modoc County,6/12/2021,1,5320,1,624,0,4375,0,321,0,233,1,2699,0,2932,California
Modoc, County,Modoc County,6/13/2021,0,5320,0,624,0,4375,0,321,0,233,0,2699,0,2932,California
Modoc, County,Modoc County,6/14/2021,4,5324,0,624,2,4377,2,323,0,231,4,2703,2,2934,California
Modoc, County,Modoc County,6/15/2021,7,5331,1,625,4,4381,2,325,4,234,3,2706,6,2940,California
Modoc, County,Modoc County,6/16/2021,41,5372,25,650,11,4392,5,330,22,244,19,2725,29,2969,California
Modoc, County,Modoc County,6/17/2021,48,5420,22,672,25,4417,1,331,27,251,21,2746,28,2997,California
Modoc, County,Modoc County,6/18/2021,5,5425,0,672,3,4420,2,333,3,254,2,2748,5,3002,California
Modoc, County,Modoc County,6/19/2021,3,5428,0,672,1,4421,2,335,1,255,2,2750,3,3005,California
Modoc, County,Modoc County,6/20/2021,0,5428,0,672,0,4421,0,335,0,255,0,2750,0,3005,California
Modoc, County,Modoc County,6/21/2021,2,5430,1,673,1,4422,0,335,2,257,0,2750,2,3007,California
Modoc, County,Modoc County,6/22/2021,11,5441,4,677,7,4429,0,335,8,262,3,2753,8,3015,California
Modoc, County,Modoc County,6/23/2021,6,5447,0,677,3,4432,3,338,1,261,5,2758,4,3019,California
Modoc, County,Modoc County,6/24/2021,33,5480,14,691,15,4447,4,342,23,278,10,2768,27,3046,California
Modoc, County,Modoc County,6/25/2021,8,5488,0,691,5,4452,3,345,2,277,6,2774,5,3051,California
Modoc, County,Modoc County,6/26/2021,0,5488,0,691,0,4452,0,345,0,277,0,2774,0,3051,California
Modoc, County,Modoc County,6/27/2021,0,5488,0,691,0,4452,0,345,0,277,0,2774,0,3051,California
Modoc, County,Modoc County,6/28/2021,4,5492,1,692,3,4455,0,345,3,279,1,2775,3,3054,California
Modoc, County,Modoc County,6/29/2021,10,5502,1,693,8,4463,1,346,7,284,3,2778,8,3062,California
Modoc, County,Modoc County,6/30/2021,8,5510,1,694,7,4470,0,346,5,286,3,2781,5,3067,California
Modoc, County,Modoc County,7/1/2021,23,5533,11,705,1,4471,11,357,9,292,14,2795,20,3087,California
Modoc, County,Modoc County,7/2/2021,2,5535,2,707,0,4471,0,357,0,290,2,2797,0,3087,California
Modoc, County,Modoc County,7/3/2021,3,5538,0,707,3,4474,0,357,3,293,0,2797,3,3090,California
Modoc, County,Modoc County,7/4/2021,0,5538,0,707,0,4474,0,357,0,293,0,2797,0,3090,California
Modoc, County,Modoc County,7/5/2021,0,5538,0,707,0,4474,0,357,0,293,0,2797,0,3090,California
Modoc, County,Modoc County,7/6/2021,11,5549,4,711,7,4481,0,357,6,294,5,2802,6,3096,California
Modoc, County,Modoc County,7/7/2021,6,5555,1,712,4,4485,1,358,3,295,3,2805,4,3100,California
Modoc, County,Modoc County,7/8/2021,73,5628,36,748,31,4516,6,364,20,268,53,2858,26,3126,California
Modoc, County,Modoc County,7/9/2021,1,5629,0,748,0,4516,1,365,0,268,1,2859,1,3127,California
Modoc, County,Modoc County,7/10/2021,1,5630,0,748,1,4517,0,365,1,269,0,2859,1,3128,California
Modoc, County,Modoc County,7/11/2021,1,5631,0,748,1,4518,0,365,1,270,0,2859,1,3129,California
Modoc, County,Modoc County,7/12/2021,0,5631,0,748,0,4518,0,365,0,270,0,2859,0,3129,California
Modoc, County,Modoc County,7/13/2021,7,5638,2,750,5,4523,0,365,3,269,4,2863,3,3132,California
Modoc, County,Modoc County,7/14/2021,4,5642,0,750,4,4527,0,365,1,267,3,2866,1,3133,California
Modoc, County,Modoc County,7/15/2021,45,5687,19,769,23,4550,3,368,12,249,33,2899,15,3148,California
Modoc, County,Modoc County,7/16/2021,4,5691,0,769,4,4554,0,368,1,247,3,2902,1,3149,California
Modoc, County,Modoc County,7/17/2021,0,5691,0,769,0,4554,0,368,0,247,0,2902,0,3149,California
Modoc, County,Modoc County,7/18/2021,0,5691,0,769,0,4554,0,368,0,247,0,2902,0,3149,California
Modoc, County,Modoc County,7/19/2021,4,5695,2,771,2,4556,0,368,4,251,0,2902,4,3153,California
Modoc, County,Modoc County,7/20/2021,24,5719,12,783,10,4566,2,370,12,255,12,2914,16,3169,California
Modoc, County,Modoc County,7/21/2021,2,5721,0,783,2,4568,0,370,0,253,2,2916,0,3169,California
Modoc, County,Modoc County,7/22/2021,23,5744,9,792,12,4580,2,372,4,240,19,2935,6,3175,California
Modoc, County,Modoc County,7/23/2021,7,5751,2,794,5,4585,0,372,5,243,2,2937,5,3180,California
Modoc, County,Modoc County,7/24/2021,1,5752,0,794,1,4586,0,372,1,244,0,2937,1,3181,California
Modoc, County,Modoc County,7/25/2021,0,5752,0,794,0,4586,0,372,0,244,0,2937,0,3181,California
Modoc, County,Modoc County,7/26/2021,7,5759,3,797,3,4589,1,373,4,246,3,2940,5,3186,California
Modoc, County,Modoc County,7/27/2021,13,5772,5,802,6,4595,2,375,3,241,10,2950,5,3191,California
Modoc, County,Modoc County,7/28/2021,14,5786,2,804,10,4605,2,377,6,241,8,2958,8,3199,California
Modoc, County,Modoc County,7/29/2021,34,5820,30,834,4,4609,0,377,20,247,14,2972,20,3219,California
Modoc, County,Modoc County,7/30/2021,8,5828,0,834,7,4616,1,378,6,252,2,2974,7,3226,California
Modoc, County,Modoc County,7/31/2021,5,5833,1,835,4,4620,0,378,2,251,3,2977,2,3228,California
Modoc, County,Modoc County,8/1/2021,0,5833,0,835,0,4620,0,378,0,251,0,2977,0,3228,California
Modoc, County,Modoc County,8/2/2021,2,5835,0,835,2,4622,0,378,2,253,0,2977,2,3230,California
Modoc, County,Modoc County,8/3/2021,17,5852,3,838,7,4629,7,385,6,255,11,2988,13,3243,California
Modoc, County,Modoc County,8/4/2021,7,5859,2,840,5,4634,0,385,2,252,5,2993,2,3245,California
Modoc, County,Modoc County,8/5/2021,26,5885,8,848,16,4650,2,387,19,266,7,3000,21,3266,California
Modoc, County,Modoc County,8/6/2021,4,5889,1,849,3,4653,0,387,2,267,1,3001,2,3268,California
Modoc, County,Modoc County,8/7/2021,3,5892,0,849,3,4656,0,387,2,268,1,3002,2,3270,California
Modoc, County,Modoc County,8/8/2021,1,5893,0,849,1,4657,0,387,0,267,1,3003,0,3270,California
Modoc, County,Modoc County,8/9/2021,11,5904,7,856,3,4660,1,388,7,271,4,3007,8,3278,California
Modoc, County,Modoc County,8/10/2021,15,5919,4,860,6,4666,5,393,6,273,9,3016,11,3289,California
Mono, County,Mono County,12/15/2020,0,0,0,0,0,0,0,0,0,0,0,0,0,0,California
Mono, County,Mono County,12/16/2020,0,0,0,0,0,0,0,0,0,0,0,0,0,0,California
Mono, County,Mono County,12/17/2020,0,0,0,0,0,0,0,0,0,0,0,0,0,0,California
Mono, County,Mono County,12/18/2020,2,2,2,2,0,0,0,0,2,2,0,0,2,2,California
Mono, County,Mono County,12/19/2020,5,7,5,7,0,0,0,0,5,7,0,0,5,7,California
Mono, County,Mono County,12/20/2020,7,14,7,14,0,0,0,0,7,14,0,0,7,14,California
Mono, County,Mono County,12/21/2020,24,38,17,31,7,7,0,0,24,38,0,0,24,38,California
Mono, County,Mono County,12/22/2020,69,107,67,98,2,9,0,0,69,107,0,0,69,107,California
Mono, County,Mono County,12/23/2020,72,179,45,143,27,36,0,0,72,179,0,0,72,179,California
Mono, County,Mono County,12/24/2020,3,182,1,144,2,38,0,0,3,182,0,0,3,182,California
Mono, County,Mono County,12/25/2020,0,182,0,144,0,38,0,0,0,182,0,0,0,182,California
Mono, County,Mono County,12/26/2020,4,186,4,148,0,38,0,0,4,186,0,0,4,186,California
Mono, County,Mono County,12/27/2020,1,187,0,148,1,39,0,0,1,187,0,0,1,187,California
Mono, County,Mono County,12/28/2020,93,280,62,210,31,70,0,0,93,280,0,0,93,280,California
Mono, County,Mono County,12/29/2020,30,310,30,240,0,70,0,0,30,310,0,0,30,310,California
Mono, County,Mono County,12/30/2020,77,387,36,276,41,111,0,0,77,387,0,0,77,387,California
Mono, County,Mono County,12/31/2020,4,391,1,277,3,114,0,0,4,391,0,0,4,391,California
Mono, County,Mono County,1/1/2021,4,395,4,281,0,114,0,0,4,395,0,0,4,395,California
Mono, County,Mono County,1/2/2021,2,397,2,283,0,114,0,0,2,397,0,0,2,397,California
Mono, County,Mono County,1/3/2021,0,397,0,283,0,114,0,0,0,397,0,0,0,397,California
Mono, County,Mono County,1/4/2021,2,399,0,283,2,116,0,0,2,399,0,0,2,399,California
Mono, County,Mono County,1/5/2021,44,443,2,285,42,158,0,0,43,441,1,1,43,442,California
Mono, County,Mono County,1/6/2021,51,494,0,285,51,209,0,0,51,492,0,1,51,493,California
Mono, County,Mono County,1/7/2021,55,549,3,288,52,261,0,0,53,544,2,3,54,547,California
Mono, County,Mono County,1/8/2021,5,554,2,290,3,264,0,0,3,545,2,5,3,550,California
Mono, County,Mono County,1/9/2021,4,558,4,294,0,264,0,0,0,541,4,9,0,550,California
Mono, County,Mono County,1/10/2021,5,563,5,299,0,264,0,0,0,536,5,14,0,550,California
Mono, County,Mono County,1/11/2021,7,570,5,304,2,266,0,0,3,535,4,18,3,553,California
Mono, County,Mono County,1/12/2021,286,856,78,382,208,474,0,0,220,690,65,83,220,773,California
Mono, County,Mono County,1/13/2021,237,1093,74,456,163,637,0,0,181,815,56,139,181,954,California
Mono, County,Mono County,1/14/2021,75,1168,72,528,3,640,0,0,74,888,1,140,74,1028,California
Mono, County,Mono County,1/15/2021,71,1239,3,531,68,708,0,0,71,959,0,140,71,1099,California
Mono, County,Mono County,1/16/2021,5,1244,4,535,1,709,0,0,1,956,4,144,1,1100,California
Mono, County,Mono County,1/17/2021,0,1244,0,535,0,709,0,0,0,956,0,144,0,1100,California
Mono, County,Mono County,1/18/2021,64,1308,54,589,10,719,0,0,3,898,61,205,3,1103,California
Mono, County,Mono County,1/19/2021,212,1520,209,798,3,722,0,0,173,1033,39,244,174,1277,California
Mono, County,Mono County,1/20/2021,237,1757,203,1001,34,756,0,0,176,1148,61,305,176,1453,California
Mono, County,Mono County,1/21/2021,7,1764,4,1005,3,759,0,0,7,1155,0,305,7,1460,California
Mono, County,Mono County,1/22/2021,5,1769,0,1005,5,764,0,0,5,1160,0,305,5,1465,California
Mono, County,Mono County,1/23/2021,595,2364,595,1600,0,764,0,0,594,1753,1,306,594,2059,California
Mono, County,Mono County,1/24/2021,1,2365,0,1600,1,765,0,0,0,1752,1,307,0,2059,California
Mono, County,Mono County,1/25/2021,200,2565,163,1763,37,802,0,0,162,1876,38,345,162,2221,California
Mono, County,Mono County,1/26/2021,504,3069,502,2265,2,804,0,0,498,2368,6,351,498,2719,California
Mono, County,Mono County,1/27/2021,4,3073,0,2265,4,808,0,0,4,2372,0,351,4,2723,California
Mono, County,Mono County,1/28/2021,7,3080,2,2267,5,813,0,0,3,2371,4,355,3,2726,California
Mono, County,Mono County,1/29/2021,0,3080,0,2267,0,813,0,0,0,2371,0,355,0,2726,California
Mono, County,Mono County,1/30/2021,196,3276,194,2461,2,815,0,0,195,2565,1,356,195,2921,California
Mono, County,Mono County,1/31/2021,250,3526,138,2599,112,927,0,0,139,2593,111,467,139,3060,California
Mono, County,Mono County,2/1/2021,27,3553,27,2626,0,927,0,0,0,2566,27,494,0,3060,California
Mono, County,Mono County,2/2/2021,5,3558,0,2626,5,932,0,0,2,2565,3,497,2,3062,California
Mono, County,Mono County,2/3/2021,6,3564,2,2628,4,936,0,0,3,2565,3,500,3,3065,California
Mono, County,Mono County,2/4/2021,216,3780,159,2787,57,993,0,0,92,2535,122,622,92,3157,California
Mono, County,Mono County,2/5/2021,619,4399,612,3399,7,1000,0,0,615,3146,4,626,615,3772,California
Mono, County,Mono County,2/6/2021,135,4534,134,3533,1,1001,0,0,134,3279,1,627,134,3906,California
Mono, County,Mono County,2/7/2021,3,4537,0,3533,3,1004,0,0,3,3282,0,627,3,3909,California
Mono, County,Mono County,2/8/2021,173,4710,172,3705,1,1005,0,0,16,3142,156,783,16,3925,California
Mono, County,Mono County,2/9/2021,232,4942,8,3713,224,1229,0,0,15,2940,217,1000,15,3940,California
Mono, County,Mono County,2/10/2021,545,5487,191,3904,354,1583,0,0,196,2788,349,1349,197,4137,California
Mono, County,Mono County,2/11/2021,10,5497,5,3909,5,1588,0,0,4,2786,6,1355,4,4141,California
Mono, County,Mono County,2/12/2021,96,5593,22,3931,74,1662,0,0,28,2746,68,1423,28,4169,California
Mono, County,Mono County,2/13/2021,594,6187,592,4523,2,1664,0,0,28,2209,565,1988,28,4197,California
Mono, County,Mono County,2/14/2021,0,6187,0,4523,0,1664,0,0,0,2209,0,1988,0,4197,California
Mono, County,Mono County,2/15/2021,168,6355,166,4689,2,1666,0,0,2,2047,164,2152,2,4199,California
Mono, County,Mono County,2/16/2021,525,6880,519,5208,6,1672,0,0,46,1619,476,2628,48,4247,California
Mono, County,Mono County,2/17/2021,5,6885,1,5209,4,1676,0,0,2,1618,3,2631,2,4249,California
Mono, County,Mono County,2/18/2021,6,6891,2,5211,4,1680,0,0,2,1616,4,2635,2,4251,California
Mono, County,Mono County,2/19/2021,55,6946,54,5265,1,1681,0,0,55,1671,0,2635,55,4306,California
Mono, County,Mono County,2/20/2021,7,6953,7,5272,0,1681,0,0,7,1678,0,2635,7,4313,California
Mono, County,Mono County,2/21/2021,10,6963,10,5282,0,1681,0,0,8,1684,2,2637,8,4321,California
Mono, County,Mono County,2/22/2021,299,7262,298,5580,1,1682,0,0,27,1440,271,2908,27,4348,California
Mono, County,Mono County,2/23/2021,156,7418,132,5712,24,1706,0,0,27,1338,129,3037,27,4375,California
Mono, County,Mono County,2/24/2021,13,7431,3,5715,10,1716,0,0,4,1333,9,3046,4,4379,California
Mono, County,Mono County,2/25/2021,6,7437,2,5717,4,1720,0,0,3,1334,2,3048,3,4382,California
Mono, County,Mono County,2/26/2021,615,8052,613,6330,2,1722,0,0,23,767,590,3638,23,4405,California
Mono, County,Mono County,2/27/2021,140,8192,136,6466,4,1726,0,0,5,639,133,3771,5,4410,California
Mono, County,Mono County,2/28/2021,1,8193,0,6466,0,1726,1,1,0,639,1,3772,1,4411,California
Mono, County,Mono County,3/1/2021,4,8197,2,6468,2,1728,0,1,3,642,0,3772,3,4414,California
Mono, County,Mono County,3/2/2021,8,8205,4,6472,4,1732,0,1,6,646,2,3774,6,4420,California
Mono, County,Mono County,3/3/2021,113,8318,3,6475,110,1842,0,1,109,752,3,3777,109,4529,California
Mono, County,Mono County,3/4/2021,7,8325,2,6477,5,1847,0,1,3,751,4,3781,3,4532,California
Mono, County,Mono County,3/5/2021,40,8365,31,6508,9,1856,0,1,12,735,28,3809,12,4544,California
Mono, County,Mono County,3/6/2021,514,8879,17,6525,497,2353,0,1,505,1234,7,3816,506,5050,California
Mono, County,Mono County,3/7/2021,1,8880,0,6525,1,2354,0,1,0,1233,1,3817,0,5050,California
Mono, County,Mono County,3/8/2021,542,9422,11,6536,528,2882,3,4,531,1756,11,3828,534,5584,California
Mono, County,Mono County,3/9/2021,8,9430,3,6539,3,2885,2,6,3,1757,4,3832,5,5589,California
Mono, County,Mono County,3/10/2021,287,9717,92,6631,192,3077,3,9,8,1492,276,4108,11,5600,California
Mono, County,Mono County,3/11/2021,11,9728,0,6631,2,3079,9,18,0,1490,11,4119,9,5609,California
Mono, County,Mono County,3/12/2021,8,9736,1,6632,1,3080,6,24,2,1490,6,4125,6,5615,California
Mono, County,Mono County,3/13/2021,838,10574,396,7028,441,3521,1,25,823,2299,15,4140,824,6439,California
Mono, County,Mono County,3/14/2021,7,10581,7,7035,0,3521,0,25,1,2294,6,4146,1,6440,California
Mono, County,Mono County,3/15/2021,31,10612,23,7058,3,3524,5,30,14,2297,16,4162,19,6459,California
Mono, County,Mono County,3/16/2021,17,10629,6,7064,5,3529,6,36,7,2300,10,4172,13,6472,California
Mono, County,Mono County,3/17/2021,32,10661,5,7069,19,3548,8,44,19,2314,13,4185,27,6499,California
Mono, County,Mono County,3/18/2021,22,10683,2,7071,11,3559,9,53,9,2319,13,4198,18,6517,California
Mono, County,Mono County,3/19/2021,21,10704,1,7072,17,3576,3,56,17,2336,3,4201,20,6537,California
Mono, County,Mono County,3/20/2021,4,10708,2,7074,1,3577,1,57,3,2339,1,4202,4,6541,California
Mono, County,Mono County,3/21/2021,0,10708,0,7074,0,3577,0,57,0,2339,0,4202,0,6541,California
Mono, County,Mono County,3/22/2021,11,10719,0,7074,6,3583,5,62,5,2343,6,4208,10,6551,California
Mono, County,Mono County,3/23/2021,47,10766,6,7080,36,3619,5,67,18,2338,28,4236,23,6574,California
Mono, County,Mono County,3/24/2021,14,10780,1,7081,8,3627,5,72,5,2340,9,4245,11,6585,California
Mono, County,Mono County,3/25/2021,20,10800,3,7084,13,3640,4,76,14,2352,6,4251,18,6603,California
Mono, County,Mono County,3/26/2021,19,10819,3,7087,11,3651,5,81,10,2360,7,4258,15,6618,California
Mono, County,Mono County,3/27/2021,363,11182,360,7447,3,3654,0,81,337,2671,26,4284,337,6955,California
Mono, County,Mono County,3/28/2021,0,11182,0,7447,0,3654,0,81,0,2671,0,4284,0,6955,California
Mono, County,Mono County,3/29/2021,12,11194,2,7449,9,3663,1,82,9,2678,3,4287,10,6965,California
Mono, County,Mono County,3/30/2021,14,11208,0,7449,10,3673,4,86,7,2682,7,4294,11,6976,California
Mono, County,Mono County,3/31/2021,136,11344,8,7457,127,3800,1,87,25,2598,110,4404,26,7002,California
Mono, County,Mono County,4/1/2021,10,11354,0,7457,10,3810,0,87,6,2600,4,4408,6,7008,California
Mono, County,Mono County,4/2/2021,18,11372,3,7460,15,3825,0,87,9,2600,9,4417,9,7017,California
Mono, County,Mono County,4/3/2021,879,12251,381,7841,498,4323,0,87,49,1823,827,5244,50,7067,California
Mono, County,Mono County,4/4/2021,2,12253,1,7842,1,4324,0,87,0,1821,2,5246,0,7067,California
Mono, County,Mono County,4/5/2021,546,12799,18,7860,527,4851,1,88,35,1347,510,5756,36,7103,California
Mono, County,Mono County,4/6/2021,19,12818,0,7860,6,4857,13,101,2,1345,17,5773,15,7118,California
Mono, County,Mono County,4/7/2021,24,12842,2,7862,2,4859,20,121,2,1345,22,5795,22,7140,California
Mono, County,Mono County,4/8/2021,26,12868,4,7866,3,4862,19,140,6,1350,20,5815,25,7165,California
Mono, County,Mono County,4/9/2021,39,12907,6,7872,4,4866,29,169,9,1358,30,5845,38,7203,California
Mono, County,Mono County,4/10/2021,460,13367,2,7874,451,5317,7,176,32,969,428,6273,39,7242,California
Mono, County,Mono County,4/11/2021,0,13367,0,7874,0,5317,0,176,0,969,0,6273,0,7242,California
Mono, County,Mono County,4/12/2021,6,13373,0,7874,3,5320,3,179,3,972,3,6276,6,7248,California
Mono, County,Mono County,4/13/2021,20,13393,2,7876,17,5337,1,180,14,981,6,6282,15,7263,California
Mono, County,Mono County,4/14/2021,26,13419,2,7878,24,5361,0,180,9,973,17,6299,9,7272,California
Mono, County,Mono County,4/15/2021,20,13439,5,7883,15,5376,0,180,10,973,10,6309,10,7282,California
Mono, County,Mono County,4/16/2021,17,13456,1,7884,16,5392,0,180,6,968,11,6320,6,7288,California
Mono, County,Mono County,4/17/2021,52,13508,2,7886,50,5442,0,180,45,1006,7,6327,45,7333,California
Mono, County,Mono County,4/18/2021,1,13509,0,7886,1,5443,0,180,1,1007,0,6327,1,7334,California
Mono, County,Mono County,4/19/2021,553,14062,339,8225,214,5657,0,180,208,873,342,6669,208,7542,California
Mono, County,Mono County,4/20/2021,14,14076,2,8227,12,5669,0,180,9,877,5,6674,9,7551,California
Mono, County,Mono County,4/21/2021,8,14084,1,8228,7,5676,0,180,2,873,6,6680,2,7553,California
Mono, County,Mono County,4/22/2021,25,14109,11,8239,14,5690,0,180,11,870,14,6694,11,7564,California
Mono, County,Mono County,4/23/2021,24,14133,4,8243,20,5710,0,180,12,870,12,6706,12,7576,California
Mono, County,Mono County,4/24/2021,35,14168,20,8263,15,5725,0,180,21,877,14,6720,21,7597,California
Mono, County,Mono County,4/25/2021,5,14173,4,8267,1,5726,0,180,5,882,0,6720,5,7602,California
Mono, County,Mono County,4/26/2021,16,14189,4,8271,12,5738,0,180,3,872,13,6733,3,7605,California
Mono, County,Mono County,4/27/2021,67,14256,41,8312,18,5756,8,188,51,915,16,6749,59,7664,California
Mono, County,Mono County,4/28/2021,64,14320,41,8353,18,5774,5,193,48,954,14,6763,53,7717,California
Mono, County,Mono County,4/29/2021,13,14333,4,8357,6,5780,3,196,4,952,9,6772,7,7724,California
Mono, County,Mono County,4/30/2021,20,14353,4,8361,12,5792,4,200,8,952,12,6784,12,7736,California
Mono, County,Mono County,5/1/2021,117,14470,5,8366,112,5904,0,200,102,1041,13,6797,102,7838,California
Mono, County,Mono County,5/2/2021,1,14471,1,8367,0,5904,0,200,0,1040,1,6798,0,7838,California
Mono, County,Mono County,5/3/2021,2,14473,1,8368,1,5905,0,200,1,1040,1,6799,1,7839,California
Mono, County,Mono County,5/4/2021,19,14492,0,8368,14,5919,5,205,10,1046,9,6808,15,7854,California
Mono, County,Mono County,5/5/2021,53,14545,8,8376,41,5960,4,209,45,1087,8,6816,49,7903,California
Mono, County,Mono County,5/6/2021,15,14560,3,8379,11,5971,1,210,9,1091,6,6822,10,7913,California
Mono, County,Mono County,5/7/2021,29,14589,22,8401,7,5978,0,210,25,1112,4,6826,25,7938,California
Mono, County,Mono County,5/8/2021,53,14642,7,8408,46,6024,0,210,23,1105,30,6856,23,7961,California
Mono, County,Mono County,5/9/2021,1,14643,1,8409,0,6024,0,210,0,1105,0,6856,0,7961,California
Mono, County,Mono County,5/10/2021,19,14662,2,8411,13,6037,4,214,9,1108,10,6866,13,7974,California
Mono, County,Mono County,5/11/2021,16,14678,2,8413,11,6048,3,217,5,1105,11,6877,8,7982,California
Mono, County,Mono County,5/12/2021,12,14690,0,8413,11,6059,1,218,4,1102,8,6885,5,7987,California
Mono, County,Mono County,5/13/2021,54,14744,36,8449,17,6076,1,219,43,1135,11,6896,44,8031,California
Mono, County,Mono County,5/14/2021,11,14755,2,8451,8,6084,1,220,6,1137,5,6901,7,8038,California
Mono, County,Mono County,5/15/2021,69,14824,28,8479,35,6119,6,226,20,1114,49,6950,26,8064,California
Mono, County,Mono County,5/16/2021,6,14830,4,8483,1,6120,1,227,2,1113,4,6954,3,8067,California
Mono, County,Mono County,5/17/2021,256,15086,35,8518,214,6334,7,234,58,982,197,7151,66,8133,California
Mono, County,Mono County,5/18/2021,136,15222,113,8631,22,6356,1,235,89,1026,47,7198,91,8224,California
Mono, County,Mono County,5/19/2021,123,15345,116,8747,2,6358,5,240,79,1066,44,7242,84,8308,California
Mono, County,Mono County,5/20/2021,73,15418,58,8805,10,6368,5,245,55,1108,18,7260,60,8368,California
Mono, County,Mono County,5/21/2021,24,15442,4,8809,17,6385,3,248,10,1107,14,7274,13,8381,California
Mono, County,Mono County,5/22/2021,23,15465,12,8821,8,6393,3,251,16,1119,7,7281,19,8400,California
Mono, County,Mono County,5/23/2021,3,15468,1,8822,2,6395,0,251,2,1120,1,7282,2,8402,California
Mono, County,Mono County,5/24/2021,14,15482,0,8822,13,6408,1,252,8,1124,6,7288,10,8412,California
Mono, County,Mono County,5/25/2021,15,15497,5,8827,10,6418,0,252,8,1126,7,7295,9,8421,California
Mono, County,Mono County,5/26/2021,18,15515,2,8829,15,6433,1,253,7,1123,11,7306,8,8429,California
Mono, County,Mono County,5/27/2021,8,15523,0,8829,8,6441,0,253,5,1126,2,7308,5,8434,California
Mono, County,Mono County,5/28/2021,42,15565,28,8857,14,6455,0,253,11,1106,31,7339,11,8445,California
Mono, County,Mono County,5/29/2021,132,15697,26,8883,103,6558,3,256,31,1039,101,7440,34,8479,California
Mono, County,Mono County,5/30/2021,0,15697,0,8883,0,6558,0,256,0,1039,0,7440,0,8479,California
Mono, County,Mono County,5/31/2021,0,15697,0,8883,0,6558,0,256,0,1039,0,7440,0,8479,California
Mono, County,Mono County,6/1/2021,16,15713,7,8890,9,6567,0,256,9,1041,7,7447,9,8488,California
Mono, County,Mono County,6/2/2021,47,15760,4,8894,43,6610,0,256,10,1014,37,7484,10,8498,California
Mono, County,Mono County,6/3/2021,11,15771,2,8896,7,6617,2,258,1,1007,10,7494,3,8501,California
Mono, County,Mono County,6/4/2021,12,15783,1,8897,10,6627,1,259,3,1002,9,7503,4,8505,California
Mono, County,Mono County,6/5/2021,46,15829,26,8923,20,6647,0,259,5,966,41,7544,5,8510,California
Mono, County,Mono County,6/6/2021,1,15830,0,8923,1,6648,0,259,0,965,1,7545,0,8510,California
Mono, County,Mono County,6/7/2021,99,15929,87,9010,8,6656,4,263,11,892,88,7633,15,8525,California
Mono, County,Mono County,6/8/2021,113,16042,103,9113,8,6664,2,265,11,803,102,7735,13,8538,California
Mono, County,Mono County,6/9/2021,7,16049,2,9115,5,6669,0,265,1,798,6,7741,1,8539,California
Mono, County,Mono County,6/10/2021,6,16055,0,9115,4,6673,2,267,2,798,4,7745,4,8543,California
Mono, County,Mono County,6/11/2021,75,16130,63,9178,7,6680,5,272,6,740,69,7814,11,8554,California
Mono, County,Mono County,6/12/2021,1,16131,1,9179,0,6680,0,272,0,739,1,7815,0,8554,California
Mono, County,Mono County,6/13/2021,1,16132,0,9179,1,6681,0,272,1,740,0,7815,1,8555,California
Mono, County,Mono County,6/14/2021,65,16197,30,9209,29,6710,6,278,20,721,45,7860,26,8581,California
Mono, County,Mono County,6/15/2021,8,16205,5,9214,3,6713,0,278,4,721,4,7864,4,8585,California
Mono, County,Mono County,6/16/2021,14,16219,5,9219,9,6722,0,278,6,719,8,7872,6,8591,California
Mono, County,Mono County,6/17/2021,7,16226,1,9220,4,6726,2,280,3,720,4,7876,5,8596,California
Mono, County,Mono County,6/18/2021,6,16232,3,9223,2,6728,1,281,2,720,3,7879,3,8599,California
Mono, County,Mono County,6/19/2021,3,16235,2,9225,1,6729,0,281,3,723,0,7879,3,8602,California
Mono, County,Mono County,6/20/2021,1,16236,0,9225,1,6730,0,281,0,722,1,7880,0,8602,California
Mono, County,Mono County,6/21/2021,14,16250,2,9227,10,6740,2,283,3,717,10,7890,5,8607,California
Mono, County,Mono County,6/22/2021,13,16263,2,9229,10,6750,1,284,4,714,8,7898,5,8612,California
Mono, County,Mono County,6/23/2021,14,16277,1,9230,7,6757,6,290,3,713,11,7909,10,8622,California
Mono, County,Mono County,6/24/2021,8,16285,0,9230,6,6763,2,292,3,713,5,7914,5,8627,California
Mono, County,Mono County,6/25/2021,36,16321,25,9255,11,6774,0,292,10,697,26,7940,10,8637,California
Mono, County,Mono County,6/26/2021,1,16322,1,9256,0,6774,0,292,0,696,1,7941,0,8637,California
Mono, County,Mono County,6/27/2021,1,16323,0,9256,1,6775,0,292,1,697,0,7941,1,8638,California
Mono, County,Mono County,6/28/2021,11,16334,6,9262,2,6777,3,295,3,695,8,7949,6,8644,California
Mono, County,Mono County,6/29/2021,5,16339,4,9266,0,6777,1,296,4,699,1,7950,5,8649,California
Mono, County,Mono County,6/30/2021,6,16345,1,9267,2,6779,3,299,2,700,4,7954,5,8654,California
Mono, County,Mono County,7/1/2021,8,16353,1,9268,4,6783,3,302,2,699,6,7960,5,8659,California
Mono, County,Mono County,7/2/2021,38,16391,34,9302,2,6785,2,304,13,689,25,7985,15,8674,California
Mono, County,Mono County,7/3/2021,0,16391,0,9302,0,6785,0,304,0,689,0,7985,0,8674,California
Mono, County,Mono County,7/4/2021,0,16391,0,9302,0,6785,0,304,0,689,0,7985,0,8674,California
Mono, County,Mono County,7/5/2021,4,16395,0,9302,3,6788,1,305,3,692,1,7986,4,8678,California
Mono, County,Mono County,7/6/2021,11,16406,1,9303,6,6794,4,309,4,693,7,7993,8,8686,California
Mono, County,Mono County,7/7/2021,7,16413,4,9307,3,6797,0,309,2,690,5,7998,2,8688,California
Mono, County,Mono County,7/8/2021,11,16424,9,9316,1,6798,1,310,4,689,6,8004,5,8693,California
Mono, County,Mono County,7/9/2021,5,16429,1,9317,4,6802,0,310,2,688,3,8007,2,8695,California
Mono, County,Mono County,7/10/2021,3,16432,3,9320,0,6802,0,310,2,689,1,8008,2,8697,California
Mono, County,Mono County,7/11/2021,0,16432,0,9320,0,6802,0,310,0,689,0,8008,0,8697,California
Mono, County,Mono County,7/12/2021,16,16448,9,9329,7,6809,0,310,11,695,5,8013,11,8708,California
Mono, County,Mono County,7/13/2021,3,16451,3,9332,0,6809,0,310,3,698,0,8013,3,8711,California
Mono, County,Mono County,7/14/2021,15,16466,11,9343,4,6813,0,310,8,700,6,8019,8,8719,California
Mono, County,Mono County,7/15/2021,12,16478,6,9349,6,6819,0,310,7,702,5,8024,7,8726,California
Mono, County,Mono County,7/16/2021,6,16484,1,9350,5,6824,0,310,3,703,2,8026,3,8729,California
Mono, County,Mono County,7/17/2021,5,16489,0,9350,5,6829,0,310,5,708,0,8026,5,8734,California
Mono, County,Mono County,7/18/2021,0,16489,0,9350,0,6829,0,310,0,708,0,8026,0,8734,California
Mono, County,Mono County,7/19/2021,58,16547,37,9387,17,6846,4,314,44,742,14,8040,48,8782,California
Mono, County,Mono County,7/20/2021,13,16560,4,9391,8,6854,1,315,4,738,9,8049,5,8787,California
Mono, County,Mono County,7/21/2021,4,16564,2,9393,2,6856,0,315,3,740,1,8050,3,8790,California
Mono, County,Mono County,7/22/2021,16,16580,5,9398,10,6866,1,316,11,747,5,8055,12,8802,California
Mono, County,Mono County,7/23/2021,25,16605,16,9414,7,6873,2,318,18,760,7,8062,20,8822,California
Mono, County,Mono County,7/24/2021,4,16609,2,9416,2,6875,0,318,2,761,1,8063,2,8824,California
Mono, County,Mono County,7/25/2021,0,16609,0,9416,0,6875,0,318,0,761,0,8063,0,8824,California
Mono, County,Mono County,7/26/2021,6,16615,5,9421,0,6875,1,319,5,766,1,8064,6,8830,California
Mono, County,Mono County,7/27/2021,12,16627,3,9424,9,6884,0,319,9,772,3,8067,9,8839,California
Mono, County,Mono County,7/28/2021,19,16646,3,9427,16,6900,0,319,15,784,3,8070,15,8854,California
Mono, County,Mono County,7/29/2021,6,16652,1,9428,5,6905,0,319,4,786,2,8072,4,8858,California
Mono, County,Mono County,7/30/2021,4,16656,0,9428,4,6909,0,319,4,790,0,8072,4,8862,California
Mono, County,Mono County,7/31/2021,7,16663,4,9432,3,6912,0,319,7,797,0,8072,7,8869,California
Mono, County,Mono County,8/1/2021,0,16663,0,9432,0,6912,0,319,0,797,0,8072,0,8869,California
Mono, County,Mono County,8/2/2021,17,16680,7,9439,10,6922,0,319,12,804,5,8077,12,8881,California
Mono, County,Mono County,8/3/2021,10,16690,9,9448,1,6923,0,319,5,804,5,8082,5,8886,California
Mono, County,Mono County,8/4/2021,16,16706,7,9455,9,6932,0,319,11,811,4,8086,11,8897,California
Mono, County,Mono County,8/5/2021,10,16716,3,9458,7,6939,0,319,8,817,2,8088,8,8905,California
Mono, County,Mono County,8/6/2021,109,16825,88,9546,13,6952,8,327,56,831,50,8138,64,8969,California
Mono, County,Mono County,8/7/2021,4,16829,1,9547,3,6955,0,327,4,835,0,8138,4,8973,California
Mono, County,Mono County,8/8/2021,1,16830,0,9547,1,6956,0,327,1,836,0,8138,1,8974,California
Mono, County,Mono County,8/9/2021,12,16842,10,9557,2,6958,0,327,6,836,6,8144,6,8980,California
Mono, County,Mono County,8/10/2021,7,16849,5,9562,2,6960,0,327,3,836,3,8147,3,8983,California
Monterey, County,Monterey County,12/15/2020,0,0,0,0,0,0,0,0,0,0,0,0,0,0,California
Monterey, County,Monterey County,12/16/2020,6,6,6,6,0,0,0,0,6,6,0,0,6,6,California
Monterey, County,Monterey County,12/17/2020,88,94,88,94,0,0,0,0,88,94,0,0,88,94,California
Monterey, County,Monterey County,12/18/2020,494,588,494,588,0,0,0,0,494,588,0,0,494,588,California
Monterey, County,Monterey County,12/19/2020,581,1169,580,1168,1,1,0,0,580,1168,0,0,580,1168,California
Monterey, County,Monterey County,12/20/2020,421,1590,420,1588,1,2,0,0,421,1589,0,0,421,1589,California
Monterey, County,Monterey County,12/21/2020,723,2313,723,2311,0,2,0,0,723,2312,0,0,723,2312,California
Monterey, County,Monterey County,12/22/2020,550,2863,537,2848,13,15,0,0,550,2862,0,0,550,2862,California
Monterey, County,Monterey County,12/23/2020,447,3310,268,3116,179,194,0,0,447,3309,0,0,447,3309,California
Monterey, County,Monterey County,12/24/2020,86,3396,10,3126,76,270,0,0,86,3395,0,0,86,3395,California
Monterey, County,Monterey County,12/25/2020,6,3402,0,3126,6,276,0,0,6,3401,0,0,6,3401,California
Monterey, County,Monterey County,12/26/2020,94,3496,6,3132,88,364,0,0,94,3495,0,0,94,3495,California
Monterey, County,Monterey County,12/27/2020,7,3503,4,3136,3,367,0,0,7,3502,0,0,7,3502,California
Monterey, County,Monterey County,12/28/2020,494,3997,26,3162,468,835,0,0,494,3996,0,0,494,3996,California
Monterey, County,Monterey County,12/29/2020,922,4919,177,3339,745,1580,0,0,922,4918,0,0,922,4918,California
Monterey, County,Monterey County,12/30/2020,576,5495,101,3440,475,2055,0,0,576,5494,0,0,576,5494,California
Monterey, County,Monterey County,12/31/2020,36,5531,11,3451,25,2080,0,0,36,5530,0,0,36,5530,California
Monterey, County,Monterey County,1/1/2021,13,5544,3,3454,10,2090,0,0,13,5543,0,0,13,5543,California
Monterey, County,Monterey County,1/2/2021,140,5684,136,3590,4,2094,0,0,140,5683,0,0,140,5683,California
Monterey, County,Monterey County,1/3/2021,32,5716,31,3621,1,2095,0,0,32,5715,0,0,32,5715,California
Monterey, County,Monterey County,1/4/2021,415,6131,20,3641,395,2490,0,0,415,6130,0,0,415,6130,California
Monterey, County,Monterey County,1/5/2021,770,6901,336,3977,434,2924,0,0,755,6871,14,14,755,6885,California
Monterey, County,Monterey County,1/6/2021,680,7581,184,4161,496,3420,0,0,656,7503,24,38,656,7541,California
Monterey, County,Monterey County,1/7/2021,762,8343,582,4743,180,3600,0,0,431,7605,329,367,431,7972,California
Monterey, County,Monterey County,1/8/2021,1122,9465,755,5498,367,3967,0,0,412,7307,710,1077,412,8384,California
Monterey, County,Monterey County,1/9/2021,973,10438,938,6436,35,4002,0,0,321,6978,650,1727,321,8705,California
Monterey, County,Monterey County,1/10/2021,274,10712,271,6707,3,4005,0,0,9,6722,265,1992,9,8714,California
Monterey, County,Monterey County,1/11/2021,1079,11791,990,7697,89,4094,0,0,375,6393,704,2696,375,9089,California
Monterey, County,Monterey County,1/12/2021,515,12306,426,8123,89,4183,0,0,247,6373,268,2964,248,9337,California
Monterey, County,Monterey County,1/13/2021,1246,13552,610,8733,636,4819,0,0,1199,7525,47,3011,1199,10536,California
Monterey, County,Monterey County,1/14/2021,1217,14769,247,8980,970,5789,0,0,1195,8702,22,3033,1199,11735,California
Monterey, County,Monterey County,1/15/2021,1082,15851,46,9026,1036,6825,0,0,1070,9760,12,3045,1070,12805,California
Monterey, County,Monterey County,1/16/2021,369,16220,303,9329,66,6891,0,0,364,10119,5,3050,364,13169,California
Monterey, County,Monterey County,1/17/2021,314,16534,295,9624,19,6910,0,0,301,10407,13,3063,301,13470,California
Monterey, County,Monterey County,1/18/2021,412,16946,52,9676,360,7270,0,0,389,10773,23,3086,389,13859,California
Monterey, County,Monterey County,1/19/2021,612,17558,416,10092,196,7466,0,0,437,11037,173,3259,437,14296,California
Monterey, County,Monterey County,1/20/2021,560,18118,274,10366,286,7752,0,0,345,11167,215,3474,345,14641,California
Monterey, County,Monterey County,1/21/2021,933,19051,119,10485,814,8566,0,0,819,11876,114,3588,823,15464,California
Monterey, County,Monterey County,1/22/2021,1109,20160,211,10696,898,9464,0,0,1067,12902,41,3629,1067,16531,California
Monterey, County,Monterey County,1/23/2021,254,20414,181,10877,73,9537,0,0,128,12907,125,3754,130,16661,California
Monterey, County,Monterey County,1/24/2021,67,20481,40,10917,27,9564,0,0,32,12904,35,3789,32,16693,California
Monterey, County,Monterey County,1/25/2021,854,21335,185,11102,669,10233,0,0,209,12475,638,4427,209,16902,California
Monterey, County,Monterey County,1/26/2021,1151,22486,383,11485,768,11001,0,0,362,12048,789,5216,362,17264,California
Monterey, County,Monterey County,1/27/2021,954,23440,352,11837,602,11603,0,0,455,12004,499,5715,455,17719,California
Monterey, County,Monterey County,1/28/2021,2083,25523,749,12586,1334,12937,0,0,1729,13383,353,6068,1732,19451,California
Monterey, County,Monterey County,1/29/2021,1322,26845,724,13310,598,13535,0,0,1202,14467,119,6187,1203,20654,California
Monterey, County,Monterey County,1/30/2021,495,27340,303,13613,192,13727,0,0,233,14438,262,6449,233,20887,California
Monterey, County,Monterey County,1/31/2021,512,27852,82,13695,430,14157,0,0,501,14929,11,6460,502,21389,California
Monterey, County,Monterey County,2/1/2021,1664,29516,1141,14836,523,14680,0,0,1088,15442,575,7035,1088,22477,California
Monterey, County,Monterey County,2/2/2021,2240,31756,498,15334,1742,16422,0,0,1594,16392,644,7679,1594,24071,California
Monterey, County,Monterey County,2/3/2021,2400,34156,1086,16420,1314,17736,0,0,1600,17195,797,8476,1600,25671,California
Monterey, County,Monterey County,2/4/2021,2873,37029,2123,18543,750,18486,0,0,2511,19349,357,8833,2511,28182,California
Monterey, County,Monterey County,2/5/2021,3744,40773,2863,21406,881,19367,0,0,3287,22185,451,9284,3287,31469,California
Monterey, County,Monterey County,2/6/2021,1146,41919,384,21790,762,20129,0,0,794,22630,349,9633,794,32263,California
Monterey, County,Monterey County,2/7/2021,328,42247,267,22057,61,20190,0,0,106,22515,221,9854,106,32369,California
Monterey, County,Monterey County,2/8/2021,551,42798,296,22353,255,20445,0,0,439,22842,112,9966,439,32808,California
Monterey, County,Monterey County,2/9/2021,943,43741,719,23072,224,20669,0,0,623,23146,319,10285,623,33431,California
Monterey, County,Monterey County,2/10/2021,2164,45905,1122,24194,1042,21711,0,0,1286,23557,877,11162,1288,34719,California
Monterey, County,Monterey County,2/11/2021,2574,48479,983,25177,1591,23302,0,0,1573,24134,998,12160,1575,36294,California
Monterey, County,Monterey County,2/12/2021,2701,51180,456,25633,2245,25547,0,0,1569,24573,1131,13291,1570,37864,California
Monterey, County,Monterey County,2/13/2021,1121,52301,52,25685,1069,26616,0,0,1024,25501,96,13387,1024,38888,California
Monterey, County,Monterey County,2/14/2021,640,52941,75,25760,565,27181,0,0,569,25999,71,13458,569,39457,California
Monterey, County,Monterey County,2/15/2021,1428,54369,176,25936,1252,28433,0,0,999,26572,427,13885,1000,40457,California
Monterey, County,Monterey County,2/16/2021,1132,55501,253,26189,879,29312,0,0,898,27236,234,14119,898,41355,California
Monterey, County,Monterey County,2/17/2021,2050,57551,1208,27397,842,30154,0,0,1698,28588,348,14467,1700,43055,California
Monterey, County,Monterey County,2/18/2021,2315,59866,1188,28585,1127,31281,0,0,935,28160,1365,15832,937,43992,California
Monterey, County,Monterey County,2/19/2021,3044,62910,1575,30160,1469,32750,0,0,1395,27910,1647,17479,1397,45389,California
Monterey, County,Monterey County,2/20/2021,1139,64049,704,30864,435,33185,0,0,1068,28909,70,17549,1069,46458,California
Monterey, County,Monterey County,2/21/2021,1386,65435,1344,32208,42,33227,0,0,1293,30117,86,17635,1294,47752,California
Monterey, County,Monterey County,2/22/2021,1151,66586,978,33186,173,33400,0,0,708,30386,439,18074,708,48460,California
Monterey, County,Monterey County,2/23/2021,1091,67677,674,33860,417,33817,0,0,350,29999,738,18812,351,48811,California
Monterey, County,Monterey County,2/24/2021,2693,70370,1404,35264,1289,35106,0,0,1945,31202,743,19555,1946,50757,California
Monterey, County,Monterey County,2/25/2021,4764,75134,2594,37858,2170,37276,0,0,1612,29676,3140,22695,1614,52371,California
Monterey, County,Monterey County,2/26/2021,5620,80754,3269,41127,2351,39627,0,0,2800,29663,2814,25509,2801,55172,California
Monterey, County,Monterey County,2/27/2021,1143,81897,213,41340,930,40557,0,0,898,30322,239,25748,898,56070,California
Monterey, County,Monterey County,2/28/2021,1662,83559,93,41433,1568,42125,1,1,1150,30975,498,26246,1151,57221,California
Monterey, County,Monterey County,3/1/2021,1424,84983,190,41623,1231,43356,3,4,821,31202,597,26843,824,58045,California
Monterey, County,Monterey County,3/2/2021,3019,88002,1843,43466,1176,44532,0,4,2084,32356,930,27773,2084,60129,California
Monterey, County,Monterey County,3/3/2021,3350,91352,1271,44737,2078,46610,1,5,1347,31706,1999,29772,1349,61478,California
Monterey, County,Monterey County,3/4/2021,4834,96186,1539,46276,3295,49905,0,5,3130,33142,1696,31468,3132,64610,California
Monterey, County,Monterey County,3/5/2021,3782,99968,1654,47930,1847,51752,281,286,3091,35820,690,32158,3368,67978,California
Monterey, County,Monterey County,3/6/2021,5283,105251,1181,49111,3792,55544,310,596,4342,39529,939,33097,4648,72626,California
Monterey, County,Monterey County,3/7/2021,615,105866,106,49217,195,55739,314,910,246,39718,368,33465,557,73183,California
Monterey, County,Monterey County,3/8/2021,1699,107565,331,49548,972,56711,396,1306,1134,40680,565,34030,1527,74710,California
Monterey, County,Monterey County,3/9/2021,2067,109632,701,50249,1085,57796,281,1587,1538,41967,526,34556,1813,76523,California
Monterey, County,Monterey County,3/10/2021,3316,112948,1057,51306,1768,59564,491,2078,1544,42230,1766,36322,2029,78552,California
Monterey, County,Monterey County,3/11/2021,4265,117213,1440,52746,2445,62009,380,2458,2434,43221,1821,38143,2812,81364,California
Monterey, County,Monterey County,3/12/2021,4539,121752,2088,54834,2294,64303,157,2615,2783,44405,1750,39893,2934,84298,California
Monterey, County,Monterey County,3/13/2021,5482,127234,1040,55874,4088,68391,354,2969,4062,47403,1417,41310,4415,88713,California
Monterey, County,Monterey County,3/14/2021,2207,129441,1357,57231,826,69217,24,2993,522,46279,1669,42979,545,89258,California
Monterey, County,Monterey County,3/15/2021,4066,133507,1290,58521,2469,71686,307,3300,2281,47088,1780,44759,2589,91847,California
Monterey, County,Monterey County,3/16/2021,3633,137140,621,59142,2620,74306,392,3692,2170,48185,1461,46220,2558,94405,California
Monterey, County,Monterey County,3/17/2021,6044,143184,2484,61626,3301,77607,259,3951,4369,51153,1665,47885,4633,99038,California
Monterey, County,Monterey County,3/18/2021,4599,147783,2252,63878,2175,79782,172,4123,3182,53132,1412,49297,3391,102429,California
Monterey, County,Monterey County,3/19/2021,5628,153411,2624,66502,2839,82621,165,4288,4252,56180,1368,50665,4416,106845,California
Monterey, County,Monterey County,3/20/2021,3440,156851,464,66966,2283,84904,693,4981,2329,58093,1107,51772,3020,109865,California
Monterey, County,Monterey County,3/21/2021,669,157520,230,67196,428,85332,11,4992,587,58611,79,51851,597,110462,California
Monterey, County,Monterey County,3/22/2021,2548,160068,1485,68681,1000,86332,63,5055,2314,60756,230,52081,2375,112837,California
Monterey, County,Monterey County,3/23/2021,4166,164234,2452,71133,1671,88003,43,5098,2596,61831,1564,53645,2639,115476,California
Monterey, County,Monterey County,3/24/2021,5312,169546,2237,73370,2755,90758,320,5418,3869,64580,1436,55081,4185,119661,California
Monterey, County,Monterey County,3/25/2021,5444,174990,1263,74633,3818,94576,363,5781,2679,64866,2756,57837,3042,122703,California
Monterey, County,Monterey County,3/26/2021,5625,180615,2708,77341,2830,97406,87,5868,2818,64978,2793,60630,2905,125608,California
Monterey, County,Monterey County,3/27/2021,5101,185716,1599,78940,3242,100648,260,6128,3227,66595,1871,62501,3488,129096,California
Monterey, County,Monterey County,3/28/2021,1157,186873,369,79309,779,101427,9,6137,636,66728,512,63013,645,129741,California
Monterey, County,Monterey County,3/29/2021,3313,190186,1458,80767,1841,103268,14,6151,2017,67476,1288,64301,2036,131777,California
Monterey, County,Monterey County,3/30/2021,4660,194846,2181,82948,2423,105691,56,6207,2806,68499,1841,66142,2864,134641,California
Monterey, County,Monterey County,3/31/2021,5503,200349,2423,85371,2278,107969,802,7009,3420,70630,2078,68220,4209,138850,California
Monterey, County,Monterey County,4/1/2021,6308,206657,2113,87484,3785,111754,410,7419,3124,70992,3168,71388,3530,142380,California
Monterey, County,Monterey County,4/2/2021,4826,211483,2242,89726,2509,114263,75,7494,3206,72660,1615,73003,3283,145663,California
Monterey, County,Monterey County,4/3/2021,6027,217510,1146,90872,3820,118083,1061,8555,1229,70150,4791,77794,2281,147944,California
Monterey, County,Monterey County,4/4/2021,795,218305,178,91050,603,118686,14,8569,504,70380,290,78084,520,148464,California
Monterey, County,Monterey County,4/5/2021,4079,222384,2519,93569,1320,120006,240,8809,1515,69574,2559,80643,1753,150217,California
Monterey, County,Monterey County,4/6/2021,3580,225964,1403,94972,1693,121699,484,9293,1238,68955,2337,82980,1718,151935,California
Monterey, County,Monterey County,4/7/2021,5770,231734,1409,96381,3837,125536,524,9817,2694,69101,3065,86045,3211,155146,California
Monterey, County,Monterey County,4/8/2021,6885,238619,3614,99995,2427,127963,844,10661,3412,69887,3467,89512,4253,159399,California
Monterey, County,Monterey County,4/9/2021,5846,244465,3464,103459,1727,129690,655,11316,2303,69302,3539,93051,2954,162353,California
Monterey, County,Monterey County,4/10/2021,10347,254812,4946,108405,3170,132860,2231,13547,4965,71122,5365,98416,7185,169538,California
Monterey, County,Monterey County,4/11/2021,5552,260364,4347,112752,587,133447,618,14165,4477,75141,1069,99485,5088,174626,California
Monterey, County,Monterey County,4/12/2021,4242,264606,1910,114662,1989,135436,343,14508,983,73345,3119,102604,1323,175949,California
Monterey, County,Monterey County,4/13/2021,3234,267840,791,115453,2437,137873,6,14514,1494,73125,1721,104325,1501,177450,California
Monterey, County,Monterey County,4/14/2021,7096,274936,3316,118769,3777,141650,3,14517,1918,69895,5152,109477,1922,179372,California
Monterey, County,Monterey County,4/15/2021,6036,280972,3978,122747,2058,143708,0,14517,3901,71694,2103,111580,3902,183274,California
Monterey, County,Monterey County,4/16/2021,4990,285962,2510,125257,2469,146177,11,14528,2235,71203,2738,114318,2247,185521,California
Monterey, County,Monterey County,4/17/2021,5936,291898,1426,126683,4510,150687,0,14528,3828,72942,2090,116408,3829,189350,California
Monterey, County,Monterey County,4/18/2021,916,292814,311,126994,605,151292,0,14528,268,72566,644,117052,268,189618,California
Monterey, County,Monterey County,4/19/2021,3675,296489,1197,128191,2478,153770,0,14528,1662,72232,1997,119049,1663,191281,California
Monterey, County,Monterey County,4/20/2021,4007,300496,1676,129867,2331,156101,0,14528,1581,71420,2394,121443,1582,192863,California
Monterey, County,Monterey County,4/21/2021,6557,307053,3676,133543,2881,158982,0,14528,3132,71196,3358,124801,3134,195997,California
Monterey, County,Monterey County,4/22/2021,5049,312102,1157,134700,3892,162874,0,14528,2069,70339,2926,127727,2069,198066,California
Monterey, County,Monterey County,4/23/2021,5930,318032,2793,137493,3136,166010,1,14529,2361,69161,3545,131272,2367,200433,California
Monterey, County,Monterey County,4/24/2021,4621,322653,774,138267,3846,169856,1,14530,1744,68052,2855,134127,1746,202179,California
Monterey, County,Monterey County,4/25/2021,1300,323953,652,138919,648,170504,0,14530,818,68403,467,134594,818,202997,California
Monterey, County,Monterey County,4/26/2021,3931,327884,2358,141277,1556,172060,17,14547,1021,66561,2880,137474,1038,204035,California
Monterey, County,Monterey County,4/27/2021,3038,330922,1020,142297,1878,173938,140,14687,1298,66265,1733,139207,1437,205472,California
Monterey, County,Monterey County,4/28/2021,3903,334825,1557,143854,2190,176128,156,14843,2369,67268,1517,140724,2520,207992,California
Monterey, County,Monterey County,4/29/2021,4814,339639,2628,146482,2104,178232,82,14925,1768,66091,3028,143752,1851,209843,California
Monterey, County,Monterey County,4/30/2021,3338,342977,1738,148220,1526,179758,74,14999,867,64571,2459,146211,939,210782,California
Monterey, County,Monterey County,5/1/2021,5862,348839,4421,152641,1399,181157,42,15041,712,60196,5128,151339,753,211535,California
Monterey, County,Monterey County,5/2/2021,4522,353361,4078,156719,417,181574,27,15068,320,56357,4186,155525,347,211882,California
Monterey, County,Monterey County,5/3/2021,2605,355966,1614,158333,873,182447,118,15186,603,55087,1991,157516,721,212603,California
Monterey, County,Monterey County,5/4/2021,1942,357908,702,159035,1144,183591,96,15282,686,54629,1241,158757,783,213386,California
Monterey, County,Monterey County,5/5/2021,3570,361478,1345,160380,2139,185730,86,15368,1132,53427,2421,161178,1219,214605,California
Monterey, County,Monterey County,5/6/2021,4501,365979,3007,163387,1271,187001,223,15591,1186,51538,3299,164477,1410,216015,California
Monterey, County,Monterey County,5/7/2021,2272,368251,1215,164602,955,187956,102,15693,738,50859,1518,165995,839,216854,California
Monterey, County,Monterey County,5/8/2021,2800,371051,1539,166141,936,188892,325,16018,999,50395,1787,167782,1323,218177,California
Monterey, County,Monterey County,5/9/2021,416,371467,130,166271,259,189151,27,16045,138,50283,277,168059,165,218342,California
Monterey, County,Monterey County,5/10/2021,2911,374378,2139,168410,722,189873,50,16095,552,48542,2345,170404,604,218946,California
Monterey, County,Monterey County,5/11/2021,1976,376354,1028,169438,865,190738,83,16178,798,48259,1165,171569,882,219828,California
Monterey, County,Monterey County,5/12/2021,4184,380538,2186,171624,1910,192648,88,16266,914,46009,3252,174821,1002,220830,California
Monterey, County,Monterey County,5/13/2021,2803,383341,1686,173310,1060,193708,57,16323,1595,46467,1192,176013,1650,222480,California
Monterey, County,Monterey County,5/14/2021,1965,385306,632,173942,1231,194939,102,16425,763,46139,1192,177205,864,223344,California
Monterey, County,Monterey County,5/15/2021,3469,388775,861,174803,2342,197281,266,16691,968,44882,2487,179692,1230,224574,California
Monterey, County,Monterey County,5/16/2021,1024,389799,657,175460,292,197573,75,16766,289,44518,728,180420,364,224938,California
Monterey, County,Monterey County,5/17/2021,2303,392102,1370,176830,849,198422,84,16850,1081,44476,1207,181627,1165,226103,California
Monterey, County,Monterey County,5/18/2021,1923,394025,842,177672,1034,199456,47,16897,853,44318,1060,182687,902,227005,California
Monterey, County,Monterey County,5/19/2021,3817,397842,2506,180178,1221,200677,90,16987,1956,44513,1854,184541,2049,229054,California
Monterey, County,Monterey County,5/20/2021,2972,400814,1128,181306,1725,202402,119,17106,1016,43710,1940,186481,1137,230191,California
Monterey, County,Monterey County,5/21/2021,3485,404299,1485,182791,1900,204302,100,17206,1129,42597,2341,188822,1228,231419,California
Monterey, County,Monterey County,5/22/2021,2242,406541,817,183608,1140,205442,285,17491,870,42388,1362,190184,1153,232572,California
Monterey, County,Monterey County,5/23/2021,888,407429,530,184138,342,205784,16,17507,506,42535,375,190559,522,233094,California
Monterey, County,Monterey County,5/24/2021,1768,409197,584,184722,1122,206906,62,17569,576,41988,1186,191745,639,233733,California
Monterey, County,Monterey County,5/25/2021,1553,410750,629,185351,852,207758,72,17641,582,41690,953,192698,655,234388,California
Monterey, County,Monterey County,5/26/2021,2762,413512,1091,186442,1613,209371,58,17699,1009,41022,1734,194432,1066,235454,California
Monterey, County,Monterey County,5/27/2021,2550,416062,1397,187839,1092,210463,61,17760,892,40333,1642,196074,953,236407,California
Monterey, County,Monterey County,5/28/2021,1778,417840,609,188448,1109,211572,60,17820,751,40128,1017,197091,812,237219,California
Monterey, County,Monterey County,5/29/2021,1017,418857,658,189106,326,211898,33,17853,404,39959,607,197698,438,237657,California
Monterey, County,Monterey County,5/30/2021,389,419246,168,189274,206,212104,15,17868,144,39875,244,197942,160,237817,California
Monterey, County,Monterey County,5/31/2021,187,419433,34,189308,144,212248,9,17877,52,39802,134,198076,61,237878,California
Monterey, County,Monterey County,6/1/2021,1795,421228,972,190280,686,212934,137,18014,547,39253,1229,199305,680,238558,California
Monterey, County,Monterey County,6/2/2021,1742,422970,1011,191291,681,213615,50,18064,710,38988,1025,200330,760,239318,California
Monterey, County,Monterey County,6/3/2021,2281,425251,1441,192732,801,214416,39,18103,537,37828,1735,202065,575,239893,California
Monterey, County,Monterey County,6/4/2021,1401,426652,752,193484,614,215030,35,18138,577,37623,816,202881,611,240504,California
Monterey, County,Monterey County,6/5/2021,2244,428896,893,194377,721,215751,630,18768,485,36989,1741,204622,1107,241611,California
Monterey, County,Monterey County,6/6/2021,535,429431,439,194816,85,215836,11,18779,282,37029,252,204874,292,241903,California
Monterey, County,Monterey County,6/7/2021,966,430397,511,195327,410,216246,45,18824,372,36862,582,205456,415,242318,California
Monterey, County,Monterey County,6/8/2021,1257,431654,815,196142,419,216665,23,18847,432,36502,815,206271,455,242773,California
Monterey, County,Monterey County,6/9/2021,2983,434637,2252,198394,605,217270,126,18973,638,34924,2341,208612,763,243536,California
Monterey, County,Monterey County,6/10/2021,1579,436216,983,199377,533,217803,63,19036,555,34523,1017,209629,616,244152,California
Monterey, County,Monterey County,6/11/2021,1445,437661,792,200169,559,218362,94,19130,515,34206,924,210553,607,244759,California
Monterey, County,Monterey County,6/12/2021,774,438435,531,200700,229,218591,14,19144,356,34162,414,210967,370,245129,California
Monterey, County,Monterey County,6/13/2021,604,439039,466,201166,125,218716,13,19157,117,33808,483,211450,129,245258,California
Monterey, County,Monterey County,6/14/2021,1425,440464,1022,202188,367,219083,36,19193,372,33171,1045,212495,408,245666,California
Monterey, County,Monterey County,6/15/2021,1207,441671,624,202812,456,219539,127,19320,415,32931,781,213276,541,246207,California
Monterey, County,Monterey County,6/16/2021,1619,443290,1148,203960,437,219976,34,19354,429,32214,1180,214456,463,246670,California
Monterey, County,Monterey County,6/17/2021,1214,444504,704,204664,347,220323,163,19517,439,32047,769,215225,602,247272,California
Monterey, County,Monterey County,6/18/2021,1244,445748,753,205417,458,220781,33,19550,550,31944,685,215910,582,247854,California
Monterey, County,Monterey County,6/19/2021,1328,447076,1029,206446,268,221049,31,19581,495,31645,825,216735,526,248380,California
Monterey, County,Monterey County,6/20/2021,245,447321,166,206612,70,221119,9,19590,85,31580,160,216895,95,248475,California
Monterey, County,Monterey County,6/21/2021,684,448005,377,206989,272,221391,35,19625,391,31718,287,217182,425,248900,California
Monterey, County,Monterey County,6/22/2021,1554,449559,992,207981,360,221751,202,19827,506,31386,1035,218217,703,249603,California
Monterey, County,Monterey County,6/23/2021,1106,450665,742,208723,330,222081,34,19861,460,31242,637,218854,493,250096,California
Monterey, County,Monterey County,6/24/2021,912,451577,540,209263,343,222424,29,19890,439,31241,469,219323,468,250564,California
Monterey, County,Monterey County,6/25/2021,1042,452619,650,209913,376,222800,16,19906,495,31209,542,219865,510,251074,California
Monterey, County,Monterey County,6/26/2021,626,453245,453,210366,155,222955,18,19924,342,31287,279,220144,357,251431,California
Monterey, County,Monterey County,6/27/2021,380,453625,299,210665,67,223022,14,19938,105,31133,273,220417,119,251550,California
Monterey, County,Monterey County,6/28/2021,599,454224,391,211056,177,223199,31,19969,260,31090,334,220751,291,251841,California
Monterey, County,Monterey County,6/29/2021,922,455146,575,211631,262,223461,85,20054,352,30961,565,221316,436,252277,California
Monterey, County,Monterey County,6/30/2021,1057,456203,714,212345,320,223781,23,20077,437,30806,615,221931,460,252737,California
Monterey, County,Monterey County,7/1/2021,797,457000,543,212888,231,224012,23,20100,365,30768,425,222356,387,253124,California
Monterey, County,Monterey County,7/2/2021,984,457984,575,213463,367,224379,42,20142,512,30856,465,222821,553,253677,California
Monterey, County,Monterey County,7/3/2021,590,458574,450,213913,135,224514,5,20147,273,30820,313,223134,277,253954,California
Monterey, County,Monterey County,7/4/2021,35,458609,24,213937,10,224524,1,20148,23,30832,12,223146,24,253978,California
Monterey, County,Monterey County,7/5/2021,393,459002,240,214177,146,224670,7,20155,175,30798,216,223362,182,254160,California
Monterey, County,Monterey County,7/6/2021,907,459909,642,214819,240,224910,25,20180,379,30678,523,223885,403,254563,California
Monterey, County,Monterey County,7/7/2021,827,460736,553,215372,250,225160,24,20204,400,30682,420,224305,424,254987,California
Monterey, County,Monterey County,7/8/2021,861,461597,466,215838,361,225521,34,20238,315,30498,531,224836,347,255334,California
Monterey, County,Monterey County,7/9/2021,1024,462621,635,216473,349,225870,40,20278,440,30401,576,225412,479,255813,California
Monterey, County,Monterey County,7/10/2021,843,463464,509,216982,195,226065,139,20417,366,30431,469,225881,499,256312,California
Monterey, County,Monterey County,7/11/2021,207,463671,139,217121,60,226125,8,20425,104,30444,99,225980,112,256424,California
Monterey, County,Monterey County,7/12/2021,614,464285,428,217549,167,226292,19,20444,261,30375,348,226328,279,256703,California
Monterey, County,Monterey County,7/13/2021,787,465072,586,218135,184,226476,17,20461,271,30149,513,226841,287,256990,California
Monterey, County,Monterey County,7/14/2021,808,465880,547,218682,239,226715,22,20483,412,30198,385,227226,434,257424,California
Monterey, County,Monterey County,7/15/2021,861,466741,580,219262,272,226987,9,20492,393,30140,459,227685,401,257825,California
Monterey, County,Monterey County,7/16/2021,942,467683,599,219861,311,227298,32,20524,439,30110,502,228187,472,258297,California
Monterey, County,Monterey County,7/17/2021,672,468355,478,220339,184,227482,10,20534,329,30112,337,228524,339,258636,California
Monterey, County,Monterey County,7/18/2021,209,468564,149,220488,58,227540,2,20536,113,30132,96,228620,116,258752,California
Monterey, County,Monterey County,7/19/2021,599,469163,402,220890,170,227710,27,20563,308,30185,282,228902,335,259087,California
Monterey, County,Monterey County,7/20/2021,771,469934,506,221396,230,227940,35,20598,380,30213,387,229289,415,259502,California
Monterey, County,Monterey County,7/21/2021,897,470831,646,222042,232,228172,19,20617,481,30302,412,229701,501,260003,California
Monterey, County,Monterey County,7/22/2021,930,471761,622,222664,297,228469,11,20628,525,30439,399,230100,536,260539,California
Monterey, County,Monterey County,7/23/2021,1146,472907,687,223351,391,228860,68,20696,586,30539,554,230654,654,261193,California
Monterey, County,Monterey County,7/24/2021,579,473486,432,223783,142,229002,5,20701,323,30612,254,230908,327,261520,California
Monterey, County,Monterey County,7/25/2021,229,473715,152,223935,72,229074,5,20706,167,30722,62,230970,172,261692,California
Monterey, County,Monterey County,7/26/2021,619,474334,403,224338,197,229271,19,20725,387,30901,227,231197,406,262098,California
Monterey, County,Monterey County,7/27/2021,892,475226,598,224936,257,229528,37,20762,458,30969,427,231624,495,262593,California
Monterey, County,Monterey County,7/28/2021,1051,476277,805,225741,240,229768,6,20768,706,31341,339,231963,711,263304,California
Monterey, County,Monterey County,7/29/2021,878,477155,555,226296,286,230054,37,20805,546,31603,320,232283,582,263886,California
Monterey, County,Monterey County,7/30/2021,1112,478267,656,226952,421,230475,35,20840,598,31745,490,232773,632,264518,California
Monterey, County,Monterey County,7/31/2021,814,479081,615,227567,181,230656,18,20858,494,31945,312,233085,512,265030,California
Monterey, County,Monterey County,8/1/2021,261,479342,186,227753,74,230730,1,20859,170,32028,88,233173,171,265201,California
Monterey, County,Monterey County,8/2/2021,737,480079,524,228277,187,230917,26,20885,456,32237,273,233446,482,265683,California
Monterey, County,Monterey County,8/3/2021,916,480995,624,228901,246,231163,46,20931,582,32538,326,233772,627,266310,California
Monterey, County,Monterey County,8/4/2021,1121,482116,850,229751,245,231408,26,20957,719,32894,389,234161,745,267055,California
Monterey, County,Monterey County,8/5/2021,799,482915,427,230178,318,231726,54,21011,480,33130,297,234458,533,267588,California
Monterey, County,Monterey County,8/6/2021,1062,483977,628,230806,410,232136,24,21035,635,33376,413,234871,659,268247,California
Monterey, County,Monterey County,8/7/2021,725,484702,525,231331,174,232310,26,21061,405,33489,317,235188,430,268677,California
Monterey, County,Monterey County,8/8/2021,271,484973,171,231502,83,232393,17,21078,160,33555,111,235299,177,268854,California
Monterey, County,Monterey County,8/9/2021,756,485729,507,232009,227,232620,22,21100,440,33712,304,235603,461,269315,California
Monterey, County,Monterey County,8/10/2021,413,486142,302,232311,103,232723,8,21108,255,33827,148,235751,263,269578,California
Napa, County,Napa County,12/15/2020,0,0,0,0,0,0,0,0,0,0,0,0,0,0,California
Napa, County,Napa County,12/16/2020,12,12,12,12,0,0,0,0,12,12,0,0,12,12,California
Napa, County,Napa County,12/17/2020,48,60,48,60,0,0,0,0,48,60,0,0,48,60,California
Napa, County,Napa County,12/18/2020,105,165,105,165,0,0,0,0,105,165,0,0,105,165,California
Napa, County,Napa County,12/19/2020,227,392,227,392,0,0,0,0,227,392,0,0,227,392,California
Napa, County,Napa County,12/20/2020,189,581,189,581,0,0,0,0,189,581,0,0,189,581,California
Napa, County,Napa County,12/21/2020,321,902,321,902,0,0,0,0,322,903,0,0,322,903,California
Napa, County,Napa County,12/22/2020,335,1237,326,1228,9,9,0,0,335,1238,0,0,335,1238,California
Napa, County,Napa County,12/23/2020,447,1684,333,1561,114,123,0,0,447,1685,0,0,447,1685,California
Napa, County,Napa County,12/24/2020,142,1826,81,1642,61,184,0,0,142,1827,0,0,142,1827,California
Napa, County,Napa County,12/25/2020,0,1826,0,1642,0,184,0,0,0,1827,0,0,0,1827,California
Napa, County,Napa County,12/26/2020,39,1865,11,1653,28,212,0,0,39,1866,0,0,39,1866,California
Napa, County,Napa County,12/27/2020,33,1898,17,1670,16,228,0,0,33,1899,0,0,33,1899,California
Napa, County,Napa County,12/28/2020,250,2148,184,1854,66,294,0,0,275,2174,0,0,275,2174,California
Napa, County,Napa County,12/29/2020,277,2425,220,2074,57,351,0,0,309,2483,0,0,309,2483,California
Napa, County,Napa County,12/30/2020,646,3071,494,2568,152,503,0,0,654,3137,0,0,654,3137,California
Napa, County,Napa County,12/31/2020,457,3528,369,2937,88,591,0,0,457,3594,0,0,457,3594,California
Napa, County,Napa County,1/1/2021,2,3530,1,2938,1,592,0,0,2,3596,0,0,2,3596,California
Napa, County,Napa County,1/2/2021,91,3621,86,3024,5,597,0,0,91,3687,0,0,91,3687,California
Napa, County,Napa County,1/3/2021,13,3634,11,3035,2,599,0,0,9,3696,0,0,9,3696,California
Napa, County,Napa County,1/4/2021,107,3741,63,3098,44,643,0,0,107,3803,0,0,107,3803,California
Napa, County,Napa County,1/5/2021,165,3906,88,3186,77,720,0,0,148,3927,24,24,148,3951,California
Napa, County,Napa County,1/6/2021,466,4372,117,3303,349,1069,0,0,398,4259,66,90,398,4349,California
Napa, County,Napa County,1/7/2021,509,4881,248,3551,261,1330,0,0,396,4543,112,202,396,4745,California
Napa, County,Napa County,1/8/2021,438,5319,224,3775,214,1544,0,0,258,4622,179,381,258,5003,California
Napa, County,Napa County,1/9/2021,328,5647,303,4078,25,1569,0,0,188,4670,140,521,188,5191,California
Napa, County,Napa County,1/10/2021,190,5837,107,4185,83,1652,0,0,109,4699,81,602,110,5301,California
Napa, County,Napa County,1/11/2021,885,6722,429,4614,456,2108,0,0,505,4825,381,983,507,5808,California
Napa, County,Napa County,1/12/2021,1340,8062,386,5000,954,3062,0,0,1012,5510,327,1310,1012,6820,California
Napa, County,Napa County,1/13/2021,1317,9379,268,5268,1049,4111,0,0,1151,6497,165,1475,1152,7972,California
Napa, County,Napa County,1/14/2021,1053,10432,167,5435,886,4997,0,0,938,7322,113,1588,938,8910,California
Napa, County,Napa County,1/15/2021,1481,11913,391,5826,1090,6087,0,0,1335,8505,153,1741,1336,10246,California
Napa, County,Napa County,1/16/2021,365,12278,137,5963,228,6315,0,0,347,8834,18,1759,347,10593,California
Napa, County,Napa County,1/17/2021,341,12619,177,6140,164,6479,0,0,331,9155,10,1769,331,10924,California
Napa, County,Napa County,1/18/2021,1093,13712,196,6336,897,7376,0,0,1001,10064,92,1861,1001,11925,California
Napa, County,Napa County,1/19/2021,1012,14724,411,6747,601,7977,0,0,765,10583,246,2107,765,12690,California
Napa, County,Napa County,1/20/2021,844,15568,194,6941,650,8627,0,0,654,11050,188,2295,655,13345,California
Napa, County,Napa County,1/21/2021,1555,17123,592,7533,963,9590,0,0,1106,11709,448,2743,1107,14452,California
Napa, County,Napa County,1/22/2021,1571,18694,437,7970,1134,10724,0,0,1227,12594,343,3086,1228,15680,California
Napa, County,Napa County,1/23/2021,399,19093,317,8287,82,10806,0,0,339,12873,60,3146,339,16019,California
Napa, County,Napa County,1/24/2021,270,19363,186,8473,84,10890,0,0,212,13027,58,3204,212,16231,California
Napa, County,Napa County,1/25/2021,1529,20892,229,8702,1300,12190,0,0,1440,14378,89,3293,1440,17671,California
Napa, County,Napa County,1/26/2021,878,21770,282,8984,596,12786,0,0,781,15063,97,3390,782,18453,California
Napa, County,Napa County,1/27/2021,635,22405,222,9206,413,13199,0,0,470,15369,165,3555,471,18924,California
Napa, County,Napa County,1/28/2021,399,22804,178,9384,221,13420,0,0,202,15376,195,3750,202,19126,California
Napa, County,Napa County,1/29/2021,266,23070,66,9450,200,13620,0,0,170,15450,96,3846,170,19296,California
Napa, County,Napa County,1/30/2021,828,23898,715,10165,113,13733,0,0,659,15940,169,4015,659,19955,California
Napa, County,Napa County,1/31/2021,697,24595,665,10830,32,13765,0,0,673,16589,24,4039,673,20628,California
Napa, County,Napa County,2/1/2021,325,24920,111,10941,214,13979,0,0,168,16600,157,4196,168,20796,California
Napa, County,Napa County,2/2/2021,616,25536,281,11222,335,14314,0,0,302,16591,311,4507,302,21098,California
Napa, County,Napa County,2/3/2021,745,26281,309,11531,436,14750,0,0,427,16701,317,4824,427,21525,California
Napa, County,Napa County,2/4/2021,790,27071,371,11902,419,15169,0,0,441,16795,347,5171,441,21966,California
Napa, County,Napa County,2/5/2021,719,27790,313,12215,406,15575,0,0,340,16757,379,5550,341,22307,California
Napa, County,Napa County,2/6/2021,437,28227,144,12359,293,15868,0,0,329,16979,107,5657,329,22636,California
Napa, County,Napa County,2/7/2021,175,28402,161,12520,14,15882,0,0,66,16936,109,5766,66,22702,California
Napa, County,Napa County,2/8/2021,846,29248,194,12714,652,16534,0,0,272,16636,572,6338,272,22974,California
Napa, County,Napa County,2/9/2021,1093,30341,449,13163,644,17178,0,0,442,16428,650,6988,442,23416,California
Napa, County,Napa County,2/10/2021,1752,32093,193,13356,1559,18737,0,0,457,15594,1292,8280,458,23874,California
Napa, County,Napa County,2/11/2021,1496,33589,189,13545,1307,20044,0,0,404,14919,1079,9359,404,24278,California
Napa, County,Napa County,2/12/2021,2183,35772,856,14401,1327,21371,0,0,688,14118,1489,10848,688,24966,California
Napa, County,Napa County,2/13/2021,525,36297,61,14462,464,21835,0,0,327,14247,198,11046,327,25293,California
Napa, County,Napa County,2/14/2021,337,36634,69,14531,268,22103,0,0,175,14261,161,11207,175,25468,California
Napa, County,Napa County,2/15/2021,895,37529,184,14715,711,22814,0,0,234,13836,659,11866,234,25702,California
Napa, County,Napa County,2/16/2021,1296,38825,603,15318,693,23507,0,0,618,13779,675,12541,618,26320,California
Napa, County,Napa County,2/17/2021,1053,39878,526,15844,527,24034,0,0,476,13681,575,13116,477,26797,California
Napa, County,Napa County,2/18/2021,1941,41819,491,16335,1450,25484,0,0,669,13082,1268,14384,669,27466,California
Napa, County,Napa County,2/19/2021,1515,43334,601,16936,914,26398,0,0,681,12932,831,15215,681,28147,California
Napa, County,Napa County,2/20/2021,882,44216,643,17579,239,26637,0,0,283,12616,599,15814,283,28430,California
Napa, County,Napa County,2/21/2021,908,45124,831,18410,77,26714,0,0,199,12106,709,16523,199,28629,California
Napa, County,Napa County,2/22/2021,485,45609,200,18610,285,26999,0,0,149,11920,335,16858,149,28778,California
Napa, County,Napa County,2/23/2021,1167,46776,311,18921,856,27855,0,0,327,11408,839,17697,327,29105,California
Napa, County,Napa County,2/24/2021,1196,47972,653,19574,543,28398,0,0,590,11393,605,18302,590,29695,California
Napa, County,Napa County,2/25/2021,2701,50673,1310,20884,1391,29789,0,0,1952,12598,747,19049,1952,31647,California
Napa, County,Napa County,2/26/2021,1586,52259,565,21449,1021,30810,0,0,626,12267,957,20006,626,32273,California
Napa, County,Napa County,2/27/2021,1185,53444,432,21881,753,31563,0,0,920,12924,263,20269,920,33193,California
Napa, County,Napa County,2/28/2021,736,54180,614,22495,122,31685,0,0,617,13425,117,20386,618,33811,California
Napa, County,Napa County,3/1/2021,1209,55389,896,23391,312,31997,1,1,922,14063,285,20671,923,34734,California
Napa, County,Napa County,3/2/2021,1555,56944,1073,24464,482,32479,0,1,1192,14894,361,21032,1192,35926,California
Napa, County,Napa County,3/3/2021,1591,58535,699,25163,892,33371,0,1,1401,16107,188,21220,1401,37327,California
Napa, County,Napa County,3/4/2021,1753,60288,806,25969,947,34318,0,1,1504,17365,246,21466,1504,38831,California
Napa, County,Napa County,3/5/2021,1929,62217,789,26758,1136,35454,4,5,1503,18450,422,21888,1507,40338,California
Napa, County,Napa County,3/6/2021,667,62884,297,27055,340,35794,30,35,548,18912,117,22005,579,40917,California
Napa, County,Napa County,3/7/2021,535,63419,299,27354,197,35991,39,74,387,19189,147,22152,424,41341,California
Napa, County,Napa County,3/8/2021,725,64144,338,27692,332,36323,55,129,548,19614,173,22325,598,41939,California
Napa, County,Napa County,3/9/2021,1700,65844,614,28306,1037,37360,49,178,1254,20473,443,22768,1302,43241,California
Napa, County,Napa County,3/10/2021,1515,67359,930,29236,490,37850,95,273,808,20672,701,23469,900,44141,California
Napa, County,Napa County,3/11/2021,1896,69255,1075,30311,688,38538,133,406,996,20895,898,24367,1121,45262,California
Napa, County,Napa County,3/12/2021,1540,70795,934,31245,513,39051,93,499,834,21115,702,25069,922,46184,California
Napa, County,Napa County,3/13/2021,1180,71975,309,31554,847,39898,24,523,832,21625,346,25415,856,47040,California
Napa, County,Napa County,3/14/2021,627,72602,339,31893,136,40034,152,675,207,21563,418,25833,356,47396,California
Napa, County,Napa County,3/15/2021,970,73572,413,32306,488,40522,69,744,482,21626,486,26319,549,47945,California
Napa, County,Napa County,3/16/2021,1864,75436,391,32697,1345,41867,128,872,1390,22674,470,26789,1518,49463,California
Napa, County,Napa County,3/17/2021,2509,77945,1834,34531,496,42363,179,1051,1595,23533,913,27702,1772,51235,California
Napa, County,Napa County,3/18/2021,2154,80099,959,35490,1181,43544,14,1065,1269,23937,879,28581,1283,52518,California
Napa, County,Napa County,3/19/2021,1458,81557,891,36381,543,44087,24,1089,680,23866,775,29356,704,53222,California
Napa, County,Napa County,3/20/2021,1026,82583,543,36924,329,44416,154,1243,390,23775,633,29989,542,53764,California
Napa, County,Napa County,3/21/2021,731,83314,706,37630,23,44439,2,1245,233,23513,497,30486,235,53999,California
Napa, County,Napa County,3/22/2021,1297,84611,1117,38747,170,44609,10,1255,412,23055,880,31366,422,54421,California
Napa, County,Napa County,3/23/2021,1912,86523,1216,39963,680,45289,16,1271,1006,23175,902,32268,1022,55443,California
Napa, County,Napa County,3/24/2021,1715,88238,942,40905,764,46053,9,1280,814,23097,899,33167,821,56264,California
Napa, County,Napa County,3/25/2021,1964,90202,1070,41975,840,46893,54,1334,765,22723,1193,34360,819,57083,California
Napa, County,Napa County,3/26/2021,1321,91523,848,42823,468,47361,5,1339,585,22583,730,35090,590,57673,California
Napa, County,Napa County,3/27/2021,933,92456,444,43267,462,47823,27,1366,293,22263,640,35730,320,57993,California
Napa, County,Napa County,3/28/2021,492,92948,381,43648,104,47927,7,1373,178,22136,312,36042,185,58178,California
Napa, County,Napa County,3/29/2021,1210,94158,881,44529,324,48251,5,1378,729,22393,477,36519,734,58912,California
Napa, County,Napa County,3/30/2021,2830,96988,945,45474,1880,50131,5,1383,1989,23545,842,37361,1994,60906,California
Napa, County,Napa County,3/31/2021,1998,98986,981,46455,947,51078,70,1453,812,23241,1183,38544,879,61785,California
Napa, County,Napa County,4/1/2021,1771,100757,848,47303,805,51883,118,1571,485,22562,1278,39822,599,62384,California
Napa, County,Napa County,4/2/2021,1890,102647,852,48155,896,52779,142,1713,477,21772,1408,41230,618,63002,California
Napa, County,Napa County,4/3/2021,642,103289,373,48528,211,52990,58,1771,213,21613,428,41658,269,63271,California
Napa, County,Napa County,4/4/2021,361,103650,148,48676,155,53145,58,1829,126,21563,234,41892,184,63455,California
Napa, County,Napa County,4/5/2021,1286,104936,761,49437,304,53449,221,2050,572,21644,711,42603,792,64247,California
Napa, County,Napa County,4/6/2021,2274,107210,564,50001,1446,54895,264,2314,511,20656,1760,44363,772,65019,California
Napa, County,Napa County,4/7/2021,1773,108983,721,50722,828,55723,224,2538,529,20170,1237,45600,751,65770,California
Napa, County,Napa County,4/8/2021,1880,110863,1077,51799,421,56144,382,2920,964,20605,910,46510,1345,67115,California
Napa, County,Napa County,4/9/2021,1578,112441,938,52737,332,56476,308,3228,681,20697,894,47404,986,68101,California
Napa, County,Napa County,4/10/2021,1044,113485,343,53080,597,57073,104,3332,236,20232,805,48209,340,68441,California
Napa, County,Napa County,4/11/2021,388,113873,305,53385,61,57134,22,3354,159,20184,229,48438,181,68622,California
Napa, County,Napa County,4/12/2021,797,114670,302,53687,369,57503,126,3480,295,20099,500,48938,415,69037,California
Napa, County,Napa County,4/13/2021,2600,117270,870,54557,1730,59233,0,3480,930,19366,1663,50601,930,69967,California
Napa, County,Napa County,4/14/2021,2158,119428,1013,55570,1145,60378,0,3480,1047,19310,1103,51704,1047,71014,California
Napa, County,Napa County,4/15/2021,2074,121502,532,56102,1542,61920,0,3480,877,18999,1188,52892,877,71891,California
Napa, County,Napa County,4/16/2021,3047,124549,1673,57775,1374,63294,0,3480,2313,20583,729,53621,2313,74204,California
Napa, County,Napa County,4/17/2021,1175,125724,287,58062,888,64182,0,3480,861,21132,312,53933,861,75065,California
Napa, County,Napa County,4/18/2021,285,126009,193,58255,92,64274,0,3480,120,21087,165,54098,120,75185,California
Napa, County,Napa County,4/19/2021,625,126634,339,58594,286,64560,0,3480,271,21006,352,54450,271,75456,California
Napa, County,Napa County,4/20/2021,3101,129735,2114,60708,987,65547,0,3480,2110,22129,988,55438,2111,77567,California
Napa, County,Napa County,4/21/2021,3025,132760,2237,62945,788,66335,0,3480,1913,22937,1106,56544,1914,79481,California
Napa, County,Napa County,4/22/2021,1869,134629,1304,64249,564,66899,1,3481,864,22802,999,57543,864,80345,California
Napa, County,Napa County,4/23/2021,1687,136316,1292,65541,393,67292,2,3483,1188,23495,495,58038,1188,81533,California
Napa, County,Napa County,4/24/2021,580,136896,322,65863,258,67550,0,3483,292,23502,285,58323,292,81825,California
Napa, County,Napa County,4/25/2021,257,137153,194,66057,63,67613,0,3483,131,23509,124,58447,131,81956,California
Napa, County,Napa County,4/26/2021,556,137709,289,66346,267,67880,0,3483,285,23529,265,58712,285,82241,California
Napa, County,Napa County,4/27/2021,1808,139517,475,66821,1321,69201,12,3495,602,22940,1203,59915,614,82855,California
Napa, County,Napa County,4/28/2021,1046,140563,483,67304,546,69747,17,3512,354,22622,689,60604,371,83226,California
Napa, County,Napa County,4/29/2021,740,141303,370,67674,351,70098,19,3531,261,22431,470,61074,279,83505,California
Napa, County,Napa County,4/30/2021,634,141937,318,67992,252,70350,64,3595,261,22384,371,61445,324,83829,California
Napa, County,Napa County,5/1/2021,333,142270,267,68259,55,70405,11,3606,127,22317,205,61650,138,83967,California
Napa, County,Napa County,5/2/2021,239,142509,196,68455,37,70442,6,3612,100,22285,138,61788,106,84073,California
Napa, County,Napa County,5/3/2021,637,143146,496,68951,105,70547,36,3648,110,21909,523,62311,147,84220,California
Napa, County,Napa County,5/4/2021,1161,144307,740,69691,311,70858,110,3758,318,21496,839,63150,426,84646,California
Napa, County,Napa County,5/5/2021,1047,145354,706,70397,302,71160,39,3797,262,21015,782,63932,301,84947,California
Napa, County,Napa County,5/6/2021,726,146080,316,70713,387,71547,23,3820,375,21073,341,64273,399,85346,California
Napa, County,Napa County,5/7/2021,1614,147694,1382,72095,168,71715,64,3884,335,20216,1255,65528,398,85744,California
Napa, County,Napa County,5/8/2021,263,147957,167,72262,85,71800,11,3895,88,20143,172,65700,99,85843,California
Napa, County,Napa County,5/9/2021,120,148077,87,72349,33,71833,0,3895,58,20141,60,65760,58,85901,California
Napa, County,Napa County,5/10/2021,436,148513,151,72500,265,72098,20,3915,111,19948,324,66084,131,86032,California
Napa, County,Napa County,5/11/2021,2242,150755,1847,74347,369,72467,26,3941,388,18513,1849,67933,414,86446,California
Napa, County,Napa County,5/12/2021,2287,153042,1433,75780,797,73264,57,3998,321,16931,1959,69892,377,86823,California
Napa, County,Napa County,5/13/2021,1973,155015,1272,77052,662,73926,39,4037,878,16761,1088,70980,918,87741,California
Napa, County,Napa County,5/14/2021,1996,157011,1209,78261,702,74628,85,4122,537,15931,1453,72433,623,88364,California
Napa, County,Napa County,5/15/2021,1087,158098,368,78629,707,75335,12,4134,258,15379,823,73256,271,88635,California
Napa, County,Napa County,5/16/2021,252,158350,170,78799,80,75415,2,4136,71,15271,181,73437,73,88708,California
Napa, County,Napa County,5/17/2021,906,159256,356,79155,520,75935,30,4166,306,15072,536,73973,337,89045,California
Napa, County,Napa County,5/18/2021,1086,160342,562,79717,466,76401,58,4224,519,15087,562,74535,577,89622,California
Napa, County,Napa County,5/19/2021,1003,161345,598,80315,375,76776,30,4254,523,15163,476,75011,552,90174,California
Napa, County,Napa County,5/20/2021,666,162011,437,80752,198,76974,31,4285,389,15308,274,75285,419,90593,California
Napa, County,Napa County,5/21/2021,538,162549,270,81022,236,77210,32,4317,224,15252,312,75597,256,90849,California
Napa, County,Napa County,5/22/2021,469,163018,282,81304,178,77388,9,4326,194,15182,274,75871,204,91053,California
Napa, County,Napa County,5/23/2021,406,163424,360,81664,35,77423,11,4337,302,15391,104,75975,313,91366,California
Napa, County,Napa County,5/24/2021,379,163803,187,81851,172,77595,20,4357,153,15341,223,76198,173,91539,California
Napa, County,Napa County,5/25/2021,425,164228,174,82025,180,77775,71,4428,143,15274,280,76478,213,91752,California
Napa, County,Napa County,5/26/2021,556,164784,357,82382,172,77947,27,4455,315,15380,236,76714,342,92094,California
Napa, County,Napa County,5/27/2021,384,165168,169,82551,187,78134,28,4483,150,15324,234,76948,178,92272,California
Napa, County,Napa County,5/28/2021,408,165576,210,82761,174,78308,24,4507,166,15274,238,77186,188,92460,California
Napa, County,Napa County,5/29/2021,131,165707,79,82840,48,78356,4,4511,76,15300,54,77240,80,92540,California
Napa, County,Napa County,5/30/2021,101,165808,64,82904,32,78388,5,4516,29,15266,68,77308,34,92574,California
Napa, County,Napa County,5/31/2021,51,165859,17,82921,28,78416,6,4522,9,15239,42,77350,15,92589,California
Napa, County,Napa County,6/1/2021,610,166469,310,83231,276,78692,24,4546,264,15186,340,77690,287,92876,California
Napa, County,Napa County,6/2/2021,416,166885,248,83479,146,78838,22,4568,195,15183,219,77909,216,93092,California
Napa, County,Napa County,6/3/2021,752,167637,453,83932,274,79112,25,4593,126,14710,622,78531,149,93241,California
Napa, County,Napa County,6/4/2021,790,168427,609,84541,143,79255,38,4631,142,14245,644,79175,179,93420,California
Napa, County,Napa County,6/5/2021,313,168740,255,84796,47,79302,11,4642,75,14095,236,79411,86,93506,California
Napa, County,Napa County,6/6/2021,146,168886,126,84922,19,79321,1,4643,45,14041,100,79511,46,93552,California
Napa, County,Napa County,6/7/2021,408,169294,295,85217,85,79406,28,4671,100,13862,307,79818,128,93680,California
Napa, County,Napa County,6/8/2021,628,169922,497,85714,114,79520,17,4688,277,13808,348,80166,294,93974,California
Napa, County,Napa County,6/9/2021,568,170490,459,86173,94,79614,15,4703,93,13445,471,80637,108,94082,California
Napa, County,Napa County,6/10/2021,520,171010,420,86593,68,79682,32,4735,108,13174,411,81048,140,94222,California
Napa, County,Napa County,6/11/2021,409,171419,268,86861,118,79800,23,4758,116,13021,292,81340,139,94361,California
Napa, County,Napa County,6/12/2021,206,171625,172,87033,29,79829,5,4763,41,12904,164,81504,47,94408,California
Napa, County,Napa County,6/13/2021,290,171915,277,87310,8,79837,5,4768,24,12667,266,81770,29,94437,California
Napa, County,Napa County,6/14/2021,483,172398,341,87651,115,79952,27,4795,90,12393,388,82158,114,94551,California
Napa, County,Napa County,6/15/2021,375,172773,277,87928,85,80037,13,4808,187,12406,187,82345,200,94751,California
Napa, County,Napa County,6/16/2021,260,173033,163,88091,81,80118,16,4824,83,12331,174,82519,99,94850,California
Napa, County,Napa County,6/17/2021,399,173432,327,88418,63,80181,9,4833,76,12093,323,82842,85,94935,California
Napa, County,Napa County,6/18/2021,279,173711,184,88602,84,80265,11,4844,95,12018,182,83024,107,95042,California
Napa, County,Napa County,6/19/2021,107,173818,74,88676,23,80288,10,4854,45,12012,61,83085,55,95097,California
Napa, County,Napa County,6/20/2021,54,173872,42,88718,9,80297,3,4857,19,11999,35,83120,22,95119,California
Napa, County,Napa County,6/21/2021,160,174032,73,88791,66,80363,21,4878,75,12011,84,83204,96,95215,California
Napa, County,Napa County,6/22/2021,377,174409,300,89091,63,80426,14,4892,110,11869,266,83470,124,95339,California
Napa, County,Napa County,6/23/2021,341,174750,265,89356,54,80480,22,4914,106,11765,231,83701,127,95466,California
Napa, County,Napa County,6/24/2021,169,174919,114,89470,49,80529,6,4920,72,11748,95,83796,78,95544,California
Napa, County,Napa County,6/25/2021,247,175166,163,89633,71,80600,13,4933,121,11762,119,83915,133,95677,California
Napa, County,Napa County,6/26/2021,95,175261,81,89714,10,80610,4,4937,49,11769,46,83961,53,95730,California
Napa, County,Napa County,6/27/2021,72,175333,62,89776,10,80620,0,4937,34,11765,38,83999,34,95764,California
Napa, County,Napa County,6/28/2021,192,175525,147,89923,33,80653,12,4949,80,11745,111,84110,91,95855,California
Napa, County,Napa County,6/29/2021,414,175939,338,90261,57,80710,19,4968,111,11574,301,84411,130,95985,California
Napa, County,Napa County,6/30/2021,182,176121,124,90385,48,80758,10,4978,77,11557,104,84515,87,96072,California
Napa, County,Napa County,7/1/2021,169,176290,114,90499,46,80804,9,4987,77,11551,91,84606,85,96157,California
Napa, County,Napa County,7/2/2021,171,176461,129,90628,35,80839,7,4994,67,11522,103,84709,74,96231,California
Napa, County,Napa County,7/3/2021,74,176535,60,90688,8,80847,6,5000,42,11539,31,84740,48,96279,California
Napa, County,Napa County,7/4/2021,7,176542,0,90688,6,80853,1,5001,0,11533,7,84747,1,96280,California
Napa, County,Napa County,7/5/2021,91,176633,71,90759,15,80868,5,5006,49,11545,42,84789,54,96334,California
Napa, County,Napa County,7/6/2021,331,176964,285,91044,34,80902,12,5018,121,11470,207,84996,132,96466,California
Napa, County,Napa County,7/7/2021,163,177127,113,91157,38,80940,12,5030,70,11459,93,85089,82,96548,California
Napa, County,Napa County,7/8/2021,171,177298,123,91280,31,80971,17,5047,71,11448,97,85186,86,96634,California
Napa, County,Napa County,7/9/2021,203,177501,126,91406,60,81031,17,5064,88,11441,112,85298,105,96739,California
Napa, County,Napa County,7/10/2021,79,177580,48,91454,27,81058,4,5068,42,11450,37,85335,46,96785,California
Napa, County,Napa County,7/11/2021,60,177640,55,91509,5,81063,0,5068,22,11438,34,85369,22,96807,California
Napa, County,Napa County,7/12/2021,163,177803,121,91630,32,81095,10,5078,70,11426,92,85461,80,96887,California
Napa, County,Napa County,7/13/2021,297,178100,251,91881,27,81122,19,5097,180,11509,114,85575,197,97084,California
Napa, County,Napa County,7/14/2021,166,178266,120,92001,32,81154,14,5111,72,11501,94,85669,86,97170,California
Napa, County,Napa County,7/15/2021,191,178457,144,92145,41,81195,6,5117,91,11502,95,85764,96,97266,California
Napa, County,Napa County,7/16/2021,204,178661,157,92302,39,81234,8,5125,85,11477,118,85882,93,97359,California
Napa, County,Napa County,7/17/2021,89,178750,68,92370,13,81247,8,5133,35,11467,53,85935,43,97402,California
Napa, County,Napa County,7/18/2021,49,178799,40,92410,5,81252,4,5137,18,11458,31,85966,22,97424,California
Napa, County,Napa County,7/19/2021,179,178978,125,92535,42,81294,12,5149,83,11457,96,86062,95,97519,California
Napa, County,Napa County,7/20/2021,366,179344,296,92831,52,81346,18,5167,229,11571,133,86195,247,97766,California
Napa, County,Napa County,7/21/2021,146,179490,107,92938,31,81377,8,5175,75,11585,69,86264,83,97849,California
Napa, County,Napa County,7/22/2021,171,179661,137,93075,21,81398,13,5188,94,11617,74,86338,106,97955,California
Napa, County,Napa County,7/23/2021,212,179873,154,93229,47,81445,11,5199,140,11697,71,86409,151,98106,California
Napa, County,Napa County,7/24/2021,104,179977,93,93322,8,81453,3,5202,59,11715,44,86453,62,98168,California
Napa, County,Napa County,7/25/2021,52,180029,45,93367,7,81460,0,5202,41,11747,9,86462,41,98209,California
Napa, County,Napa County,7/26/2021,201,180230,142,93509,54,81514,5,5207,124,11802,74,86536,129,98338,California
Napa, County,Napa County,7/27/2021,372,180602,313,93822,46,81560,13,5220,233,11913,135,86671,246,98584,California
Napa, County,Napa County,7/28/2021,184,180786,141,93963,32,81592,11,5231,97,11935,84,86755,106,98690,California
Napa, County,Napa County,7/29/2021,147,180933,107,94070,27,81619,13,5244,71,11944,74,86829,83,98773,California
Napa, County,Napa County,7/30/2021,188,181121,139,94209,33,81652,16,5260,112,11997,75,86904,128,98901,California
Napa, County,Napa County,7/31/2021,104,181225,86,94295,13,81665,5,5265,70,12039,33,86937,75,98976,California
Napa, County,Napa County,8/1/2021,60,181285,56,94351,4,81669,0,5265,41,12061,19,86956,41,99017,California
Napa, County,Napa County,8/2/2021,192,181477,141,94492,36,81705,15,5280,109,12103,82,87038,124,99141,California
Napa, County,Napa County,8/3/2021,452,181929,390,94882,39,81744,23,5303,268,12210,178,87216,285,99426,California
Napa, County,Napa County,8/4/2021,182,182111,144,95026,30,81774,8,5311,113,12263,68,87284,121,99547,California
Napa, County,Napa County,8/5/2021,208,182319,150,95176,49,81823,9,5320,142,12352,63,87347,152,99699,California
Napa, County,Napa County,8/6/2021,248,182567,185,95361,48,81871,15,5335,139,12401,104,87451,153,99852,California
Napa, County,Napa County,8/7/2021,127,182694,87,95448,33,81904,7,5342,62,12409,61,87512,69,99921,California
Napa, County,Napa County,8/8/2021,47,182741,39,95487,7,81911,1,5343,32,12428,15,87527,34,99955,California
Napa, County,Napa County,8/9/2021,173,182914,122,95609,37,81948,14,5357,94,12460,76,87603,108,100063,California
Napa, County,Napa County,8/10/2021,166,183080,116,95725,39,81987,11,5368,116,12539,48,87651,127,100190,California
Nevada, County,Nevada County,12/15/2020,0,0,0,0,0,0,0,0,0,0,0,0,0,0,California
Nevada, County,Nevada County,12/16/2020,3,3,3,3,0,0,0,0,3,3,0,0,3,3,California
Nevada, County,Nevada County,12/17/2020,6,9,6,9,0,0,0,0,6,9,0,0,6,9,California
Nevada, County,Nevada County,12/18/2020,60,69,60,69,0,0,0,0,60,69,0,0,60,69,California
Nevada, County,Nevada County,12/19/2020,53,122,53,122,0,0,0,0,53,122,0,0,53,122,California
Nevada, County,Nevada County,12/20/2020,16,138,16,138,0,0,0,0,16,138,0,0,16,138,California
Nevada, County,Nevada County,12/21/2020,68,206,68,206,0,0,0,0,68,206,0,0,68,206,California
Nevada, County,Nevada County,12/22/2020,94,300,92,298,2,2,0,0,94,300,0,0,94,300,California
Nevada, County,Nevada County,12/23/2020,244,544,213,511,31,33,0,0,244,544,0,0,244,544,California
Nevada, County,Nevada County,12/24/2020,15,559,12,523,3,36,0,0,15,559,0,0,15,559,California
Nevada, County,Nevada County,12/25/2020,3,562,3,526,0,36,0,0,3,562,0,0,3,562,California
Nevada, County,Nevada County,12/26/2020,7,569,5,531,2,38,0,0,7,569,0,0,7,569,California
Nevada, County,Nevada County,12/27/2020,92,661,91,622,1,39,0,0,92,661,0,0,92,661,California
Nevada, County,Nevada County,12/28/2020,171,832,92,714,79,118,0,0,171,832,0,0,171,832,California
Nevada, County,Nevada County,12/29/2020,100,932,70,784,30,148,0,0,100,932,0,0,100,932,California
Nevada, County,Nevada County,12/30/2020,87,1019,64,848,23,171,0,0,87,1019,0,0,87,1019,California
Nevada, County,Nevada County,12/31/2020,45,1064,9,857,36,207,0,0,45,1064,0,0,45,1064,California
Nevada, County,Nevada County,1/1/2021,3,1067,0,857,3,210,0,0,3,1067,0,0,3,1067,California
Nevada, County,Nevada County,1/2/2021,2,1069,1,858,1,211,0,0,2,1069,0,0,2,1069,California
Nevada, County,Nevada County,1/3/2021,132,1201,127,985,5,216,0,0,132,1201,0,0,132,1201,California
Nevada, County,Nevada County,1/4/2021,76,1277,43,1028,33,249,0,0,76,1277,0,0,76,1277,California
Nevada, County,Nevada County,1/5/2021,285,1562,129,1157,156,405,0,0,284,1560,1,1,284,1561,California
Nevada, County,Nevada County,1/6/2021,96,1658,45,1202,51,456,0,0,88,1640,8,9,88,1649,California
Nevada, County,Nevada County,1/7/2021,224,1882,44,1246,180,636,0,0,215,1848,8,17,216,1865,California
Nevada, County,Nevada County,1/8/2021,238,2120,133,1379,105,741,0,0,178,1967,60,77,179,2044,California
Nevada, County,Nevada County,1/9/2021,63,2183,56,1435,7,748,0,0,14,1932,49,126,14,2058,California
Nevada, County,Nevada County,1/10/2021,22,2205,11,1446,11,759,0,0,12,1934,10,136,12,2070,California
Nevada, County,Nevada County,1/11/2021,198,2403,136,1582,62,821,0,0,68,1872,130,266,68,2138,California
Nevada, County,Nevada County,1/12/2021,608,3011,459,2041,149,970,0,0,537,2338,71,337,537,2675,California
Nevada, County,Nevada County,1/13/2021,276,3287,156,2197,120,1090,0,0,136,2334,140,477,136,2811,California
Nevada, County,Nevada County,1/14/2021,252,3539,127,2324,125,1215,0,0,233,2549,18,495,233,3044,California
Nevada, County,Nevada County,1/15/2021,420,3959,174,2498,246,1461,0,0,318,2765,102,597,318,3362,California
Nevada, County,Nevada County,1/16/2021,340,4299,21,2519,319,1780,0,0,334,3093,6,603,334,3696,California
Nevada, County,Nevada County,1/17/2021,44,4343,39,2558,5,1785,0,0,41,3131,3,606,41,3737,California
Nevada, County,Nevada County,1/18/2021,158,4501,44,2602,114,1899,0,0,147,3267,11,617,147,3884,California
Nevada, County,Nevada County,1/19/2021,265,4766,99,2701,166,2065,0,0,243,3488,22,639,243,4127,California
Nevada, County,Nevada County,1/20/2021,284,5050,169,2870,115,2180,0,0,270,3744,14,653,270,4397,California
Nevada, County,Nevada County,1/21/2021,348,5398,206,3076,142,2322,0,0,333,4062,15,668,333,4730,California
Nevada, County,Nevada County,1/22/2021,388,5786,237,3313,151,2473,0,0,356,4386,32,700,356,5086,California
Nevada, County,Nevada County,1/23/2021,193,5979,109,3422,84,2557,0,0,193,4579,0,700,193,5279,California
Nevada, County,Nevada County,1/24/2021,123,6102,110,3532,13,2570,0,0,81,4618,42,742,81,5360,California
Nevada, County,Nevada County,1/25/2021,265,6367,127,3659,138,2708,0,0,200,4753,65,807,200,5560,California
Nevada, County,Nevada County,1/26/2021,445,6812,155,3814,290,2998,0,0,338,4984,107,914,338,5898,California
Nevada, County,Nevada County,1/27/2021,472,7284,277,4091,195,3193,0,0,443,5398,29,943,443,6341,California
Nevada, County,Nevada County,1/28/2021,515,7799,342,4433,173,3366,0,0,464,5812,50,993,464,6805,California
Nevada, County,Nevada County,1/29/2021,644,8443,406,4839,238,3604,0,0,614,6398,29,1022,615,7420,California
Nevada, County,Nevada County,1/30/2021,333,8776,133,4972,200,3804,0,0,329,6723,4,1026,329,7749,California
Nevada, County,Nevada County,1/31/2021,113,8889,95,5067,18,3822,0,0,109,6830,3,1029,110,7859,California
Nevada, County,Nevada County,2/1/2021,310,9199,81,5148,229,4051,0,0,289,7098,21,1050,289,8148,California
Nevada, County,Nevada County,2/2/2021,566,9765,201,5349,365,4416,0,0,349,7230,217,1267,349,8497,California
Nevada, County,Nevada County,2/3/2021,833,10598,564,5913,269,4685,0,0,772,7942,60,1327,772,9269,California
Nevada, County,Nevada County,2/4/2021,791,11389,403,6316,388,5073,0,0,531,8214,259,1586,531,9800,California
Nevada, County,Nevada County,2/5/2021,725,12114,394,6710,331,5404,0,0,520,8531,203,1789,520,10320,California
Nevada, County,Nevada County,2/6/2021,306,12420,109,6819,197,5601,0,0,267,8759,39,1828,267,10587,California
Nevada, County,Nevada County,2/7/2021,318,12738,254,7073,64,5665,0,0,255,8952,62,1890,255,10842,California
Nevada, County,Nevada County,2/8/2021,705,13443,424,7497,281,5946,0,0,591,9431,112,2002,591,11433,California
Nevada, County,Nevada County,2/9/2021,654,14097,373,7870,281,6227,0,0,506,9790,147,2149,506,11939,California
Nevada, County,Nevada County,2/10/2021,691,14788,346,8216,345,6572,0,0,458,10016,233,2382,459,12398,California
Nevada, County,Nevada County,2/11/2021,946,15734,537,8753,409,6981,0,0,595,10261,350,2732,595,12993,California
Nevada, County,Nevada County,2/12/2021,1007,16741,465,9218,542,7523,0,0,670,10597,334,3066,670,13663,California
Nevada, County,Nevada County,2/13/2021,694,17435,274,9492,420,7943,0,0,426,10759,264,3330,426,14089,California
Nevada, County,Nevada County,2/14/2021,251,17686,137,9629,114,8057,0,0,212,10932,39,3369,212,14301,California
Nevada, County,Nevada County,2/15/2021,753,18439,455,10084,298,8355,0,0,576,11332,177,3546,577,14878,California
Nevada, County,Nevada County,2/16/2021,691,19130,238,10322,453,8808,0,0,506,11654,184,3730,506,15384,California
Nevada, County,Nevada County,2/17/2021,1261,20391,815,11137,446,9254,0,0,892,12178,369,4099,893,16277,California
Nevada, County,Nevada County,2/18/2021,1054,21445,585,11722,469,9723,0,0,619,12366,431,4530,619,16896,California
Nevada, County,Nevada County,2/19/2021,1164,22609,669,12391,495,10218,0,0,779,12764,382,4912,780,17676,California
Nevada, County,Nevada County,2/20/2021,384,22993,136,12527,248,10466,0,0,226,12833,157,5069,226,17902,California
Nevada, County,Nevada County,2/21/2021,128,23121,106,12633,22,10488,0,0,21,12751,103,5172,21,17923,California
Nevada, County,Nevada County,2/22/2021,542,23663,365,12998,177,10665,0,0,379,12968,162,5334,379,18302,California
Nevada, County,Nevada County,2/23/2021,547,24210,260,13258,287,10952,0,0,227,12879,317,5651,228,18530,California
Nevada, County,Nevada County,2/24/2021,570,24780,307,13565,263,11215,0,0,264,12844,303,5954,268,18798,California
Nevada, County,Nevada County,2/25/2021,923,25703,506,14071,417,11632,0,0,449,12823,470,6424,449,19247,California
Nevada, County,Nevada County,2/26/2021,1353,27056,928,14999,425,12057,0,0,475,12422,876,7300,475,19722,California
Nevada, County,Nevada County,2/27/2021,494,27550,134,15133,360,12417,0,0,222,12372,272,7572,222,19944,California
Nevada, County,Nevada County,2/28/2021,373,27923,230,15363,143,12560,0,0,154,12309,217,7789,154,20098,California
Nevada, County,Nevada County,3/1/2021,906,28829,474,15837,432,12992,0,0,398,12204,503,8292,398,20496,California
Nevada, County,Nevada County,3/2/2021,825,29654,332,16169,493,13485,0,0,537,12458,283,8575,537,21033,California
Nevada, County,Nevada County,3/3/2021,1076,30730,547,16716,528,14013,1,1,545,12477,528,9103,547,21580,California
Nevada, County,Nevada County,3/4/2021,1201,31931,662,17378,539,14552,0,1,491,12262,706,9809,491,22071,California
Nevada, County,Nevada County,3/5/2021,1264,33195,525,17903,729,15281,10,11,732,12475,529,10338,742,22813,California
Nevada, County,Nevada County,3/6/2021,398,33593,140,18043,231,15512,27,38,154,12411,244,10582,180,22993,California
Nevada, County,Nevada County,3/7/2021,232,33825,118,18161,88,15600,26,64,73,12351,159,10741,99,23092,California
Nevada, County,Nevada County,3/8/2021,903,34728,586,18747,268,15868,49,113,401,12301,500,11241,450,23542,California
Nevada, County,Nevada County,3/9/2021,843,35571,427,19174,361,16229,55,168,473,12461,367,11608,527,24069,California
Nevada, County,Nevada County,3/10/2021,1059,36630,673,19847,327,16556,59,227,356,12179,694,12302,412,24481,California
Nevada, County,Nevada County,3/11/2021,1166,37796,744,20591,395,16951,27,254,563,12175,594,12896,590,25071,California
Nevada, County,Nevada County,3/12/2021,1583,39379,740,21331,809,17760,34,288,838,12304,741,13637,870,25941,California
Nevada, County,Nevada County,3/13/2021,953,40332,63,21394,884,18644,6,294,754,12866,197,13834,759,26700,California
Nevada, County,Nevada County,3/14/2021,167,40499,27,21421,134,18778,6,300,36,12777,131,13965,42,26742,California
Nevada, County,Nevada County,3/15/2021,903,41402,482,21903,409,19187,12,312,375,12641,523,14488,387,27129,California
Nevada, County,Nevada County,3/16/2021,1035,42437,469,22372,504,19691,62,374,660,12989,373,14861,721,27850,California
Nevada, County,Nevada County,3/17/2021,1042,43479,452,22824,580,20271,10,384,583,13127,456,15317,594,28444,California
Nevada, County,Nevada County,3/18/2021,1022,44501,550,23374,450,20721,22,406,489,13112,525,15842,510,28954,California
Nevada, County,Nevada County,3/19/2021,957,45458,456,23830,464,21185,37,443,383,12962,569,16411,419,29373,California
Nevada, County,Nevada County,3/20/2021,861,46319,99,23929,320,21505,442,885,218,12978,637,17048,653,30026,California
Nevada, County,Nevada County,3/21/2021,69,46388,35,23964,33,21538,1,886,36,12983,32,17080,37,30063,California
Nevada, County,Nevada County,3/22/2021,831,47219,532,24496,295,21833,4,890,541,13241,287,17367,545,30608,California
Nevada, County,Nevada County,3/23/2021,877,48096,399,24895,450,22283,28,918,630,13656,243,17610,658,31266,California
Nevada, County,Nevada County,3/24/2021,1056,49152,566,25461,483,22766,7,925,655,13924,393,18003,661,31927,California
Nevada, County,Nevada County,3/25/2021,941,50093,486,25947,427,23193,28,953,506,14024,432,18435,532,32459,California
Nevada, County,Nevada County,3/26/2021,1256,51349,482,26429,732,23925,42,995,871,14553,383,18818,912,33371,California
Nevada, County,Nevada County,3/27/2021,619,51968,76,26505,527,24452,16,1011,407,14765,211,19029,423,33794,California
Nevada, County,Nevada County,3/28/2021,205,52173,55,26560,137,24589,13,1024,36,14651,163,19192,49,33843,California
Nevada, County,Nevada County,3/29/2021,879,53052,524,27084,334,24923,21,1045,385,14568,488,19680,405,34248,California
Nevada, County,Nevada County,3/30/2021,1109,54161,495,27579,580,25503,34,1079,510,14521,592,20272,545,34793,California
Nevada, County,Nevada County,3/31/2021,1217,55378,677,28256,523,26026,17,1096,679,14688,527,20799,694,35487,California
Nevada, County,Nevada County,4/1/2021,1293,56671,749,29005,491,26517,53,1149,574,14606,707,21506,625,36112,California
Nevada, County,Nevada County,4/2/2021,1344,58015,665,29670,645,27162,34,1183,818,14935,523,22029,852,36964,California
Nevada, County,Nevada County,4/3/2021,304,58319,92,29762,177,27339,35,1218,87,14841,216,22245,122,37086,California
Nevada, County,Nevada County,4/4/2021,140,58459,48,29810,85,27424,7,1225,82,14872,58,22303,89,37175,California
Nevada, County,Nevada County,4/5/2021,980,59439,642,30452,315,27739,23,1248,627,15172,348,22651,648,37823,California
Nevada, County,Nevada County,4/6/2021,1104,60543,679,31131,280,28019,145,1393,457,15131,641,23292,600,38423,California
Nevada, County,Nevada County,4/7/2021,1190,61733,841,31972,261,28280,88,1481,639,15314,543,23835,726,39149,California
Nevada, County,Nevada County,4/8/2021,1331,63064,909,32881,330,28610,92,1573,728,15536,597,24432,819,39968,California
Nevada, County,Nevada County,4/9/2021,1312,64376,865,33746,373,28983,74,1647,866,16031,444,24876,939,40907,California
Nevada, County,Nevada County,4/10/2021,911,65287,91,33837,744,29727,76,1723,136,15474,769,25645,212,41119,California
Nevada, County,Nevada County,4/11/2021,113,65400,37,33874,70,29797,6,1729,35,15437,78,25723,41,41160,California
Nevada, County,Nevada County,4/12/2021,786,66186,565,34439,203,30000,18,1747,325,15324,456,26179,343,41503,California
Nevada, County,Nevada County,4/13/2021,905,67091,371,34810,534,30534,0,1747,457,15338,443,26622,457,41960,California
Nevada, County,Nevada County,4/14/2021,1093,68184,603,35413,490,31024,0,1747,545,15342,541,27163,545,42505,California
Nevada, County,Nevada County,4/15/2021,1117,69301,722,36135,395,31419,0,1747,628,15492,478,27641,628,43133,California
Nevada, County,Nevada County,4/16/2021,936,70237,708,36843,228,31647,0,1747,519,15596,415,28056,519,43652,California
Nevada, County,Nevada County,4/17/2021,201,70438,54,36897,147,31794,0,1747,83,15562,117,28173,83,43735,California
Nevada, County,Nevada County,4/18/2021,207,70645,22,36919,185,31979,0,1747,104,15563,103,28276,104,43839,California
Nevada, County,Nevada County,4/19/2021,801,71446,508,37427,293,32272,0,1747,314,15401,476,28752,314,44153,California
Nevada, County,Nevada County,4/20/2021,831,72277,343,37770,488,32760,0,1747,308,15194,515,29267,308,44461,California
Nevada, County,Nevada County,4/21/2021,966,73243,545,38315,421,33181,0,1747,284,14808,670,29937,284,44745,California
Nevada, County,Nevada County,4/22/2021,1037,74280,648,38963,389,33570,0,1747,348,14481,676,30613,349,45094,California
Nevada, County,Nevada County,4/23/2021,1291,75571,570,39533,721,34291,0,1747,405,14011,875,31488,405,45499,California
Nevada, County,Nevada County,4/24/2021,550,76121,79,39612,471,34762,0,1747,192,13847,356,31844,192,45691,California
Nevada, County,Nevada County,4/25/2021,137,76258,62,39674,70,34832,5,1752,56,13827,80,31924,60,45751,California
Nevada, County,Nevada County,4/26/2021,784,77042,593,40267,182,35014,9,1761,223,13508,551,32475,232,45983,California
Nevada, County,Nevada County,4/27/2021,847,77889,399,40666,443,35457,5,1766,410,13494,429,32904,415,46398,California
Nevada, County,Nevada County,4/28/2021,1025,78914,607,41273,413,35870,5,1771,390,13261,628,33532,395,46793,California
Nevada, County,Nevada County,4/29/2021,1064,79978,738,42011,321,36191,5,1776,300,12807,759,34291,305,47098,California
Nevada, County,Nevada County,4/30/2021,1305,81283,755,42766,540,36731,10,1786,224,11962,1079,35370,234,47332,California
Nevada, County,Nevada County,5/1/2021,157,81440,70,42836,83,36814,4,1790,66,11943,89,35459,70,47402,California
Nevada, County,Nevada County,5/2/2021,67,81507,34,42870,29,36843,4,1794,23,11926,44,35503,27,47429,California
Nevada, County,Nevada County,5/3/2021,634,82141,425,43295,190,37033,19,1813,182,11680,446,35949,200,47629,California
Nevada, County,Nevada County,5/4/2021,609,82750,177,43472,413,37446,19,1832,331,11756,274,36223,350,47979,California
Nevada, County,Nevada County,5/5/2021,767,83517,403,43875,349,37795,15,1847,328,11668,431,36654,343,48322,California
Nevada, County,Nevada County,5/6/2021,836,84353,580,44455,245,38040,11,1858,207,11267,619,37273,218,48540,California
Nevada, County,Nevada County,5/7/2021,910,85263,498,44953,375,38415,37,1895,184,10770,718,37991,221,48761,California
Nevada, County,Nevada County,5/8/2021,181,85444,23,44976,139,38554,19,1914,79,10768,100,38091,98,48859,California
Nevada, County,Nevada County,5/9/2021,44,85488,7,44983,35,38589,2,1916,20,10766,24,38115,22,48881,California
Nevada, County,Nevada County,5/10/2021,415,85903,263,45246,127,38716,25,1941,78,10533,336,38451,103,48984,California
Nevada, County,Nevada County,5/11/2021,517,86420,162,45408,335,39051,20,1961,125,10295,383,38834,145,49129,California
Nevada, County,Nevada County,5/12/2021,551,86971,248,45656,292,39343,11,1972,151,10067,390,39224,162,49291,California
Nevada, County,Nevada County,5/13/2021,859,87830,564,46220,285,39628,10,1982,432,10091,418,39642,442,49733,California
Nevada, County,Nevada County,5/14/2021,798,88628,585,46805,196,39824,17,1999,435,10184,359,40001,452,50185,California
Nevada, County,Nevada County,5/15/2021,185,88813,90,46895,89,39913,6,2005,88,10182,96,40097,94,50279,California
Nevada, County,Nevada County,5/16/2021,165,88978,55,46950,110,40023,0,2005,56,10129,109,40206,56,50335,California
Nevada, County,Nevada County,5/17/2021,515,89493,329,47279,154,40177,32,2037,219,10096,284,40490,251,50586,California
Nevada, County,Nevada County,5/18/2021,433,89926,260,47539,168,40345,5,2042,218,10107,212,40702,223,50809,California
Nevada, County,Nevada County,5/19/2021,504,90430,354,47893,145,40490,5,2047,255,10128,239,40941,260,51069,California
Nevada, County,Nevada County,5/20/2021,623,91053,364,48257,246,40736,13,2060,215,9953,403,41344,228,51297,California
Nevada, County,Nevada County,5/21/2021,524,91577,340,48597,174,40910,10,2070,219,9883,299,41643,229,51526,California
Nevada, County,Nevada County,5/22/2021,258,91835,39,48636,166,41076,53,2123,81,9842,175,41818,134,51660,California
Nevada, County,Nevada County,5/23/2021,54,91889,17,48653,37,41113,0,2123,17,9823,36,41854,17,51677,California
Nevada, County,Nevada County,5/24/2021,324,92213,224,48877,83,41196,17,2140,107,9734,213,42067,124,51801,California
Nevada, County,Nevada County,5/25/2021,349,92562,84,48961,251,41447,14,2154,82,9569,261,42328,96,51897,California
Nevada, County,Nevada County,5/26/2021,454,93016,200,49161,243,41690,11,2165,135,9402,312,42640,145,52042,California
Nevada, County,Nevada County,5/27/2021,446,93462,236,49397,197,41887,13,2178,187,9349,253,42893,200,52242,California
Nevada, County,Nevada County,5/28/2021,359,93821,219,49616,125,42012,15,2193,199,9407,157,43050,215,52457,California
Nevada, County,Nevada County,5/29/2021,68,93889,13,49629,55,42067,0,2193,40,9419,28,43078,40,52497,California
Nevada, County,Nevada County,5/30/2021,43,93932,19,49648,22,42089,2,2195,29,9436,14,43092,31,52528,California
Nevada, County,Nevada County,5/31/2021,6,93938,4,49652,0,42089,2,2197,2,9436,4,43096,4,52532,California
Nevada, County,Nevada County,6/1/2021,422,94360,128,49780,275,42364,19,2216,99,9241,313,43409,118,52650,California
Nevada, County,Nevada County,6/2/2021,405,94765,165,49945,233,42597,7,2223,103,9058,293,43702,110,52760,California
Nevada, County,Nevada County,6/3/2021,570,95335,407,50352,158,42755,5,2228,100,8697,466,44168,105,52865,California
Nevada, County,Nevada County,6/4/2021,540,95875,432,50784,104,42859,4,2232,107,8380,428,44596,111,52976,California
Nevada, County,Nevada County,6/5/2021,174,96049,72,50856,100,42959,2,2234,68,8345,105,44701,70,53046,California
Nevada, County,Nevada County,6/6/2021,57,96106,41,50897,16,42975,0,2234,15,8318,42,44743,15,53061,California
Nevada, County,Nevada County,6/7/2021,273,96379,196,51093,46,43021,31,2265,60,8201,208,44951,91,53152,California
Nevada, County,Nevada County,6/8/2021,285,96664,188,51281,85,43106,12,2277,65,8067,211,45162,77,53229,California
Nevada, County,Nevada County,6/9/2021,323,96987,215,51496,101,43207,7,2284,79,7913,240,45402,86,53315,California
Nevada, County,Nevada County,6/10/2021,278,97265,178,51674,90,43297,10,2294,72,7794,200,45602,81,53396,California
Nevada, County,Nevada County,6/11/2021,327,97592,233,51907,75,43372,19,2313,74,7636,250,45852,92,53488,California
Nevada, County,Nevada County,6/12/2021,94,97686,55,51962,34,43406,5,2318,29,7605,65,45917,34,53522,California
Nevada, County,Nevada County,6/13/2021,32,97718,16,51978,15,43421,1,2319,6,7586,26,45943,7,53529,California
Nevada, County,Nevada County,6/14/2021,192,97910,136,52114,45,43466,11,2330,51,7514,134,46077,62,53591,California
Nevada, County,Nevada County,6/15/2021,168,98078,95,52209,65,43531,8,2338,63,7483,102,46179,71,53662,California
Nevada, County,Nevada County,6/16/2021,245,98323,137,52346,99,43630,9,2347,72,7398,166,46345,81,53743,California
Nevada, County,Nevada County,6/17/2021,227,98550,136,52482,79,43709,12,2359,45,7274,181,46526,57,53800,California
Nevada, County,Nevada County,6/18/2021,227,98777,154,52636,55,43764,18,2377,73,7214,152,46678,92,53892,California
Nevada, County,Nevada County,6/19/2021,70,98847,33,52669,31,43795,6,2383,29,7208,41,46719,35,53927,California
Nevada, County,Nevada County,6/20/2021,29,98876,21,52690,7,43802,1,2384,9,7199,19,46738,10,53937,California
Nevada, County,Nevada County,6/21/2021,109,98985,49,52739,53,43855,7,2391,48,7199,55,46793,55,53992,California
Nevada, County,Nevada County,6/22/2021,169,99154,98,52837,59,43914,12,2403,68,7184,95,46888,80,54072,California
Nevada, County,Nevada County,6/23/2021,211,99365,139,52976,44,43958,28,2431,87,7179,119,47007,114,54186,California
Nevada, County,Nevada County,6/24/2021,178,99543,112,53088,48,44006,18,2449,59,7143,113,47120,77,54263,California
Nevada, County,Nevada County,6/25/2021,204,99747,136,53224,46,44052,22,2471,72,7105,132,47252,94,54357,California
Nevada, County,Nevada County,6/26/2021,88,99835,67,53291,18,44070,3,2474,35,7090,53,47305,38,54395,California
Nevada, County,Nevada County,6/27/2021,33,99868,15,53306,14,44084,4,2478,8,7077,25,47330,12,54407,California
Nevada, County,Nevada County,6/28/2021,168,100036,120,53426,28,44112,20,2498,68,7073,92,47422,88,54495,California
Nevada, County,Nevada County,6/29/2021,138,100174,80,53506,46,44158,12,2510,53,7061,77,47499,65,54560,California
Nevada, County,Nevada County,6/30/2021,177,100351,130,53636,41,44199,6,2516,57,7006,117,47616,62,54622,California
Nevada, County,Nevada County,7/1/2021,123,100474,82,53718,29,44228,12,2528,51,6999,70,47686,63,54685,California
Nevada, County,Nevada County,7/2/2021,151,100625,98,53816,39,44267,14,2542,74,7018,69,47755,88,54773,California
Nevada, County,Nevada County,7/3/2021,33,100658,15,53831,11,44278,7,2549,16,7024,17,47772,23,54796,California
Nevada, County,Nevada County,7/4/2021,0,100658,0,53831,0,44278,0,2549,0,7024,0,47772,0,54796,California
Nevada, County,Nevada County,7/5/2021,43,100701,26,53857,11,44289,6,2555,16,7019,27,47799,22,54818,California
Nevada, County,Nevada County,7/6/2021,152,100853,91,53948,44,44333,17,2572,56,7002,90,47889,73,54891,California
Nevada, County,Nevada County,7/7/2021,138,100991,93,54041,32,44365,13,2585,45,6976,84,47973,58,54949,California
Nevada, County,Nevada County,7/8/2021,149,101140,89,54130,45,44410,15,2600,73,6992,71,48044,87,55036,California
Nevada, County,Nevada County,7/9/2021,138,101278,78,54208,43,44453,17,2617,50,6972,87,48131,67,55103,California
Nevada, County,Nevada County,7/10/2021,42,101320,31,54239,7,44460,4,2621,20,6973,22,48153,23,55126,California
Nevada, County,Nevada County,7/11/2021,18,101338,11,54250,7,44467,0,2621,9,6973,9,48162,9,55135,California
Nevada, County,Nevada County,7/12/2021,84,101422,44,54294,34,44501,6,2627,51,7001,29,48191,57,55192,California
Nevada, County,Nevada County,7/13/2021,153,101575,113,54407,31,44532,9,2636,63,6987,86,48277,72,55264,California
Nevada, County,Nevada County,7/14/2021,153,101728,98,54505,37,44569,18,2654,61,6981,85,48362,79,55343,California
Nevada, County,Nevada County,7/15/2021,125,101853,95,54600,23,44592,7,2661,57,6982,62,48424,63,55406,California
Nevada, County,Nevada County,7/16/2021,128,101981,79,54679,45,44637,4,2665,58,6975,69,48493,62,55468,California
Nevada, County,Nevada County,7/17/2021,53,102034,39,54718,10,44647,4,2669,25,6980,28,48521,33,55501,California
Nevada, County,Nevada County,7/18/2021,31,102065,14,54732,15,44662,2,2671,18,6987,13,48534,20,55521,California
Nevada, County,Nevada County,7/19/2021,111,102176,72,54804,31,44693,8,2679,53,6995,53,48587,61,55582,California
Nevada, County,Nevada County,7/20/2021,150,102326,98,54902,43,44736,9,2688,84,7025,64,48651,94,55676,California
Nevada, County,Nevada County,7/21/2021,132,102458,93,54995,36,44772,3,2691,76,7056,48,48699,79,55755,California
Nevada, County,Nevada County,7/22/2021,193,102651,133,55128,47,44819,13,2704,106,7093,82,48781,119,55874,California
Nevada, County,Nevada County,7/23/2021,200,102851,134,55262,50,44869,16,2720,99,7110,98,48879,115,55989,California
Nevada, County,Nevada County,7/24/2021,61,102912,36,55298,21,44890,4,2724,38,7129,23,48902,42,56031,California
Nevada, County,Nevada County,7/25/2021,16,102928,8,55306,7,44897,1,2725,12,7138,4,48906,13,56044,California
Nevada, County,Nevada County,7/26/2021,128,103056,73,55379,46,44943,9,2734,76,7175,48,48954,85,56129,California
Nevada, County,Nevada County,7/27/2021,156,103212,103,55482,36,44979,17,2751,72,7185,79,49033,89,56218,California
Nevada, County,Nevada County,7/28/2021,139,103351,88,55570,45,45024,6,2757,82,7222,51,49084,88,56306,California
Nevada, County,Nevada County,7/29/2021,140,103491,93,55663,39,45063,8,2765,76,7247,59,49143,84,56390,California
Nevada, County,Nevada County,7/30/2021,189,103680,116,55779,60,45123,13,2778,126,7326,60,49203,139,56529,California
Nevada, County,Nevada County,7/31/2021,77,103757,44,55823,23,45146,10,2788,44,7346,33,49236,53,56582,California
Nevada, County,Nevada County,8/1/2021,38,103795,20,55843,18,45164,0,2788,32,7372,6,49242,32,56614,California
Nevada, County,Nevada County,8/2/2021,159,103954,101,55944,47,45211,11,2799,99,7423,59,49301,110,56724,California
Nevada, County,Nevada County,8/3/2021,184,104138,118,56062,49,45260,17,2816,119,7494,65,49366,136,56860,California
Nevada, County,Nevada County,8/4/2021,176,104314,115,56177,51,45311,10,2826,122,7575,51,49417,132,56992,California
Nevada, County,Nevada County,8/5/2021,149,104463,101,56278,35,45346,13,2839,80,7600,67,49484,92,57084,California
Nevada, County,Nevada County,8/6/2021,194,104657,119,56397,60,45406,15,2854,121,7667,69,49553,136,57220,California
Nevada, County,Nevada County,8/7/2021,76,104733,36,56433,35,45441,5,2859,55,7706,21,49574,60,57280,California
Nevada, County,Nevada County,8/8/2021,28,104761,16,56449,12,45453,0,2859,21,7720,7,49581,21,57301,California
Nevada, County,Nevada County,8/9/2021,133,104894,70,56519,41,45494,22,2881,73,7759,56,49637,95,57396,California
Nevada, County,Nevada County,8/10/2021,107,105001,54,56573,27,45521,26,2907,68,7814,38,49675,93,57489,California
Orange, County,Orange County,12/15/2020,18,18,18,18,0,0,0,0,18,18,0,0,18,18,California
Orange, County,Orange County,12/16/2020,407,425,407,425,0,0,0,0,407,425,0,0,407,425,California
Orange, County,Orange County,12/17/2020,3775,4200,3775,4200,0,0,0,0,3774,4199,0,0,3774,4199,California
Orange, County,Orange County,12/18/2020,5125,9325,5117,9317,8,8,0,0,5123,9321,1,1,5123,9322,California
Orange, County,Orange County,12/19/2020,2249,11574,2242,11559,7,15,0,0,2248,11569,0,1,2248,11570,California
Orange, County,Orange County,12/20/2020,2001,13575,1998,13557,3,18,0,0,2000,13568,1,2,2000,13570,California
Orange, County,Orange County,12/21/2020,4293,17868,4287,17844,6,24,0,0,4293,17861,0,2,4293,17863,California
Orange, County,Orange County,12/22/2020,3997,21865,3962,21806,35,59,0,0,3996,21857,0,2,3996,21859,California
Orange, County,Orange County,12/23/2020,3623,25488,3252,25058,371,430,0,0,3622,25478,1,3,3622,25481,California
Orange, County,Orange County,12/24/2020,1391,26879,1089,26147,302,732,0,0,1390,26868,0,3,1390,26871,California
Orange, County,Orange County,12/25/2020,22,26901,17,26164,5,737,0,0,22,26890,0,3,22,26893,California
Orange, County,Orange County,12/26/2020,1004,27905,425,26589,579,1316,0,0,1004,27894,0,3,1004,27897,California
Orange, County,Orange County,12/27/2020,587,28492,273,26862,314,1630,0,0,587,28481,0,3,587,28484,California
Orange, County,Orange County,12/28/2020,3647,32139,2645,29507,1002,2632,0,0,3647,32128,0,3,3647,32131,California
Orange, County,Orange County,12/29/2020,3548,35687,2519,32026,1029,3661,0,0,3547,35674,1,4,3547,35678,California
Orange, County,Orange County,12/30/2020,5154,40841,3550,35576,1604,5265,0,0,5154,40828,0,4,5154,40832,California
Orange, County,Orange County,12/31/2020,1529,42370,814,36390,715,5980,0,0,1526,42351,3,7,1526,42358,California
Orange, County,Orange County,1/1/2021,811,43181,452,36842,359,6339,0,0,809,43158,2,9,809,43167,California
Orange, County,Orange County,1/2/2021,1378,44559,846,37688,532,6871,0,0,1375,44531,2,11,1375,44542,California
Orange, County,Orange County,1/3/2021,594,45153,327,38015,267,7138,0,0,593,45124,0,11,593,45135,California
Orange, County,Orange County,1/4/2021,2804,47957,1582,39597,1222,8360,0,0,2805,47928,1,12,2805,47940,California
Orange, County,Orange County,1/5/2021,3589,51546,2341,41938,1248,9608,0,0,3160,50670,421,433,3163,51103,California
Orange, County,Orange County,1/6/2021,5100,56646,3517,45455,1583,11191,0,0,3702,52991,1381,1814,3702,54805,California
Orange, County,Orange County,1/7/2021,9431,66077,5272,50727,4159,15350,0,0,5756,55096,3658,5472,5763,60568,California
Orange, County,Orange County,1/8/2021,9647,75724,5439,56166,4208,19558,0,0,5726,56924,3901,9373,5729,66297,California
Orange, County,Orange County,1/9/2021,5118,80842,1804,57970,3314,22872,0,0,3798,59406,1316,10689,3798,70095,California
Orange, County,Orange County,1/10/2021,4318,85160,1056,59026,3262,26134,0,0,3432,61957,885,11574,3436,73531,California
Orange, County,Orange County,1/11/2021,9613,94773,4993,64019,4620,30754,0,0,5927,64201,3687,15261,5931,79462,California
Orange, County,Orange County,1/12/2021,9125,103898,4904,68923,4221,34975,0,0,5588,66260,3532,18793,5591,85053,California
Orange, County,Orange County,1/13/2021,10411,114309,4974,73897,5437,40412,0,0,7169,70197,3239,22032,7176,92229,California
Orange, County,Orange County,1/14/2021,10231,124540,3850,77747,6381,46793,0,0,8609,77193,1619,23651,8615,100844,California
Orange, County,Orange County,1/15/2021,10410,134950,2709,80456,7701,54494,0,0,9500,85787,912,24563,9506,110350,California
Orange, County,Orange County,1/16/2021,8874,143824,2118,82574,6756,61250,0,0,8464,93850,406,24969,8469,118819,California
Orange, County,Orange County,1/17/2021,8309,152133,1532,84106,6777,68027,0,0,8146,101844,163,25132,8157,126976,California
Orange, County,Orange County,1/18/2021,9833,161966,4460,88566,5373,73400,0,0,7548,107111,2284,27416,7551,134527,California
Orange, County,Orange County,1/19/2021,7655,169621,5500,94066,2155,75555,0,0,4985,109430,2668,30084,4987,139514,California
Orange, County,Orange County,1/20/2021,8737,178358,6129,100195,2608,78163,0,0,5646,111996,3089,33173,5655,145169,California
Orange, County,Orange County,1/21/2021,11459,189817,5155,105350,6304,84467,0,0,10582,121718,872,34045,10594,155763,California
Orange, County,Orange County,1/22/2021,14057,203874,5264,110614,8793,93260,0,0,13140,133958,908,34953,13148,168911,California
Orange, County,Orange County,1/23/2021,13355,217229,6231,116845,7124,100384,0,0,12399,145419,951,35904,12412,181323,California
Orange, County,Orange County,1/24/2021,10008,227237,4317,121162,5691,106075,0,0,9652,154725,352,36256,9658,190981,California
Orange, County,Orange County,1/25/2021,10570,237807,5919,127081,4651,110726,0,0,7801,159771,2760,39016,7806,198787,California
Orange, County,Orange County,1/26/2021,12053,249860,7720,134801,4333,115059,0,0,9833,167393,2214,41230,9836,208623,California
Orange, County,Orange County,1/27/2021,13703,263563,8044,142845,5659,120718,0,0,10906,175521,2785,44015,10913,219536,California
Orange, County,Orange County,1/28/2021,13346,276909,7282,150127,6064,126782,0,0,11394,184989,1935,45950,11403,230939,California
Orange, County,Orange County,1/29/2021,13885,290794,8505,158632,5380,132162,0,0,10908,192947,2953,48903,10911,241850,California
Orange, County,Orange County,1/30/2021,13276,304070,4529,163161,8747,140909,0,0,12462,204617,797,49700,12467,254317,California
Orange, County,Orange County,1/31/2021,13931,318001,4943,168104,8988,149897,0,0,13457,217615,467,50167,13465,267782,California
Orange, County,Orange County,2/1/2021,15183,333184,6579,174683,8604,158501,0,0,12609,227686,2545,52712,12616,280398,California
Orange, County,Orange County,2/2/2021,15342,348526,8053,182736,7289,165790,0,0,12793,237981,2505,55217,12800,293198,California
Orange, County,Orange County,2/3/2021,16909,365435,12517,195253,4392,170182,0,0,13866,248901,2952,58169,13872,307070,California
Orange, County,Orange County,2/4/2021,20238,385673,13153,208406,7085,177267,0,0,15014,258743,5181,63350,15023,322093,California
Orange, County,Orange County,2/5/2021,21125,406798,12121,220527,9004,186271,0,0,14650,266981,6424,69774,14662,336755,California
Orange, County,Orange County,2/6/2021,16651,423449,10930,231457,5721,191992,0,0,11294,273161,5335,75109,11515,348270,California
Orange, County,Orange County,2/7/2021,11730,435179,8211,239668,3519,195511,0,0,7658,276935,4053,79162,7827,356097,California
Orange, County,Orange County,2/8/2021,15363,450542,8805,248473,6558,202069,0,0,9179,279963,6155,85317,9183,365280,California
Orange, County,Orange County,2/9/2021,18090,468632,12238,260711,5852,207921,0,0,10836,283647,7169,92486,10853,376133,California
Orange, County,Orange County,2/10/2021,21296,489928,11363,272074,9933,217854,0,0,12921,288311,8279,100765,12943,389076,California
Orange, County,Orange County,2/11/2021,22646,512574,11723,283797,10923,228777,0,0,12377,290595,10118,110883,12402,401478,California
Orange, County,Orange County,2/12/2021,25410,537984,12194,295991,13216,241993,0,0,14868,295019,10466,121349,14890,416368,California
Orange, County,Orange County,2/13/2021,22429,560413,12090,308081,10339,252332,0,0,11336,296090,10923,132272,11994,428362,California
Orange, County,Orange County,2/14/2021,16842,577255,6714,314795,10128,262460,0,0,9860,299009,6950,139222,9869,438231,California
Orange, County,Orange County,2/15/2021,17752,595007,7594,322389,10158,272618,0,0,9206,299746,8494,147716,9231,447462,California
Orange, County,Orange County,2/16/2021,20489,615496,9207,331596,11282,283900,0,0,11046,301457,9381,157097,11092,458554,California
Orange, County,Orange County,2/17/2021,18471,633967,9674,341270,8797,292697,0,0,9434,301995,8963,166060,9501,468055,California
Orange, County,Orange County,2/18/2021,15422,649389,10094,351364,5328,298025,0,0,6943,300552,8419,174479,6976,475031,California
Orange, County,Orange County,2/19/2021,18798,668187,11225,362589,7573,305598,0,0,7128,296111,11595,186074,7154,482185,California
Orange, County,Orange County,2/20/2021,7822,676009,5790,368379,2032,307630,0,0,3907,296172,3876,189950,3937,486122,California
Orange, County,Orange County,2/21/2021,4874,680883,4142,372521,732,308362,0,0,993,293339,3835,193785,1002,487124,California
Orange, County,Orange County,2/22/2021,10524,691407,8589,381110,1935,310297,0,0,4177,291261,6283,200068,4205,491329,California
Orange, County,Orange County,2/23/2021,14407,705814,7883,388993,6524,316821,0,0,3783,284565,10526,210594,3830,495159,California
Orange, County,Orange County,2/24/2021,22504,728318,13584,402577,8920,325741,0,0,5670,273586,16723,227317,5744,500903,California
Orange, County,Orange County,2/25/2021,24432,752750,13194,415771,11238,336979,0,0,8514,266342,15815,243132,8571,509474,California
Orange, County,Orange County,2/26/2021,29663,782413,14966,430737,14697,351676,0,0,11971,260879,17505,260637,12042,521516,California
Orange, County,Orange County,2/27/2021,26896,809309,10935,441672,15956,367632,5,5,7826,249855,18921,279558,7897,529413,California
Orange, County,Orange County,2/28/2021,20448,829757,7945,449617,12503,380135,0,5,5185,239977,15108,294666,5230,534643,California
Orange, County,Orange County,3/1/2021,20043,849800,9181,458798,10832,390967,30,35,7814,235782,12085,306751,7890,542533,California
Orange, County,Orange County,3/2/2021,22385,872185,10870,469668,11511,402478,4,39,9964,233482,12333,319084,10033,552566,California
Orange, County,Orange County,3/3/2021,22157,894342,10543,480211,11607,414085,7,46,11893,235281,10166,329250,11965,564531,California
Orange, County,Orange County,3/4/2021,24757,919099,14194,494405,10550,424635,13,59,12602,235861,12100,341350,12680,577211,California
Orange, County,Orange County,3/5/2021,24248,943347,12803,507208,11396,436031,49,108,14493,240806,9701,351051,14646,591857,California
Orange, County,Orange County,3/6/2021,25791,969138,14243,521451,10647,446678,901,1009,13567,243155,12164,363215,14513,606370,California
Orange, County,Orange County,3/7/2021,16757,985895,9034,530485,6846,453524,877,1886,9622,246625,7081,370296,10551,616921,California
Orange, County,Orange County,3/8/2021,18887,1004782,8773,539258,8659,462183,1455,3341,11871,253048,6949,377245,13372,630293,California
Orange, County,Orange County,3/9/2021,22152,1026934,10136,549394,9350,471533,2666,6007,12984,259576,9118,386363,15646,645939,California
Orange, County,Orange County,3/10/2021,25472,1052406,12494,561888,9449,480982,3529,9536,12793,263293,12596,398959,16313,662252,California
Orange, County,Orange County,3/11/2021,29875,1082281,16145,578033,9367,490349,4363,13899,13728,265343,16026,414985,18076,680328,California
Orange, County,Orange County,3/12/2021,29924,1112205,14535,592568,11458,501807,3931,17830,14934,269335,14874,429859,18866,699194,California
Orange, County,Orange County,3/13/2021,28308,1140513,10380,602948,13919,515726,4009,21839,14241,273572,13996,443855,18233,717427,California
Orange, County,Orange County,3/14/2021,19307,1159820,8358,611306,8378,524104,2571,24410,11965,280792,7300,451155,14520,731947,California
Orange, County,Orange County,3/15/2021,23644,1183464,10389,621695,12481,536585,774,25184,14527,287090,9008,460163,15306,747253,California
Orange, County,Orange County,3/16/2021,26960,1210424,11399,633094,15281,551866,280,25464,17250,295043,9603,469766,17556,764809,California
Orange, County,Orange County,3/17/2021,27872,1238296,13838,646932,13476,565342,558,26022,19724,307275,8053,477819,20285,785094,California
Orange, County,Orange County,3/18/2021,28411,1266707,14364,661296,13737,579079,310,26332,21830,322937,6491,484310,22153,807247,California
Orange, County,Orange County,3/19/2021,34369,1301076,18977,680273,14930,594009,462,26794,25274,339721,8959,493269,25743,832990,California
Orange, County,Orange County,3/20/2021,26292,1327368,13920,694193,12168,606177,204,26998,22255,358245,3952,497221,22476,855466,California
Orange, County,Orange County,3/21/2021,19033,1346401,11007,705200,7278,613455,748,27746,16005,372019,2976,500197,16750,872216,California
Orange, County,Orange County,3/22/2021,23205,1369606,12075,717275,10806,624261,324,28070,19340,387964,3729,503926,19674,891890,California
Orange, County,Orange County,3/23/2021,26616,1396222,13937,731212,12032,636293,647,28717,20888,403887,5621,509547,21544,913434,California
Orange, County,Orange County,3/24/2021,29732,1425954,16665,747877,12134,648427,933,29650,22106,419422,7503,517050,23038,936472,California
Orange, County,Orange County,3/25/2021,33042,1458996,17587,765464,14737,663164,718,30368,24215,435655,8705,525755,24938,961410,California
Orange, County,Orange County,3/26/2021,35477,1494473,18407,783871,16197,679361,873,31241,24622,450451,10706,536461,25502,986912,California
Orange, County,Orange County,3/27/2021,28953,1523426,13849,797720,14782,694143,322,31563,19637,461213,9199,545660,19961,1006873,California
Orange, County,Orange County,3/28/2021,25299,1548725,13130,810850,12101,706244,68,31631,18630,473354,6567,552227,18708,1025581,California
Orange, County,Orange County,3/29/2021,27033,1575758,12401,823251,14062,720306,570,32201,17738,482507,9161,561388,18314,1043895,California
Orange, County,Orange County,3/30/2021,31354,1607112,14206,837457,16505,736811,643,32844,20421,492756,10818,572206,21067,1064962,California
Orange, County,Orange County,3/31/2021,37723,1644835,19759,857216,17230,754041,734,33578,23668,503265,13890,586096,24399,1089361,California
Orange, County,Orange County,4/1/2021,41298,1686133,21638,878854,17691,771732,1969,35547,25905,515965,15140,601236,27840,1117201,California
Orange, County,Orange County,4/2/2021,40691,1726824,20502,899356,18320,790052,1869,37416,21967,521218,18585,619821,23838,1141039,California
Orange, County,Orange County,4/3/2021,30739,1757563,15939,915295,13019,803071,1781,39197,14157,520669,16473,636294,15924,1156963,California
Orange, County,Orange County,4/4/2021,18652,1776215,10803,926098,7071,810142,778,39975,7981,518822,10599,646893,8752,1165715,California
Orange, County,Orange County,4/5/2021,30536,1806751,14252,940350,12799,822941,3485,43460,13228,518319,17196,664089,16693,1182408,California
Orange, County,Orange County,4/6/2021,33819,1840570,15830,956180,14519,837460,3470,46930,14161,516379,19539,683628,17599,1200007,California
Orange, County,Orange County,4/7/2021,36700,1877270,20396,976576,11641,849101,4663,51593,16087,516588,20496,704124,20705,1220712,California
Orange, County,Orange County,4/8/2021,39681,1916951,21929,998505,12155,861256,5597,57190,19050,520695,20483,724607,24590,1245302,California
Orange, County,Orange County,4/9/2021,41564,1958515,24152,1022657,12088,873344,5324,62514,18102,520734,23333,747940,23372,1268674,California
Orange, County,Orange County,4/10/2021,34970,1993485,18451,1041108,12198,885542,4321,66835,14289,518742,20571,768511,18579,1287253,California
Orange, County,Orange County,4/11/2021,25969,2019454,14697,1055805,7967,893509,3305,70140,9902,515929,15992,784503,13179,1300432,California
Orange, County,Orange County,4/12/2021,31001,2050455,15637,1071442,11704,905213,3660,73800,12150,512965,18746,803249,15782,1316214,California
Orange, County,Orange County,4/13/2021,33075,2083530,18586,1090028,14418,919631,71,73871,15290,510658,17674,820923,15367,1331581,California
Orange, County,Orange County,4/14/2021,35297,2118827,20659,1110687,14600,934231,38,73909,15264,506068,19905,840828,15315,1346896,California
Orange, County,Orange County,4/15/2021,41017,2159844,24971,1135658,16024,950255,22,73931,18950,503122,21912,862740,18966,1365862,California
Orange, County,Orange County,4/16/2021,42341,2202185,24870,1160528,17442,967697,29,73960,18951,498891,23226,885966,18995,1384857,California
Orange, County,Orange County,4/17/2021,30946,2233131,17461,1177989,13477,981174,8,73968,13447,495011,17340,903306,13460,1398317,California
Orange, County,Orange County,4/18/2021,22695,2255826,13673,1191662,9020,990194,2,73970,9002,490420,13599,916905,9008,1407325,California
Orange, County,Orange County,4/19/2021,33166,2288992,18318,1209980,14843,1005037,5,73975,15144,487676,17900,934805,15156,1422481,California
Orange, County,Orange County,4/20/2021,36431,2325423,19100,1229080,17325,1022362,6,73981,17853,487090,18452,953257,17866,1440347,California
Orange, County,Orange County,4/21/2021,42874,2368297,25071,1254151,17793,1040155,10,73991,20218,484873,22454,975711,20237,1460584,California
Orange, County,Orange County,4/22/2021,40847,2409144,21840,1275991,18996,1059151,11,74002,16861,477952,23804,999515,16883,1477467,California
Orange, County,Orange County,4/23/2021,41630,2450774,21837,1297828,19785,1078936,8,74010,18545,473590,22927,1022442,18565,1496032,California
Orange, County,Orange County,4/24/2021,32877,2483651,17090,1314918,15754,1094690,33,74043,13654,468189,19092,1041534,13691,1509723,California
Orange, County,Orange County,4/25/2021,23455,2507106,13197,1328115,10243,1104933,15,74058,9968,464789,13390,1054924,9990,1519713,California
Orange, County,Orange County,4/26/2021,29758,2536864,14757,1342872,14802,1119735,199,74257,12830,461036,16788,1071712,13035,1532748,California
Orange, County,Orange County,4/27/2021,31976,2568840,15145,1358017,16189,1135924,642,74899,12059,454025,19720,1091432,12709,1545457,California
Orange, County,Orange County,4/28/2021,32019,2600859,16209,1374226,14909,1150833,901,75800,12801,448675,19050,1110482,13700,1559157,California
Orange, County,Orange County,4/29/2021,33097,2633956,18211,1392437,13899,1164732,987,76787,11717,440151,21221,1131703,12697,1571854,California
Orange, County,Orange County,4/30/2021,30905,2664861,17771,1410208,12180,1176912,954,77741,13140,436632,17603,1149306,14084,1585938,California
Orange, County,Orange County,5/1/2021,23614,2688475,16049,1426257,6559,1183471,1006,78747,9064,432317,14372,1163678,10057,1595995,California
Orange, County,Orange County,5/2/2021,15629,2704104,10429,1436686,4551,1188022,649,79396,5457,428329,10088,1173766,6100,1602095,California
Orange, County,Orange County,5/3/2021,21084,2725188,12933,1449619,7376,1195398,775,80171,6570,421278,14395,1188161,7344,1609439,California
Orange, County,Orange County,5/4/2021,24456,2749644,14144,1463763,9384,1204782,928,81099,8342,414575,15958,1204119,9255,1618694,California
Orange, County,Orange County,5/5/2021,25778,2775422,14630,1478393,10239,1215021,909,82008,8278,406423,17338,1221457,9186,1627880,California
Orange, County,Orange County,5/6/2021,27286,2802708,16632,1495025,9639,1224660,1015,83023,7469,395246,19650,1241107,8473,1636353,California
Orange, County,Orange County,5/7/2021,29788,2832496,18062,1513087,10660,1235320,1066,84089,8246,383259,21289,1262396,9302,1645655,California
Orange, County,Orange County,5/8/2021,19462,2851958,12994,1526081,5660,1240980,808,84897,5667,376063,13661,1276057,6465,1652120,California
Orange, County,Orange County,5/9/2021,11244,2863202,8579,1534660,2287,1243267,378,85275,2831,370914,8353,1284410,3204,1655324,California
Orange, County,Orange County,5/10/2021,19766,2882968,12200,1546860,6774,1250041,792,86067,4365,360794,15275,1299685,5155,1660479,California
Orange, County,Orange County,5/11/2021,23415,2906383,13373,1560233,9296,1259337,746,86813,5469,349190,17811,1317496,6207,1666686,California
Orange, County,Orange County,5/12/2021,24400,2930783,15136,1575369,8421,1267758,843,87656,6595,338980,17645,1335141,7435,1674121,California
Orange, County,Orange County,5/13/2021,22433,2953216,13893,1589262,7923,1275681,617,88273,8246,333794,14048,1349189,8862,1682983,California
Orange, County,Orange County,5/14/2021,27209,2980425,17971,1607233,8381,1284062,857,89130,10570,328731,16460,1365649,11397,1694380,California
Orange, County,Orange County,5/15/2021,20803,3001228,14978,1622211,5262,1289324,563,89693,8427,325429,12284,1377933,8982,1703362,California
Orange, County,Orange County,5/16/2021,15711,3016939,12955,1635166,2412,1291736,344,90037,6741,323612,8897,1386830,7080,1710442,California
Orange, County,Orange County,5/17/2021,19776,3036715,12987,1648153,6078,1297814,711,90748,6924,318479,12753,1399583,7620,1718062,California
Orange, County,Orange County,5/18/2021,20841,3057556,12099,1660252,8062,1305876,680,91428,8039,314502,12687,1412270,8710,1726772,California
Orange, County,Orange County,5/19/2021,22853,3080409,13044,1673296,9125,1315001,684,92112,7778,308027,14926,1427196,8451,1735223,California
Orange, County,Orange County,5/20/2021,22967,3103376,13462,1686758,8820,1323821,685,92797,7838,301558,14994,1442190,8525,1743748,California
Orange, County,Orange County,5/21/2021,26295,3129671,15161,1701919,10403,1334224,731,93528,8369,292883,17776,1459966,9101,1752849,California
Orange, County,Orange County,5/22/2021,18560,3148231,12344,1714263,5663,1339887,553,94081,7026,289032,11428,1471394,7577,1760426,California
Orange, County,Orange County,5/23/2021,10125,3158356,7004,1721267,2847,1342734,274,94355,3526,286293,6542,1477936,3803,1764229,California
Orange, County,Orange County,5/24/2021,15829,3174185,9392,1730659,5809,1348543,628,94983,5823,282841,9898,1487834,6446,1770675,California
Orange, County,Orange County,5/25/2021,15759,3189944,9253,1739912,5977,1354520,529,95512,5565,278861,10066,1497900,6086,1776761,California
Orange, County,Orange County,5/26/2021,15378,3205322,8587,1748499,6287,1360807,504,96016,5611,275305,9663,1507563,6107,1782868,California
Orange, County,Orange County,5/27/2021,14522,3219844,8719,1757218,5251,1366058,552,96568,6313,274042,8121,1515684,6858,1789726,California
Orange, County,Orange County,5/28/2021,16956,3236800,9975,1767193,6347,1372405,634,97202,7408,272641,9436,1525120,8035,1797761,California
Orange, County,Orange County,5/29/2021,9108,3245908,5319,1772512,3426,1375831,363,97565,4092,272145,4947,1530067,4451,1802212,California
Orange, County,Orange County,5/30/2021,6085,3251993,3957,1776469,1849,1377680,279,97844,2185,270743,3860,1533927,2458,1804670,California
Orange, County,Orange County,5/31/2021,1726,3253719,1066,1777535,610,1378290,50,97894,523,270139,1174,1535101,570,1805240,California
Orange, County,Orange County,6/1/2021,13577,3267296,7871,1785406,5209,1383499,497,98391,5017,267235,8413,1543514,5509,1810749,California
Orange, County,Orange County,6/2/2021,13195,3280491,8137,1793543,4637,1388136,421,98812,4485,263588,8547,1552061,4900,1815649,California
Orange, County,Orange County,6/3/2021,13047,3293538,8979,1802522,3607,1391743,461,99273,4410,259894,8562,1560623,4868,1820517,California
Orange, County,Orange County,6/4/2021,17305,3310843,12252,1814774,4469,1396212,584,99857,5258,253783,11950,1572573,5839,1826356,California
Orange, County,Orange County,6/5/2021,13105,3323948,9869,1824643,2854,1399066,382,100239,3855,248835,9183,1581756,4235,1830591,California
Orange, County,Orange County,6/6/2021,5413,3329361,4599,1829242,611,1399677,203,100442,1816,247288,3570,1585326,2023,1832614,California
Orange, County,Orange County,6/7/2021,10860,3340221,7672,1836914,2717,1402394,471,100913,3331,243631,7453,1592779,3796,1836410,California
Orange, County,Orange County,6/8/2021,12312,3352533,8826,1845740,2967,1405361,519,101432,3769,239473,8446,1601225,4288,1840698,California
Orange, County,Orange County,6/9/2021,11884,3364417,8220,1853960,3204,1408565,460,101892,3330,234793,8464,1609689,3784,1844482,California
Orange, County,Orange County,6/10/2021,11720,3376137,8521,1862481,2729,1411294,470,102362,3395,230400,8253,1617942,3860,1848342,California
Orange, County,Orange County,6/11/2021,13467,3389604,9462,1871943,3507,1414801,498,102860,4346,226224,9016,1626958,4840,1853182,California
Orange, County,Orange County,6/12/2021,9897,3399501,7550,1879493,2029,1416830,318,103178,2977,222661,6859,1633817,3296,1856478,California
Orange, County,Orange County,6/13/2021,4095,3403596,2987,1882480,943,1417773,165,103343,1029,220827,3029,1636846,1195,1857673,California
Orange, County,Orange County,6/14/2021,9903,3413499,7215,1889695,2222,1419995,466,103809,3260,217971,6579,1643425,3723,1861396,California
Orange, County,Orange County,6/15/2021,10322,3423821,7417,1897112,2468,1422463,437,104246,3582,215323,6663,1650088,4015,1865411,California
Orange, County,Orange County,6/16/2021,9664,3433485,6923,1904035,2266,1424729,475,104721,3298,212789,6302,1656390,3768,1869179,California
Orange, County,Orange County,6/17/2021,9523,3443008,7163,1911198,1982,1426711,378,105099,3366,210437,6093,1662483,3741,1872920,California
Orange, County,Orange County,6/18/2021,11336,3454344,8258,1919456,2575,1429286,503,105602,3904,207488,7351,1669834,4402,1877322,California
Orange, County,Orange County,6/19/2021,6386,3460730,4739,1924195,1398,1430684,249,105851,2616,206641,3716,1673550,2869,1880191,California
Orange, County,Orange County,6/20/2021,3094,3463824,2391,1926586,609,1431293,94,105945,1032,205720,2047,1675597,1126,1881317,California
Orange, County,Orange County,6/21/2021,6799,3470623,4673,1931259,1674,1432967,452,106397,3641,206688,3124,1678721,4092,1885409,California
Orange, County,Orange County,6/22/2021,7847,3478470,5793,1937052,1690,1434657,364,106761,2984,205253,4786,1683507,3351,1888760,California
Orange, County,Orange County,6/23/2021,7525,3485995,5653,1942705,1561,1436218,311,107072,3052,204195,4416,1687923,3358,1892118,California
Orange, County,Orange County,6/24/2021,7340,3493335,5493,1948198,1462,1437680,385,107457,3117,203515,4180,1692103,3500,1895618,California
Orange, County,Orange County,6/25/2021,8932,3502267,6546,1954744,2001,1439681,385,107842,3439,201897,5436,1697539,3818,1899436,California
Orange, County,Orange County,6/26/2021,6023,3508290,4605,1959349,1188,1440869,230,108072,2553,201254,3426,1700965,2783,1902219,California
Orange, County,Orange County,6/27/2021,3470,3511760,2813,1962162,546,1441415,111,108183,1484,200889,1963,1702928,1598,1903817,California
Orange, County,Orange County,6/28/2021,6411,3518171,5154,1967316,899,1442314,358,108541,2858,200607,3497,1706425,3215,1907032,California
Orange, County,Orange County,6/29/2021,6398,3524569,4695,1972011,1445,1443759,258,108799,2619,199762,3723,1710148,2878,1909910,California
Orange, County,Orange County,6/30/2021,6309,3530878,4549,1976560,1493,1445252,267,109066,2780,199361,3446,1713594,3045,1912955,California
Orange, County,Orange County,7/1/2021,6089,3536967,4654,1981214,1183,1446435,252,109318,2790,199167,3238,1716832,3044,1915999,California
Orange, County,Orange County,7/2/2021,7244,3544211,5395,1986609,1514,1447949,335,109653,3142,198567,4071,1720903,3471,1919470,California
Orange, County,Orange County,7/3/2021,4098,3548309,3014,1989623,947,1448896,137,109790,1869,198378,2191,1723094,2002,1921472,California
Orange, County,Orange County,7/4/2021,346,3548655,224,1989847,108,1449004,14,109804,148,198348,193,1723287,163,1921635,California
Orange, County,Orange County,7/5/2021,3888,3552543,2972,1992819,779,1449783,137,109941,1842,198312,2017,1725304,1981,1923616,California
Orange, County,Orange County,7/6/2021,6816,3559359,5049,1997868,1445,1451228,322,110263,2629,197129,4131,1729435,2948,1926564,California
Orange, County,Orange County,7/7/2021,5722,3565081,4244,2002112,1237,1452465,241,110504,2370,196429,3309,1732744,2609,1929173,California
Orange, County,Orange County,7/8/2021,5887,3570968,4447,2006559,1169,1453634,271,110775,2314,195486,3526,1736270,2583,1931756,California
Orange, County,Orange County,7/9/2021,6911,3577879,5058,2011617,1498,1455132,355,111130,2813,194612,4042,1740312,3168,1934924,California
Orange, County,Orange County,7/10/2021,4674,3582553,3508,2015125,999,1456131,167,111297,1954,194056,2673,1742985,2117,1937041,California
Orange, County,Orange County,7/11/2021,2313,3584866,1824,2016949,450,1456581,39,111336,1133,194071,1159,1744144,1174,1938215,California
Orange, County,Orange County,7/12/2021,6038,3590904,4566,2021515,1166,1457747,306,111642,2282,192932,3721,1747865,2582,1940797,California
Orange, County,Orange County,7/13/2021,5567,3596471,4060,2025575,1298,1459045,209,111851,2480,192583,3038,1750903,2689,1943486,California
Orange, County,Orange County,7/14/2021,5191,3601662,3843,2029418,1159,1460204,189,112040,2268,192157,2879,1753782,2453,1945939,California
Orange, County,Orange County,7/15/2021,5359,3607021,4087,2033505,1075,1461279,197,112237,2411,191850,2910,1756692,2603,1948542,California
Orange, County,Orange County,7/16/2021,6860,3613881,5068,2038573,1524,1462803,268,112505,3236,191774,3579,1760271,3503,1952045,California
Orange, County,Orange County,7/17/2021,4623,3618504,3473,2042046,1042,1463845,108,112613,2254,191807,2327,1762598,2360,1954405,California
Orange, County,Orange County,7/18/2021,2561,3621065,1967,2044013,532,1464377,62,112675,1175,191669,1376,1763974,1238,1955643,California
Orange, County,Orange County,7/19/2021,6114,3627179,4661,2048674,1194,1465571,259,112934,2889,191644,3172,1767146,3147,1958790,California
Orange, County,Orange County,7/20/2021,6170,3633349,4456,2053130,1485,1467056,229,113163,3153,192066,2959,1770105,3381,1962171,California
Orange, County,Orange County,7/21/2021,5815,3639164,4308,2057438,1306,1468362,201,113364,3172,192845,2590,1772695,3369,1965540,California
Orange, County,Orange County,7/22/2021,6065,3645229,4509,2061947,1342,1469704,214,113578,3264,193585,2734,1775429,3474,1969014,California
Orange, County,Orange County,7/23/2021,7435,3652664,5419,2067366,1720,1471424,296,113874,3954,194417,3415,1778844,4247,1973261,California
Orange, County,Orange County,7/24/2021,4766,3657430,3356,2070722,1270,1472694,140,114014,2679,195174,2063,1780907,2820,1976081,California
Orange, County,Orange County,7/25/2021,2394,3659824,1784,2072506,576,1473270,34,114048,1766,196363,610,1781517,1799,1977880,California
Orange, County,Orange County,7/26/2021,6081,3665905,4485,2076991,1313,1474583,283,114331,3627,197856,2412,1783929,3905,1981785,California
Orange, County,Orange County,7/27/2021,6142,3672047,4403,2081394,1496,1476079,243,114574,3539,199077,2557,1786486,3778,1985563,California
Orange, County,Orange County,7/28/2021,6286,3678333,4538,2085932,1434,1477513,314,114888,3638,200446,2580,1789066,3949,1989512,California
Orange, County,Orange County,7/29/2021,6050,3684383,4533,2090465,1264,1478777,253,115141,3594,201911,2379,1791445,3844,1993356,California
Orange, County,Orange County,7/30/2021,7581,3691964,5587,2096052,1727,1480504,267,115408,4424,203531,3071,1794516,4691,1998047,California
Orange, County,Orange County,7/31/2021,4599,3696563,3356,2099408,1091,1481595,152,115560,2594,204327,1951,1796467,2747,2000794,California
Orange, County,Orange County,8/1/2021,2718,3699281,2168,2101576,501,1482096,49,115609,1648,204989,1035,1797502,1697,2002491,California
Orange, County,Orange County,8/2/2021,6374,3705655,4824,2106400,1263,1483359,287,115896,3892,206757,2414,1799916,4182,2006673,California
Orange, County,Orange County,8/3/2021,6466,3712121,4742,2111142,1485,1484844,239,116135,3979,208550,2422,1802338,4215,2010888,California
Orange, County,Orange County,8/4/2021,6262,3718383,4712,2115854,1304,1486148,246,116381,3845,210286,2352,1804690,4088,2014976,California
Orange, County,Orange County,8/5/2021,6567,3724950,5024,2120878,1279,1487427,264,116645,4050,212137,2456,1807146,4307,2019283,California
Orange, County,Orange County,8/6/2021,8046,3732996,6037,2126915,1670,1489097,339,116984,4890,214293,3075,1810221,5231,2024514,California
Orange, County,Orange County,8/7/2021,5016,3738012,3699,2130614,1167,1490264,150,117134,2966,215406,2003,1812224,3116,2027630,California
Orange, County,Orange County,8/8/2021,2680,3740692,1956,2132570,685,1490949,39,117173,1707,216213,939,1813163,1746,2029376,California
Orange, County,Orange County,8/9/2021,5800,3746492,4323,2136893,1176,1492125,301,117474,3399,217562,2350,1815513,3699,2033075,California
Orange, County,Orange County,8/10/2021,2768,3749260,2051,2138944,483,1492608,234,117708,1452,217963,1284,1816797,1685,2034760,California
Placer, County,Placer County,12/15/2020,30,30,30,30,0,0,0,0,30,30,0,0,30,30,California
Placer, County,Placer County,12/16/2020,62,92,62,92,0,0,0,0,62,92,0,0,62,92,California
Placer, County,Placer County,12/17/2020,149,241,149,241,0,0,0,0,149,241,0,0,149,241,California
Placer, County,Placer County,12/18/2020,441,682,441,682,0,0,0,0,441,682,0,0,441,682,California
Placer, County,Placer County,12/19/2020,256,938,256,938,0,0,0,0,256,938,0,0,256,938,California
Placer, County,Placer County,12/20/2020,231,1169,231,1169,0,0,0,0,231,1169,0,0,231,1169,California
Placer, County,Placer County,12/21/2020,510,1679,508,1677,2,2,0,0,510,1679,0,0,510,1679,California
Placer, County,Placer County,12/22/2020,677,2356,671,2348,6,8,0,0,677,2356,0,0,677,2356,California
Placer, County,Placer County,12/23/2020,762,3118,672,3020,90,98,0,0,762,3118,0,0,762,3118,California
Placer, County,Placer County,12/24/2020,410,3528,358,3378,52,150,0,0,410,3528,0,0,410,3528,California
Placer, County,Placer County,12/25/2020,1,3529,1,3379,0,150,0,0,1,3529,0,0,1,3529,California
Placer, County,Placer County,12/26/2020,167,3696,121,3500,46,196,0,0,167,3696,0,0,167,3696,California
Placer, County,Placer County,12/27/2020,183,3879,161,3661,22,218,0,0,183,3879,0,0,183,3879,California
Placer, County,Placer County,12/28/2020,681,4560,555,4216,126,344,0,0,680,4558,1,1,680,4559,California
Placer, County,Placer County,12/29/2020,777,5337,527,4743,250,594,0,0,776,5333,1,2,776,5335,California
Placer, County,Placer County,12/30/2020,736,6073,462,5205,274,868,0,0,736,6069,0,2,736,6071,California
Placer, County,Placer County,12/31/2020,552,6625,367,5572,185,1053,0,0,552,6621,0,2,552,6623,California
Placer, County,Placer County,1/1/2021,18,6643,12,5584,6,1059,0,0,18,6639,0,2,18,6641,California
Placer, County,Placer County,1/2/2021,190,6833,157,5741,33,1092,0,0,190,6829,0,2,190,6831,California
Placer, County,Placer County,1/3/2021,153,6986,77,5818,76,1168,0,0,153,6982,0,2,153,6984,California
Placer, County,Placer County,1/4/2021,635,7621,191,6009,444,1612,0,0,635,7617,0,2,635,7619,California
Placer, County,Placer County,1/5/2021,724,8345,161,6170,563,2175,0,0,634,8163,89,91,635,8254,California
Placer, County,Placer County,1/6/2021,769,9114,249,6419,520,2695,0,0,615,8624,154,245,615,8869,California
Placer, County,Placer County,1/7/2021,993,10107,376,6795,617,3312,0,0,762,9156,230,475,762,9631,California
Placer, County,Placer County,1/8/2021,1186,11293,535,7330,651,3963,0,0,783,9540,399,874,783,10414,California
Placer, County,Placer County,1/9/2021,462,11755,325,7655,137,4100,0,0,241,9561,220,1094,241,10655,California
Placer, County,Placer County,1/10/2021,337,12092,187,7842,150,4250,0,0,169,9562,168,1262,169,10824,California
Placer, County,Placer County,1/11/2021,1445,13537,819,8661,626,4876,0,0,847,9812,598,1860,848,11672,California
Placer, County,Placer County,1/12/2021,1682,15219,889,9550,793,5669,0,0,1070,10272,611,2471,1071,12743,California
Placer, County,Placer County,1/13/2021,1661,16880,838,10388,823,6492,0,0,1232,11080,427,2898,1235,13978,California
Placer, County,Placer County,1/14/2021,1841,18721,699,11087,1142,7634,0,0,1454,12152,384,3282,1456,15434,California
Placer, County,Placer County,1/15/2021,1946,20667,731,11818,1215,8849,0,0,1589,13386,356,3638,1590,17024,California
Placer, County,Placer County,1/16/2021,1480,22147,714,12532,766,9615,0,0,1356,14619,124,3762,1357,18381,California
Placer, County,Placer County,1/17/2021,581,22728,400,12932,181,9796,0,0,439,14917,141,3903,439,18820,California
Placer, County,Placer County,1/18/2021,977,23705,540,13472,437,10233,0,0,739,15420,237,4140,740,19560,California
Placer, County,Placer County,1/19/2021,2641,26346,1974,15446,667,10900,0,0,2189,17158,452,4592,2190,21750,California
Placer, County,Placer County,1/20/2021,2370,28716,1783,17229,587,11487,0,0,2024,18837,346,4938,2025,23775,California
Placer, County,Placer County,1/21/2021,2609,31325,1155,18384,1454,12941,0,0,2202,20635,405,5343,2203,25978,California
Placer, County,Placer County,1/22/2021,2354,33679,638,19022,1716,14657,0,0,2174,22633,178,5521,2176,28154,California
Placer, County,Placer County,1/23/2021,1200,34879,389,19411,811,15468,0,0,1037,23509,162,5683,1038,29192,California
Placer, County,Placer County,1/24/2021,515,35394,266,19677,249,15717,0,0,435,23864,80,5763,435,29627,California
Placer, County,Placer County,1/25/2021,1696,37090,817,20494,879,16596,0,0,1398,24965,298,6061,1399,31026,California
Placer, County,Placer County,1/26/2021,1875,38965,1040,21534,835,17431,0,0,1602,26294,273,6334,1602,32628,California
Placer, County,Placer County,1/27/2021,1842,40807,1153,22687,689,18120,0,0,1591,27637,249,6583,1592,34220,California
Placer, County,Placer County,1/28/2021,1831,42638,1132,23819,699,18819,0,0,1584,28977,244,6827,1584,35804,California
Placer, County,Placer County,1/29/2021,1914,44552,1169,24988,745,19564,0,0,1712,30490,200,7027,1713,37517,California
Placer, County,Placer County,1/30/2021,1719,46271,950,25938,769,20333,0,0,1597,31966,121,7148,1597,39114,California
Placer, County,Placer County,1/31/2021,778,47049,619,26557,159,20492,0,0,705,32598,73,7221,705,39819,California
Placer, County,Placer County,2/1/2021,2108,49157,1102,27659,1006,21498,0,0,1781,34054,325,7546,1781,41600,California
Placer, County,Placer County,2/2/2021,2415,51572,1559,29218,856,22354,0,0,1912,35466,500,8046,1912,43512,California
Placer, County,Placer County,2/3/2021,2944,54516,1898,31116,1046,23400,0,0,2305,37137,634,8680,2305,45817,California
Placer, County,Placer County,2/4/2021,2752,57268,1184,32300,1568,24968,0,0,1908,38207,839,9519,1909,47726,California
Placer, County,Placer County,2/5/2021,2760,60028,1264,33564,1496,26464,0,0,1389,38249,1347,10866,1389,49115,California
Placer, County,Placer County,2/6/2021,1982,62010,1325,34889,657,27121,0,0,1425,39118,556,11422,1425,50540,California
Placer, County,Placer County,2/7/2021,1168,63178,858,35747,310,27431,0,0,874,39699,293,11715,874,51414,California
Placer, County,Placer County,2/8/2021,3282,66460,1747,37494,1535,28966,0,0,1923,40291,1332,13047,1924,53338,California
Placer, County,Placer County,2/9/2021,3571,70031,2193,39687,1378,30344,0,0,1622,39968,1945,14992,1622,54960,California
Placer, County,Placer County,2/10/2021,3777,73808,2212,41899,1565,31909,0,0,1700,39598,2070,17062,1700,56660,California
Placer, County,Placer County,2/11/2021,3715,77523,1911,43810,1804,33713,0,0,1556,39012,2143,19205,1557,58217,California
Placer, County,Placer County,2/12/2021,2885,80408,1342,45152,1543,35256,0,0,1666,39497,1182,20387,1667,59884,California
Placer, County,Placer County,2/13/2021,2586,82994,1453,46605,1133,36389,0,0,1919,40750,666,21053,1919,61803,California
Placer, County,Placer County,2/14/2021,1104,84098,685,47290,419,36808,0,0,750,41148,352,21405,750,62553,California
Placer, County,Placer County,2/15/2021,2250,86348,1042,48332,1208,38016,0,0,1530,41960,720,22125,1532,64085,California
Placer, County,Placer County,2/16/2021,3567,89915,1776,50108,1791,39807,0,0,1557,41519,1999,24124,1558,65643,California
Placer, County,Placer County,2/17/2021,3570,93485,1973,52081,1597,41404,0,0,1514,40981,2052,26176,1514,67157,California
Placer, County,Placer County,2/18/2021,3848,97333,2075,54156,1773,43177,0,0,1622,40391,2213,28389,1623,68780,California
Placer, County,Placer County,2/19/2021,3658,100991,1949,56105,1709,44886,0,0,1359,39467,2285,30674,1361,70141,California
Placer, County,Placer County,2/20/2021,2107,103098,1287,57392,820,45706,0,0,960,39292,1140,31814,965,71106,California
Placer, County,Placer County,2/21/2021,1173,104271,771,58163,402,46108,0,0,428,38978,743,32557,429,71535,California
Placer, County,Placer County,2/22/2021,2655,106926,1862,60025,793,46901,0,0,626,37580,2024,34581,626,72161,California
Placer, County,Placer County,2/23/2021,2751,109677,1700,61725,1051,47952,0,0,921,36673,1828,36409,921,73082,California
Placer, County,Placer County,2/24/2021,3454,113131,1228,62953,2226,50178,0,0,1881,36995,1561,37970,1883,74965,California
Placer, County,Placer County,2/25/2021,3856,116987,1593,64546,2263,52441,0,0,2105,37362,1741,39711,2108,77073,California
Placer, County,Placer County,2/26/2021,4369,121356,2535,67081,1834,54275,0,0,2495,37990,1868,41579,2496,79569,California
Placer, County,Placer County,2/27/2021,2988,124344,1583,68664,1405,55680,0,0,1530,38069,1453,43032,1532,81101,California
Placer, County,Placer County,2/28/2021,1620,125964,876,69540,743,56423,1,1,749,37955,864,43896,750,81851,California
Placer, County,Placer County,3/1/2021,3315,129279,2194,71734,1121,57544,0,1,1677,38007,1625,45521,1677,83528,California
Placer, County,Placer County,3/2/2021,2994,132273,1851,73585,1143,58687,0,1,1935,38892,1051,46572,1936,85464,California
Placer, County,Placer County,3/3/2021,3478,135751,1507,75092,1970,60657,1,2,1888,39201,1581,48153,1890,87354,California
Placer, County,Placer County,3/4/2021,3704,139455,1486,76578,2218,62875,0,2,1918,39347,1773,49926,1919,89273,California
Placer, County,Placer County,3/5/2021,3007,142462,1038,77616,1949,64824,20,22,1797,39960,1204,51130,1817,91090,California
Placer, County,Placer County,3/6/2021,2477,144939,1532,79148,846,65670,99,121,940,39471,1527,52657,1038,92128,California
Placer, County,Placer County,3/7/2021,1379,146318,766,79914,554,66224,59,180,555,39262,820,53477,611,92739,California
Placer, County,Placer County,3/8/2021,2931,149249,1837,81751,977,67201,117,297,1656,39766,1269,54746,1773,94512,California
Placer, County,Placer County,3/9/2021,3182,152431,1690,83441,1404,68605,88,385,1841,40358,1337,56083,1929,96441,California
Placer, County,Placer County,3/10/2021,3322,155753,1340,84781,1880,70485,102,487,1746,40636,1570,57653,1848,98289,California
Placer, County,Placer County,3/11/2021,3671,159424,1665,86446,1875,72360,131,618,1764,40636,1896,59549,1896,100185,California
Placer, County,Placer County,3/12/2021,3731,163155,1501,87947,1450,73810,780,1398,1275,40243,2447,61996,2054,102239,California
Placer, County,Placer County,3/13/2021,2231,165386,753,88700,1354,75164,124,1522,1200,40539,1026,63022,1322,103561,California
Placer, County,Placer County,3/14/2021,1728,167114,689,89389,886,76050,153,1675,905,40776,820,63842,1057,104618,California
Placer, County,Placer County,3/15/2021,3252,170366,1560,90949,1562,77612,130,1805,1803,41266,1444,65286,1934,106552,California
Placer, County,Placer County,3/16/2021,3685,174051,1995,92944,1556,79168,134,1939,2343,42417,1327,66613,2478,109030,California
Placer, County,Placer County,3/17/2021,3527,177578,1782,94726,1641,80809,104,2043,2266,43532,1256,67869,2371,111401,California
Placer, County,Placer County,3/18/2021,4156,181734,2359,97085,1758,82567,39,2082,2895,45213,1251,69120,2932,114333,California
Placer, County,Placer County,3/19/2021,3499,185233,2092,99177,1140,83707,267,2349,2164,46314,1325,70445,2426,116759,California
Placer, County,Placer County,3/20/2021,2238,187471,949,100126,1201,84908,88,2437,1344,46858,887,71332,1431,118190,California
Placer, County,Placer County,3/21/2021,1320,188791,589,100715,721,85629,10,2447,800,47152,516,71848,810,119000,California
Placer, County,Placer County,3/22/2021,3366,192157,2158,102873,1116,86745,92,2539,2161,48206,1198,73046,2252,121252,California
Placer, County,Placer County,3/23/2021,3628,195785,2129,105002,1409,88154,90,2629,2575,49823,1047,74093,2664,123916,California
Placer, County,Placer County,3/24/2021,3853,199638,2004,107006,1748,89902,101,2730,1926,49945,1907,76000,2029,125945,California
Placer, County,Placer County,3/25/2021,3906,203544,1877,108883,1933,91835,96,2826,1691,49531,2200,78200,1786,127731,California
Placer, County,Placer County,3/26/2021,3779,207323,1665,110548,1883,93718,231,3057,1489,48976,2274,80474,1719,129450,California
Placer, County,Placer County,3/27/2021,1623,208946,476,111024,1128,94846,19,3076,628,48634,988,81462,646,130096,California
Placer, County,Placer County,3/28/2021,1126,210072,536,111560,580,95426,10,3086,302,48141,806,82268,313,130409,California
Placer, County,Placer County,3/29/2021,3572,213644,2007,113567,1528,96954,37,3123,1711,48041,1849,84117,1749,132158,California
Placer, County,Placer County,3/30/2021,4017,217661,2115,115682,1857,98811,45,3168,2093,48266,1909,86026,2134,134292,California
Placer, County,Placer County,3/31/2021,4162,221823,1852,117534,2231,101042,79,3247,1676,47543,2476,88502,1753,136045,California
Placer, County,Placer County,4/1/2021,2997,224820,1442,118976,1505,102547,50,3297,1655,47916,1331,89833,1704,137749,California
Placer, County,Placer County,4/2/2021,2854,227674,1485,120461,1303,103850,66,3363,1589,48311,1258,91091,1653,139402,California
Placer, County,Placer County,4/3/2021,1854,229528,991,121452,732,104582,131,3494,886,48367,959,92050,1015,140417,California
Placer, County,Placer County,4/4/2021,716,230244,366,121818,296,104878,54,3548,284,48279,425,92475,337,140754,California
Placer, County,Placer County,4/5/2021,3041,233285,1908,123726,949,105827,184,3732,1750,48931,1282,93757,1934,142688,California
Placer, County,Placer County,4/6/2021,4325,237610,2504,126230,1524,107351,297,4029,1504,47922,2809,96566,1800,144488,California
Placer, County,Placer County,4/7/2021,4608,242218,2635,128865,1518,108869,455,4484,2073,47920,2527,99093,2525,147013,California
Placer, County,Placer County,4/8/2021,4760,246978,2637,131502,1588,110457,535,5019,1580,46863,3170,102263,2113,149126,California
Placer, County,Placer County,4/9/2021,4156,251134,2280,133782,1255,111712,621,5640,1245,45830,2900,105163,1867,150993,California
Placer, County,Placer County,4/10/2021,2136,253270,907,134689,1042,112754,187,5827,915,45711,1219,106382,1100,152093,California
Placer, County,Placer County,4/11/2021,1401,254671,531,135220,840,113594,30,5857,444,45231,953,107335,473,152566,California
Placer, County,Placer County,4/12/2021,4133,258804,2661,137881,1082,114676,390,6247,2448,46392,1675,109010,2836,155402,California
Placer, County,Placer County,4/13/2021,4412,263216,3027,140908,1384,116060,1,6248,2215,46418,2191,111201,2217,157619,California
Placer, County,Placer County,4/14/2021,4205,267421,2584,143492,1620,117680,1,6249,1876,45977,2317,113518,1876,159495,California
Placer, County,Placer County,4/15/2021,4526,271947,2518,146010,2007,119687,1,6250,2343,46148,2173,115691,2344,161839,California
Placer, County,Placer County,4/16/2021,3715,275662,2198,148208,1517,121204,0,6250,1432,45304,2276,117967,1432,163271,California
Placer, County,Placer County,4/17/2021,2653,278315,857,149065,1796,123000,0,6250,1728,46112,920,118887,1728,164999,California
Placer, County,Placer County,4/18/2021,1283,279598,305,149370,978,123978,0,6250,439,45709,842,119729,439,165438,California
Placer, County,Placer County,4/19/2021,2977,282575,1832,151202,1145,125123,0,6250,1147,45035,1822,121551,1148,166586,California
Placer, County,Placer County,4/20/2021,3946,286521,2577,153779,1369,126492,0,6250,2428,45956,1507,123058,2428,169014,California
Placer, County,Placer County,4/21/2021,3831,290352,2540,156319,1290,127782,1,6251,2466,47063,1360,124418,2467,171481,California
Placer, County,Placer County,4/22/2021,3775,294127,2366,158685,1409,129191,0,6251,1788,46869,1982,126400,1788,173269,California
Placer, County,Placer County,4/23/2021,3617,297744,2399,161084,1217,130408,1,6252,1398,46056,2212,128612,1399,174668,California
Placer, County,Placer County,4/24/2021,2127,299871,1275,162359,851,131259,1,6253,1246,46432,870,129482,1246,175914,California
Placer, County,Placer County,4/25/2021,942,300813,505,162864,437,131696,0,6253,557,46604,385,129867,557,176471,California
Placer, County,Placer County,4/26/2021,2536,303349,1359,164223,1154,132850,23,6276,1230,46561,1296,131163,1253,177724,California
Placer, County,Placer County,4/27/2021,2789,306138,1469,165692,1269,134119,51,6327,1571,46972,1213,132376,1624,179348,California
Placer, County,Placer County,4/28/2021,3102,309240,1944,167636,1121,135240,37,6364,1626,47170,1466,133842,1664,181012,California
Placer, County,Placer County,4/29/2021,3479,312719,2288,169924,1137,136377,54,6418,1448,46648,2024,135866,1502,182514,California
Placer, County,Placer County,4/30/2021,3062,315781,1888,171812,1127,137504,47,6465,1238,46115,1818,137684,1285,183799,California
Placer, County,Placer County,5/1/2021,1347,317128,943,172755,377,137881,27,6492,605,46010,736,138420,631,184430,California
Placer, County,Placer County,5/2/2021,735,317863,576,173331,137,138018,22,6514,336,45970,398,138818,358,184788,California
Placer, County,Placer County,5/3/2021,1619,319482,996,174327,556,138574,67,6581,428,45279,1185,140003,494,185282,California
Placer, County,Placer County,5/4/2021,2393,321875,1377,175704,854,139428,162,6743,890,44832,1498,141501,1051,186333,California
Placer, County,Placer County,5/5/2021,3778,325653,2571,178275,1104,140532,103,6846,990,43149,2775,144276,1092,187425,California
Placer, County,Placer County,5/6/2021,3131,328784,1923,180198,1130,141662,78,6924,819,41762,2284,146560,897,188322,California
Placer, County,Placer County,5/7/2021,2864,331648,1945,182143,823,142485,96,7020,802,40613,2048,148608,899,189221,California
Placer, County,Placer County,5/8/2021,1418,333066,749,182892,627,143112,42,7062,412,40064,1003,149611,454,189675,California
Placer, County,Placer County,5/9/2021,458,333524,224,183116,213,143325,21,7083,215,40057,243,149854,236,189911,California
Placer, County,Placer County,5/10/2021,1951,335475,1044,184160,811,144136,96,7179,434,39076,1511,151365,530,190441,California
Placer, County,Placer County,5/11/2021,3088,338563,2235,186395,739,144875,114,7293,663,37439,2414,153779,777,191218,California
Placer, County,Placer County,5/12/2021,2918,341481,2011,188406,850,145725,57,7350,692,35973,2217,155996,751,191969,California
Placer, County,Placer County,5/13/2021,2896,344377,1872,190278,977,146702,47,7397,1020,35166,1873,157869,1066,193035,California
Placer, County,Placer County,5/14/2021,2877,347254,1889,192167,849,147551,139,7536,1396,35231,1464,159333,1529,194564,California
Placer, County,Placer County,5/15/2021,2127,349381,1379,193546,724,148275,24,7560,949,35034,1170,160503,973,195537,California
Placer, County,Placer County,5/16/2021,1201,350582,533,194079,649,148924,19,7579,342,34539,856,161359,361,195898,California
Placer, County,Placer County,5/17/2021,2368,352950,1582,195661,712,149636,74,7653,1017,34285,1346,162705,1092,196990,California
Placer, County,Placer County,5/18/2021,2525,355475,1703,197364,744,150380,78,7731,1136,34114,1385,164090,1214,198204,California
Placer, County,Placer County,5/19/2021,2555,358030,1615,198979,893,151273,47,7778,876,33364,1673,165763,923,199127,California
Placer, County,Placer County,5/20/2021,2573,360603,1666,200645,857,152130,50,7828,872,32594,1693,167456,923,200050,California
Placer, County,Placer County,5/21/2021,2476,363079,1547,202192,781,152911,148,7976,1065,32401,1403,168859,1210,201260,California
Placer, County,Placer County,5/22/2021,1619,364698,1070,203262,507,153418,42,8018,747,32323,867,169726,789,202049,California
Placer, County,Placer County,5/23/2021,701,365399,362,203624,322,153740,17,8035,282,32205,418,170144,300,202349,California
Placer, County,Placer County,5/24/2021,1523,366922,774,204398,615,154355,134,8169,448,31716,1071,171215,582,202931,California
Placer, County,Placer County,5/25/2021,1792,368714,946,205344,749,155104,97,8266,637,31302,1148,172363,734,203665,California
Placer, County,Placer County,5/26/2021,1603,370317,919,206263,643,155747,41,8307,621,30990,976,173339,664,204329,California
Placer, County,Placer County,5/27/2021,1448,371765,717,206980,687,156434,44,8351,665,30923,777,174116,710,205039,California
Placer, County,Placer County,5/28/2021,1709,373474,865,207845,744,157178,100,8451,725,30771,977,175093,825,205864,California
Placer, County,Placer County,5/29/2021,752,374226,408,208253,313,157491,31,8482,378,30808,371,175464,408,206272,California
Placer, County,Placer County,5/30/2021,343,374569,234,208487,94,157585,15,8497,211,30903,131,175595,226,206498,California
Placer, County,Placer County,5/31/2021,147,374716,69,208556,61,157646,17,8514,29,30832,116,175711,45,206543,California
Placer, County,Placer County,6/1/2021,1692,376408,893,209449,727,158373,72,8586,590,30398,1096,176807,662,207205,California
Placer, County,Placer County,6/2/2021,1517,377925,762,210211,687,159060,68,8654,484,29919,1031,177838,552,207757,California
Placer, County,Placer County,6/3/2021,1715,379640,1044,211255,612,159672,59,8713,432,29131,1278,179116,490,208247,California
Placer, County,Placer County,6/4/2021,1883,381523,1339,212594,490,160162,54,8767,457,28225,1415,180531,509,208756,California
Placer, County,Placer County,6/5/2021,1100,382623,779,213373,280,160442,41,8808,272,27715,823,181354,313,209069,California
Placer, County,Placer County,6/6/2021,501,383124,362,213735,122,160564,17,8825,123,27478,377,181731,140,209209,California
Placer, County,Placer County,6/7/2021,1057,384181,724,214459,261,160825,72,8897,225,26945,828,182559,295,209504,California
Placer, County,Placer County,6/8/2021,1753,385934,1338,215797,366,161191,49,8946,441,26125,1309,183868,489,209993,California
Placer, County,Placer County,6/9/2021,1189,387123,862,216659,275,161466,52,8998,270,25533,915,184783,323,210316,California
Placer, County,Placer County,6/10/2021,1257,388380,867,217526,314,161780,76,9074,310,24975,942,185725,384,210700,California
Placer, County,Placer County,6/11/2021,1495,389875,1075,218601,361,162141,59,9133,345,24233,1145,186870,403,211103,California
Placer, County,Placer County,6/12/2021,1028,390903,761,219362,238,162379,29,9162,218,23674,806,187676,247,211350,California
Placer, County,Placer County,6/13/2021,399,391302,309,219671,79,162458,11,9173,95,23478,302,187978,106,211456,California
Placer, County,Placer County,6/14/2021,773,392075,528,220199,201,162659,44,9217,226,23204,543,188521,269,211725,California
Placer, County,Placer County,6/15/2021,1305,393380,869,221068,373,163032,63,9280,431,22827,870,189391,493,212218,California
Placer, County,Placer County,6/16/2021,1040,394420,754,221822,231,163263,55,9335,332,22506,707,190098,386,212604,California
Placer, County,Placer County,6/17/2021,881,395301,610,222432,235,163498,36,9371,270,22205,607,190705,306,212910,California
Placer, County,Placer County,6/18/2021,1160,396461,764,223196,305,163803,91,9462,381,21899,778,191483,472,213382,California
Placer, County,Placer County,6/19/2021,614,397075,443,223639,137,163940,34,9496,237,21795,374,191857,270,213652,California
Placer, County,Placer County,6/20/2021,284,397359,233,223872,43,163983,8,9504,108,21736,174,192031,115,213767,California
Placer, County,Placer County,6/21/2021,489,397848,285,224157,166,164149,38,9542,229,21744,259,192290,267,214034,California
Placer, County,Placer County,6/22/2021,888,398736,626,224783,208,164357,54,9596,267,21451,614,192904,321,214355,California
Placer, County,Placer County,6/23/2021,844,399580,611,225394,186,164543,47,9643,386,21427,457,193361,433,214788,California
Placer, County,Placer County,6/24/2021,832,400412,527,225921,259,164802,46,9689,321,21286,508,193869,367,215155,California
Placer, County,Placer County,6/25/2021,944,401356,669,226590,222,165024,53,9742,394,21188,544,194413,446,215601,California
Placer, County,Placer County,6/26/2021,542,401898,384,226974,125,165149,33,9775,233,21147,307,194720,266,215867,California
Placer, County,Placer County,6/27/2021,248,402146,182,227156,55,165204,11,9786,118,21146,129,194849,128,215995,California
Placer, County,Placer County,6/28/2021,492,402638,360,227516,85,165289,47,9833,210,21123,280,195129,257,216252,California
Placer, County,Placer County,6/29/2021,829,403467,584,228100,198,165487,47,9880,319,20980,509,195638,366,216618,California
Placer, County,Placer County,6/30/2021,596,404063,414,228514,141,165628,41,9921,257,20940,338,195976,298,216916,California
Placer, County,Placer County,7/1/2021,564,404627,383,228897,143,165771,38,9959,230,20877,331,196307,268,217184,California
Placer, County,Placer County,7/2/2021,691,405318,508,229405,156,165927,27,9986,302,20822,384,196691,329,217513,California
Placer, County,Placer County,7/3/2021,304,405622,209,229614,82,166009,13,9999,146,20826,154,196845,158,217671,California
Placer, County,Placer County,7/4/2021,17,405639,3,229617,14,166023,0,9999,7,20823,10,196855,7,217678,California
Placer, County,Placer County,7/5/2021,395,406034,261,229878,100,166123,34,10033,165,20796,226,197081,199,217877,California
Placer, County,Placer County,7/6/2021,841,406875,636,230514,161,166284,44,10077,301,20603,538,197619,345,218222,California
Placer, County,Placer County,7/7/2021,566,407441,428,230942,107,166391,31,10108,230,20529,335,197954,261,218483,California
Placer, County,Placer County,7/8/2021,535,407976,363,231305,130,166521,42,10150,231,20501,301,198255,273,218756,California
Placer, County,Placer County,7/9/2021,694,408670,486,231791,138,166659,70,10220,301,20480,391,198646,370,219126,California
Placer, County,Placer County,7/10/2021,359,409029,262,232053,91,166750,6,10226,130,20388,228,198874,136,219262,California
Placer, County,Placer County,7/11/2021,227,409256,176,232229,37,166787,14,10240,102,20379,125,198999,116,219378,California
Placer, County,Placer County,7/12/2021,498,409754,379,232608,85,166872,34,10274,242,20401,254,199253,276,219654,California
Placer, County,Placer County,7/13/2021,500,410254,379,232987,105,166977,16,10290,236,20390,263,199516,252,219906,California
Placer, County,Placer County,7/14/2021,573,410827,434,233421,116,167093,23,10313,223,20289,346,199862,245,220151,California
Placer, County,Placer County,7/15/2021,467,411294,338,233759,108,167201,21,10334,209,20262,257,200119,230,220381,California
Placer, County,Placer County,7/16/2021,764,412058,556,234315,173,167374,35,10369,354,20245,406,200525,389,220770,California
Placer, County,Placer County,7/17/2021,348,412406,252,234567,79,167453,17,10386,139,20192,209,200734,156,220926,California
Placer, County,Placer County,7/18/2021,196,412602,145,234712,46,167499,5,10391,91,20186,102,200836,96,221022,California
Placer, County,Placer County,7/19/2021,540,413142,392,235104,123,167622,25,10416,292,20259,244,201080,317,221339,California
Placer, County,Placer County,7/20/2021,750,413892,545,235649,173,167795,32,10448,385,20314,361,201441,416,221755,California
Placer, County,Placer County,7/21/2021,636,414528,450,236099,152,167947,34,10482,317,20351,313,201754,350,222105,California
Placer, County,Placer County,7/22/2021,685,415213,447,236546,200,168147,38,10520,385,20479,293,202047,421,222526,California
Placer, County,Placer County,7/23/2021,837,416050,597,237143,198,168345,42,10562,459,20608,372,202419,501,223027,California
Placer, County,Placer County,7/24/2021,391,416441,280,237423,94,168439,17,10579,230,20695,160,202579,247,223274,California
Placer, County,Placer County,7/25/2021,220,416661,149,237572,65,168504,6,10585,160,20804,57,202636,166,223440,California
Placer, County,Placer County,7/26/2021,612,417273,431,238003,153,168657,28,10613,391,21005,218,202854,419,223859,California
Placer, County,Placer County,7/27/2021,798,418071,581,238584,175,168832,42,10655,447,21145,348,203202,488,224347,California
Placer, County,Placer County,7/28/2021,692,418763,516,239100,132,168964,44,10699,417,21338,268,203470,461,224808,California
Placer, County,Placer County,7/29/2021,723,419486,505,239605,175,169139,43,10742,455,21571,265,203735,498,225306,California
Placer, County,Placer County,7/30/2021,892,420378,651,240256,203,169342,38,10780,558,21841,325,204060,595,225901,California
Placer, County,Placer County,7/31/2021,438,420816,292,240548,120,169462,26,10806,265,21963,169,204229,291,226192,California
Placer, County,Placer County,8/1/2021,288,421104,200,240748,83,169545,5,10811,207,22096,79,204308,212,226404,California
Placer, County,Placer County,8/2/2021,849,421953,636,241384,162,169707,51,10862,503,22306,341,204649,551,226955,California
Placer, County,Placer County,8/3/2021,755,422708,526,241910,190,169897,39,10901,501,22593,251,204900,538,227493,California
Placer, County,Placer County,8/4/2021,748,423456,531,242441,167,170064,50,10951,471,22842,272,205172,521,228014,California
Placer, County,Placer County,8/5/2021,752,424208,526,242967,171,170235,55,11006,485,23122,259,205431,539,228553,California
Placer, County,Placer County,8/6/2021,982,425190,723,243690,209,170444,50,11056,594,23383,383,205814,644,229197,California
Placer, County,Placer County,8/7/2021,508,425698,354,244044,121,170565,33,11089,326,23565,176,205990,358,229555,California
Placer, County,Placer County,8/8/2021,304,426002,218,244262,63,170628,23,11112,188,23663,113,206103,211,229766,California
Placer, County,Placer County,8/9/2021,682,426684,487,244749,155,170783,40,11152,388,23802,288,206391,427,230193,California
Placer, County,Placer County,8/10/2021,466,427150,323,245072,91,170874,52,11204,257,23905,206,206597,309,230502,California
Plumas, County,Plumas County,12/15/2020,0,0,0,0,0,0,0,0,0,0,0,0,0,0,California
Plumas, County,Plumas County,12/16/2020,0,0,0,0,0,0,0,0,0,0,0,0,0,0,California
Plumas, County,Plumas County,12/17/2020,0,0,0,0,0,0,0,0,0,0,0,0,0,0,California
Plumas, County,Plumas County,12/18/2020,3,3,3,3,0,0,0,0,3,3,0,0,3,3,California
Plumas, County,Plumas County,12/19/2020,1,4,1,4,0,0,0,0,1,4,0,0,1,4,California
Plumas, County,Plumas County,12/20/2020,0,4,0,4,0,0,0,0,0,4,0,0,0,4,California
Plumas, County,Plumas County,12/21/2020,45,49,45,49,0,0,0,0,45,49,0,0,45,49,California
Plumas, County,Plumas County,12/22/2020,95,144,95,144,0,0,0,0,95,144,0,0,95,144,California
Plumas, County,Plumas County,12/23/2020,50,194,50,194,0,0,0,0,50,194,0,0,50,194,California
Plumas, County,Plumas County,12/24/2020,7,201,7,201,0,0,0,0,7,201,0,0,7,201,California
Plumas, County,Plumas County,12/25/2020,0,201,0,201,0,0,0,0,0,201,0,0,0,201,California
Plumas, County,Plumas County,12/26/2020,0,201,0,201,0,0,0,0,0,201,0,0,0,201,California
Plumas, County,Plumas County,12/27/2020,0,201,0,201,0,0,0,0,0,201,0,0,0,201,California
Plumas, County,Plumas County,12/28/2020,9,210,1,202,8,8,0,0,9,210,0,0,9,210,California
Plumas, County,Plumas County,12/29/2020,33,243,23,225,10,18,0,0,33,243,0,0,33,243,California
Plumas, County,Plumas County,12/30/2020,24,267,2,227,22,40,0,0,24,267,0,0,24,267,California
Plumas, County,Plumas County,12/31/2020,5,272,2,229,3,43,0,0,5,272,0,0,5,272,California
Plumas, County,Plumas County,1/1/2021,2,274,0,229,2,45,0,0,2,274,0,0,2,274,California
Plumas, County,Plumas County,1/2/2021,1,275,0,229,1,46,0,0,1,275,0,0,1,275,California
Plumas, County,Plumas County,1/3/2021,0,275,0,229,0,46,0,0,0,275,0,0,0,275,California
Plumas, County,Plumas County,1/4/2021,10,285,3,232,7,53,0,0,10,285,0,0,10,285,California
Plumas, County,Plumas County,1/5/2021,23,308,1,233,22,75,0,0,23,308,0,0,23,308,California
Plumas, County,Plumas County,1/6/2021,117,425,4,237,113,188,0,0,117,425,0,0,117,425,California
Plumas, County,Plumas County,1/7/2021,52,477,2,239,50,238,0,0,51,475,1,1,51,476,California
Plumas, County,Plumas County,1/8/2021,11,488,4,243,7,245,0,0,8,480,3,4,8,484,California
Plumas, County,Plumas County,1/9/2021,1,489,1,244,0,245,0,0,0,479,1,5,0,484,California
Plumas, County,Plumas County,1/10/2021,0,489,0,244,0,245,0,0,0,479,0,5,0,484,California
Plumas, County,Plumas County,1/11/2021,59,548,50,294,9,254,0,0,12,444,47,52,12,496,California
Plumas, County,Plumas County,1/12/2021,157,705,88,382,69,323,0,0,70,428,87,139,71,567,California
Plumas, County,Plumas County,1/13/2021,56,761,51,433,5,328,0,0,9,390,47,186,9,576,California
Plumas, County,Plumas County,1/14/2021,99,860,15,448,84,412,0,0,93,477,6,192,93,669,California
Plumas, County,Plumas County,1/15/2021,61,921,7,455,54,466,0,0,59,534,2,194,59,728,California
Plumas, County,Plumas County,1/16/2021,57,978,1,456,56,522,0,0,57,591,0,194,57,785,California
Plumas, County,Plumas County,1/17/2021,0,978,0,456,0,522,0,0,0,591,0,194,0,785,California
Plumas, County,Plumas County,1/18/2021,3,981,2,458,1,523,0,0,3,594,0,194,3,788,California
Plumas, County,Plumas County,1/19/2021,38,1019,6,464,32,555,0,0,33,622,5,199,33,821,California
Plumas, County,Plumas County,1/20/2021,142,1161,6,470,136,691,0,0,137,754,5,204,137,958,California
Plumas, County,Plumas County,1/21/2021,113,1274,2,472,111,802,0,0,113,867,0,204,113,1071,California
Plumas, County,Plumas County,1/22/2021,4,1278,1,473,3,805,0,0,4,871,0,204,4,1075,California
Plumas, County,Plumas County,1/23/2021,97,1375,2,475,95,900,0,0,96,966,1,205,96,1171,California
Plumas, County,Plumas County,1/24/2021,1,1376,1,476,0,900,0,0,1,967,0,205,1,1172,California
Plumas, County,Plumas County,1/25/2021,10,1386,7,483,3,903,0,0,9,974,2,207,9,1181,California
Plumas, County,Plumas County,1/26/2021,62,1448,2,485,60,963,0,0,54,1020,8,215,54,1235,California
Plumas, County,Plumas County,1/27/2021,27,1475,21,506,6,969,0,0,7,1007,20,235,7,1242,California
Plumas, County,Plumas County,1/28/2021,27,1502,0,506,27,996,0,0,25,1030,2,237,25,1267,California
Plumas, County,Plumas County,1/29/2021,9,1511,3,509,6,1002,0,0,8,1037,1,238,8,1275,California
Plumas, County,Plumas County,1/30/2021,9,1520,3,512,6,1008,0,0,8,1044,1,239,8,1283,California
Plumas, County,Plumas County,1/31/2021,3,1523,3,515,0,1008,0,0,3,1047,0,239,3,1286,California
Plumas, County,Plumas County,2/1/2021,26,1549,4,519,22,1030,0,0,17,1055,9,248,17,1303,California
Plumas, County,Plumas County,2/2/2021,26,1575,4,523,22,1052,0,0,6,1041,20,268,6,1309,California
Plumas, County,Plumas County,2/3/2021,123,1698,6,529,117,1169,0,0,14,947,108,376,14,1323,California
Plumas, County,Plumas County,2/4/2021,104,1802,10,539,94,1263,0,0,25,893,79,455,25,1348,California
Plumas, County,Plumas County,2/5/2021,29,1831,13,552,16,1279,0,0,14,892,15,470,14,1362,California
Plumas, County,Plumas County,2/6/2021,8,1839,1,553,7,1286,0,0,8,900,0,470,8,1370,California
Plumas, County,Plumas County,2/7/2021,0,1839,0,553,0,1286,0,0,0,900,0,470,0,1370,California
Plumas, County,Plumas County,2/8/2021,15,1854,5,558,10,1296,0,0,2,889,13,483,2,1372,California
Plumas, County,Plumas County,2/9/2021,173,2027,4,562,169,1465,0,0,111,939,61,544,111,1483,California
Plumas, County,Plumas County,2/10/2021,115,2142,10,572,105,1570,0,0,107,1039,8,552,108,1591,California
Plumas, County,Plumas County,2/11/2021,343,2485,5,577,338,1908,0,0,283,1262,60,612,283,1874,California
Plumas, County,Plumas County,2/12/2021,125,2610,4,581,121,2029,0,0,120,1377,5,617,120,1994,California
Plumas, County,Plumas County,2/13/2021,77,2687,8,589,69,2098,0,0,17,1334,60,677,17,2011,California
Plumas, County,Plumas County,2/14/2021,9,2696,5,594,4,2102,0,0,9,1343,0,677,9,2020,California
Plumas, County,Plumas County,2/15/2021,28,2724,5,599,23,2125,0,0,25,1365,3,680,25,2045,California
Plumas, County,Plumas County,2/16/2021,81,2805,5,604,76,2201,0,0,16,1316,65,745,16,2061,California
Plumas, County,Plumas County,2/17/2021,153,2958,5,609,148,2349,0,0,12,1187,141,886,12,2073,California
Plumas, County,Plumas County,2/18/2021,133,3091,6,615,127,2476,0,0,22,1099,111,997,23,2096,California
Plumas, County,Plumas County,2/19/2021,44,3135,7,622,37,2513,0,0,8,1071,36,1033,8,2104,California
Plumas, County,Plumas County,2/20/2021,107,3242,7,629,100,2613,0,0,13,991,93,1126,13,2117,California
Plumas, County,Plumas County,2/21/2021,5,3247,4,633,1,2614,0,0,2,990,3,1129,2,2119,California
Plumas, County,Plumas County,2/22/2021,9,3256,3,636,6,2620,0,0,1,983,8,1137,1,2120,California
Plumas, County,Plumas County,2/23/2021,25,3281,3,639,22,2642,0,0,17,992,8,1145,17,2137,California
Plumas, County,Plumas County,2/24/2021,487,3768,8,647,479,3121,0,0,474,1453,13,1158,474,2611,California
Plumas, County,Plumas County,2/25/2021,242,4010,12,659,230,3351,0,0,176,1563,66,1224,176,2787,California
Plumas, County,Plumas County,2/26/2021,266,4276,9,668,257,3608,0,0,256,1810,10,1234,257,3044,California
Plumas, County,Plumas County,2/27/2021,44,4320,5,673,39,3647,0,0,36,1838,8,1242,36,3080,California
Plumas, County,Plumas County,2/28/2021,6,4326,0,673,6,3653,0,0,4,1840,2,1244,4,3084,California
Plumas, County,Plumas County,3/1/2021,32,4358,8,681,23,3676,1,1,15,1841,15,1259,16,3100,California
Plumas, County,Plumas County,3/2/2021,14,4372,1,682,13,3689,0,1,8,1844,5,1264,8,3108,California
Plumas, County,Plumas County,3/3/2021,182,4554,11,693,171,3860,0,1,165,1992,17,1281,165,3273,California
Plumas, County,Plumas County,3/4/2021,253,4807,8,701,245,4105,0,1,231,2201,22,1303,231,3504,California
Plumas, County,Plumas County,3/5/2021,397,5204,6,707,386,4491,5,6,385,2579,12,1315,390,3894,California
Plumas, County,Plumas County,3/6/2021,23,5227,4,711,11,4502,8,14,4,2572,19,1334,12,3906,California
Plumas, County,Plumas County,3/7/2021,14,5241,2,713,3,4505,9,23,5,2576,9,1343,13,3919,California
Plumas, County,Plumas County,3/8/2021,35,5276,4,717,6,4511,25,48,6,2580,28,1371,32,3951,California
Plumas, County,Plumas County,3/9/2021,134,5410,4,721,115,4626,15,63,18,2497,116,1487,33,3984,California
Plumas, County,Plumas County,3/10/2021,304,5714,4,725,286,4912,14,77,111,2431,191,1678,125,4109,California
Plumas, County,Plumas County,3/11/2021,192,5906,10,735,177,5089,5,82,154,2552,38,1716,159,4268,California
Plumas, County,Plumas County,3/12/2021,596,6502,7,742,303,5392,286,368,24,2290,572,2288,310,4578,California
Plumas, County,Plumas County,3/13/2021,27,6529,5,747,11,5403,11,379,6,2286,21,2309,17,4595,California
Plumas, County,Plumas County,3/14/2021,13,6542,3,750,5,5408,5,384,1,2281,11,2320,6,4601,California
Plumas, County,Plumas County,3/15/2021,37,6579,3,753,26,5434,8,392,8,2268,29,2349,16,4617,California
Plumas, County,Plumas County,3/16/2021,63,6642,3,756,59,5493,1,393,49,2306,12,2361,50,4667,California
Plumas, County,Plumas County,3/17/2021,72,6714,7,763,64,5557,1,394,56,2348,15,2376,57,4724,California
Plumas, County,Plumas County,3/18/2021,62,6776,6,769,40,5597,16,410,12,2327,49,2425,28,4752,California
Plumas, County,Plumas County,3/19/2021,161,6937,4,773,155,5752,2,412,153,2477,6,2431,156,4908,California
Plumas, County,Plumas County,3/20/2021,715,7652,4,777,710,6462,1,413,692,3149,21,2452,693,5601,California
Plumas, County,Plumas County,3/21/2021,2,7654,1,778,1,6463,0,413,1,3150,0,2452,1,5602,California
Plumas, County,Plumas County,3/22/2021,205,7859,2,780,203,6666,0,413,197,3340,7,2459,197,5799,California
Plumas, County,Plumas County,3/23/2021,27,7886,1,781,26,6692,0,413,13,3339,14,2473,13,5812,California
Plumas, County,Plumas County,3/24/2021,698,8584,5,786,692,7384,1,414,231,3106,466,2939,233,6045,California
Plumas, County,Plumas County,3/25/2021,322,8906,8,794,312,7696,2,416,177,3138,145,3084,177,6222,California
Plumas, County,Plumas County,3/26/2021,315,9221,9,803,305,8001,1,417,46,2917,268,3352,47,6269,California
Plumas, County,Plumas County,3/27/2021,14,9235,1,804,12,8013,1,418,4,2912,10,3362,5,6274,California
Plumas, County,Plumas County,3/28/2021,9,9244,3,807,5,8018,1,419,3,2910,6,3368,4,6278,California
Plumas, County,Plumas County,3/29/2021,10,9254,3,810,6,8024,1,420,3,2907,7,3375,4,6282,California
Plumas, County,Plumas County,3/30/2021,184,9438,4,814,176,8200,4,424,27,2781,157,3532,31,6313,California
Plumas, County,Plumas County,3/31/2021,300,9738,3,817,295,8495,2,426,276,3035,24,3556,278,6591,California
Plumas, County,Plumas County,4/1/2021,317,10055,14,831,300,8795,3,429,67,2857,247,3803,69,6660,California
Plumas, County,Plumas County,4/2/2021,377,10432,3,834,370,9165,4,433,29,2554,336,4139,33,6693,California
Plumas, County,Plumas County,4/3/2021,15,10447,3,837,6,9171,6,439,1,2547,14,4153,7,6700,California
Plumas, County,Plumas County,4/4/2021,3,10450,1,838,1,9172,1,440,0,2545,3,4156,1,6701,California
Plumas, County,Plumas County,4/5/2021,18,10468,6,844,10,9182,2,442,5,2541,11,4167,7,6708,California
Plumas, County,Plumas County,4/6/2021,138,10606,7,851,103,9285,28,470,17,2465,120,4287,44,6752,California
Plumas, County,Plumas County,4/7/2021,296,10902,9,860,102,9387,185,655,29,2412,267,4554,214,6966,California
Plumas, County,Plumas County,4/8/2021,158,11060,4,864,134,9521,20,675,40,2353,118,4672,59,7025,California
Plumas, County,Plumas County,4/9/2021,50,11110,9,873,24,9545,17,692,18,2355,32,4704,34,7059,California
Plumas, County,Plumas County,4/10/2021,22,11132,1,874,4,9549,17,709,4,2357,18,4722,20,7079,California
Plumas, County,Plumas County,4/11/2021,5,11137,3,877,1,9550,1,710,3,2360,1,4723,4,7083,California
Plumas, County,Plumas County,4/12/2021,12,11149,3,880,6,9556,3,713,5,2362,6,4729,8,7091,California
Plumas, County,Plumas County,4/13/2021,223,11372,4,884,219,9775,0,713,157,2453,66,4795,157,7248,California
Plumas, County,Plumas County,4/14/2021,108,11480,6,890,102,9877,0,713,54,2454,53,4848,54,7302,California
Plumas, County,Plumas County,4/15/2021,54,11534,4,894,50,9927,0,713,33,2467,20,4868,33,7335,California
Plumas, County,Plumas County,4/16/2021,144,11678,3,897,141,10068,0,713,4,2331,140,5008,4,7339,California
Plumas, County,Plumas County,4/17/2021,687,12365,2,899,685,10753,0,713,18,1685,664,5672,18,7357,California
Plumas, County,Plumas County,4/18/2021,3,12368,3,902,0,10753,0,713,0,1682,3,5675,0,7357,California
Plumas, County,Plumas County,4/19/2021,38,12406,1,903,37,10790,0,713,5,1654,33,5708,5,7362,California
Plumas, County,Plumas County,4/20/2021,47,12453,5,908,42,10832,0,713,30,1668,16,5724,30,7392,California
Plumas, County,Plumas County,4/21/2021,342,12795,6,914,335,11167,1,714,15,1356,327,6051,15,7407,California
Plumas, County,Plumas County,4/22/2021,284,13079,7,921,277,11444,0,714,133,1338,151,6202,133,7540,California
Plumas, County,Plumas County,4/23/2021,73,13152,3,924,70,11514,0,714,16,1297,57,6259,16,7556,California
Plumas, County,Plumas County,4/24/2021,171,13323,4,928,167,11681,0,714,145,1417,25,6284,145,7701,California
Plumas, County,Plumas County,4/25/2021,0,13323,0,928,0,11681,0,714,0,1417,0,6284,0,7701,California
Plumas, County,Plumas County,4/26/2021,31,13354,3,931,28,11709,0,714,8,1403,22,6306,8,7709,California
Plumas, County,Plumas County,4/27/2021,109,13463,4,935,105,11814,0,714,70,1434,39,6345,70,7779,California
Plumas, County,Plumas County,4/28/2021,288,13751,5,940,283,12097,0,714,35,1218,251,6596,35,7814,California
Plumas, County,Plumas County,4/29/2021,179,13930,72,1012,107,12204,0,714,124,1287,55,6651,124,7938,California
Plumas, County,Plumas County,4/30/2021,22,13952,11,1023,11,12215,0,714,7,1279,15,6666,7,7945,California
Plumas, County,Plumas County,5/1/2021,10,13962,2,1025,7,12222,1,715,2,1276,6,6672,3,7948,California
Plumas, County,Plumas County,5/2/2021,4,13966,4,1029,0,12222,0,715,2,1276,2,6674,2,7950,California
Plumas, County,Plumas County,5/3/2021,20,13986,5,1034,8,12230,7,722,6,1277,12,6686,13,7963,California
Plumas, County,Plumas County,5/4/2021,34,14020,5,1039,21,12251,8,730,18,1288,15,6701,26,7989,California
Plumas, County,Plumas County,5/5/2021,53,14073,3,1042,49,12300,1,731,26,1289,26,6727,27,8016,California
Plumas, County,Plumas County,5/6/2021,69,14142,2,1044,62,12362,5,736,20,1265,49,6776,25,8041,California
Plumas, County,Plumas County,5/7/2021,23,14165,6,1050,16,12378,1,737,8,1259,15,6791,9,8050,California
Plumas, County,Plumas County,5/8/2021,7,14172,0,1050,4,12382,3,740,4,1263,3,6794,7,8057,California
Plumas, County,Plumas County,5/9/2021,1,14173,0,1050,0,12382,1,741,0,1263,1,6795,1,8058,California
Plumas, County,Plumas County,5/10/2021,50,14223,0,1050,28,12410,22,763,24,1283,26,6821,46,8104,California
Plumas, County,Plumas County,5/11/2021,181,14404,2,1052,161,12571,18,781,15,1151,165,6986,33,8137,California
Plumas, County,Plumas County,5/12/2021,101,14505,1,1053,92,12663,8,789,37,1133,63,7049,45,8182,California
Plumas, County,Plumas County,5/13/2021,44,14549,3,1056,39,12702,2,791,14,1119,30,7079,16,8198,California
Plumas, County,Plumas County,5/14/2021,21,14570,3,1059,13,12715,5,796,10,1123,11,7090,15,8213,California
Plumas, County,Plumas County,5/15/2021,12,14582,4,1063,5,12720,3,799,4,1122,8,7098,7,8220,California
Plumas, County,Plumas County,5/16/2021,1,14583,1,1064,0,12720,0,799,1,1123,0,7098,1,8221,California
Plumas, County,Plumas County,5/17/2021,15,14598,0,1064,6,12726,9,808,5,1127,10,7108,14,8235,California
Plumas, County,Plumas County,5/18/2021,49,14647,8,1072,40,12766,1,809,27,1133,22,7130,28,8263,California
Plumas, County,Plumas County,5/19/2021,52,14699,4,1076,30,12796,18,827,12,1124,39,7169,30,8293,California
Plumas, County,Plumas County,5/20/2021,197,14896,140,1216,46,12842,11,838,82,1104,113,7282,93,8386,California
Plumas, County,Plumas County,5/21/2021,31,14927,10,1226,14,12856,7,845,14,1108,17,7299,21,8407,California
Plumas, County,Plumas County,5/22/2021,139,15066,1,1227,138,12994,0,845,7,985,130,7429,7,8414,California
Plumas, County,Plumas County,5/23/2021,2,15068,2,1229,0,12994,0,845,0,983,2,7431,0,8414,California
Plumas, County,Plumas County,5/24/2021,49,15117,35,1264,13,13007,1,846,40,1016,8,7439,41,8455,California
Plumas, County,Plumas County,5/25/2021,84,15201,3,1267,80,13087,1,847,18,969,66,7505,19,8474,California
Plumas, County,Plumas County,5/26/2021,41,15242,6,1273,27,13114,8,855,17,971,23,7528,25,8499,California
Plumas, County,Plumas County,5/27/2021,101,15343,25,1298,62,13176,14,869,41,967,59,7587,55,8554,California
Plumas, County,Plumas County,5/28/2021,44,15387,16,1314,26,13202,2,871,24,974,19,7606,26,8580,California
Plumas, County,Plumas County,5/29/2021,9,15396,0,1314,9,13211,0,871,6,979,2,7608,7,8587,California
Plumas, County,Plumas County,5/30/2021,1,15397,0,1314,1,13212,0,871,0,979,0,7608,0,8587,California
Plumas, County,Plumas County,5/31/2021,7,15404,0,1314,4,13216,3,874,0,977,5,7613,3,8590,California
Plumas, County,Plumas County,6/1/2021,35,15439,9,1323,20,13236,6,880,9,967,26,7639,16,8606,California
Plumas, County,Plumas County,6/2/2021,66,15505,5,1328,38,13274,23,903,12,948,54,7693,35,8641,California
Plumas, County,Plumas County,6/3/2021,67,15572,17,1345,40,13314,10,913,28,947,39,7732,38,8679,California
Plumas, County,Plumas County,6/4/2021,15,15587,3,1348,11,13325,1,914,8,951,5,7737,9,8688,California
Plumas, County,Plumas County,6/5/2021,7,15594,3,1351,4,13329,0,914,2,948,5,7742,2,8690,California
Plumas, County,Plumas County,6/6/2021,3,15597,1,1352,2,13331,0,914,0,945,3,7745,0,8690,California
Plumas, County,Plumas County,6/7/2021,37,15634,5,1357,24,13355,8,922,8,932,29,7774,16,8706,California
Plumas, County,Plumas County,6/8/2021,32,15666,9,1366,21,13376,2,924,9,920,23,7797,11,8717,California
Plumas, County,Plumas County,6/9/2021,43,15709,6,1372,34,13410,3,927,10,900,33,7830,13,8730,California
Plumas, County,Plumas County,6/10/2021,39,15748,15,1387,20,13430,4,931,14,895,23,7853,18,8748,California
Plumas, County,Plumas County,6/11/2021,25,15773,13,1400,9,13439,3,934,7,887,18,7871,10,8758,California
Plumas, County,Plumas County,6/12/2021,11,15784,3,1403,7,13446,1,935,6,889,5,7876,7,8765,California
Plumas, County,Plumas County,6/13/2021,3,15787,1,1404,2,13448,0,935,3,892,0,7876,3,8768,California
Plumas, County,Plumas County,6/14/2021,97,15884,88,1492,6,13454,3,938,11,820,86,7962,14,8782,California
Plumas, County,Plumas County,6/15/2021,30,15914,7,1499,21,13475,2,940,9,810,21,7983,11,8793,California
Plumas, County,Plumas County,6/16/2021,34,15948,11,1510,13,13488,10,950,9,804,25,8008,19,8812,California
Plumas, County,Plumas County,6/17/2021,50,15998,31,1541,15,13503,4,954,11,781,38,8046,15,8827,California
Plumas, County,Plumas County,6/18/2021,39,16037,17,1558,14,13517,8,962,13,775,26,8072,20,8847,California
Plumas, County,Plumas County,6/19/2021,9,16046,2,1560,7,13524,0,962,2,770,7,8079,2,8849,California
Plumas, County,Plumas County,6/20/2021,1,16047,1,1561,0,13524,0,962,1,771,0,8079,1,8850,California
Plumas, County,Plumas County,6/21/2021,10,16057,5,1566,4,13528,1,963,6,774,4,8083,7,8857,California
Plumas, County,Plumas County,6/22/2021,31,16088,12,1578,17,13545,2,965,11,767,20,8103,13,8870,California
Plumas, County,Plumas County,6/23/2021,29,16117,15,1593,10,13555,4,969,15,773,13,8116,19,8889,California
Plumas, County,Plumas County,6/24/2021,31,16148,20,1613,8,13563,3,972,15,775,15,8131,17,8906,California
Plumas, County,Plumas County,6/25/2021,22,16170,9,1622,11,13574,2,974,8,773,12,8143,10,8916,California
Plumas, County,Plumas County,6/26/2021,13,16183,4,1626,8,13582,1,975,3,767,10,8153,4,8920,California
Plumas, County,Plumas County,6/27/2021,0,16183,0,1626,0,13582,0,975,0,767,0,8153,0,8920,California
Plumas, County,Plumas County,6/28/2021,11,16194,5,1631,2,13584,4,979,2,764,9,8162,6,8926,California
Plumas, County,Plumas County,6/29/2021,24,16218,16,1647,7,13591,1,980,11,763,13,8175,12,8938,California
Plumas, County,Plumas County,6/30/2021,23,16241,9,1656,10,13601,4,984,9,762,14,8189,13,8951,California
Plumas, County,Plumas County,7/1/2021,45,16286,30,1686,11,13612,4,988,23,767,22,8211,27,8978,California
Plumas, County,Plumas County,7/2/2021,18,16304,13,1699,4,13616,1,989,4,758,13,8224,4,8982,California
Plumas, County,Plumas County,7/3/2021,1,16305,0,1699,1,13617,0,989,1,759,0,8224,1,8983,California
Plumas, County,Plumas County,7/4/2021,0,16305,0,1699,0,13617,0,989,0,759,0,8224,0,8983,California
Plumas, County,Plumas County,7/5/2021,0,16305,0,1699,0,13617,0,989,0,759,0,8224,0,8983,California
Plumas, County,Plumas County,7/6/2021,32,16337,17,1716,12,13629,3,992,10,749,22,8246,12,8995,California
Plumas, County,Plumas County,7/7/2021,23,16360,14,1730,8,13637,1,993,11,749,12,8258,12,9007,California
Plumas, County,Plumas County,7/8/2021,31,16391,8,1738,13,13650,10,1003,13,754,18,8276,23,9030,California
Plumas, County,Plumas County,7/9/2021,15,16406,10,1748,2,13652,3,1006,7,756,8,8284,10,9040,California
Plumas, County,Plumas County,7/10/2021,9,16415,1,1749,7,13659,1,1007,2,752,7,8291,3,9043,California
Plumas, County,Plumas County,7/11/2021,3,16418,1,1750,2,13661,0,1007,2,753,1,8292,2,9045,California
Plumas, County,Plumas County,7/12/2021,8,16426,5,1755,3,13664,0,1007,4,753,4,8296,4,9049,California
Plumas, County,Plumas County,7/13/2021,21,16447,12,1767,7,13671,2,1009,11,756,10,8306,13,9062,California
Plumas, County,Plumas County,7/14/2021,30,16477,16,1783,11,13682,3,1012,14,758,15,8321,17,9079,California
Plumas, County,Plumas County,7/15/2021,38,16515,27,1810,10,13692,1,1013,22,766,16,8337,24,9103,California
Plumas, County,Plumas County,7/16/2021,29,16544,13,1823,14,13706,2,1015,12,763,17,8354,14,9117,California
Plumas, County,Plumas County,7/17/2021,7,16551,4,1827,3,13709,0,1015,2,760,5,8359,2,9119,California
Plumas, County,Plumas County,7/18/2021,0,16551,0,1827,0,13709,0,1015,0,760,0,8359,0,9119,California
Plumas, County,Plumas County,7/19/2021,6,16557,3,1830,3,13712,0,1015,2,758,4,8363,2,9121,California
Plumas, County,Plumas County,7/20/2021,37,16594,21,1851,10,13722,6,1021,9,745,28,8391,15,9136,California
Plumas, County,Plumas County,7/21/2021,20,16614,13,1864,1,13723,6,1027,12,755,8,8399,18,9154,California
Plumas, County,Plumas County,7/22/2021,37,16651,26,1890,8,13731,3,1030,13,747,24,8423,16,9170,California
Plumas, County,Plumas County,7/23/2021,13,16664,8,1898,5,13736,0,1030,7,748,6,8429,7,9177,California
Plumas, County,Plumas County,7/24/2021,3,16667,0,1898,3,13739,0,1030,2,749,1,8430,2,9179,California
Plumas, County,Plumas County,7/25/2021,1,16668,1,1899,0,13739,0,1030,1,750,0,8430,1,9180,California
Plumas, County,Plumas County,7/26/2021,7,16675,5,1904,0,13739,2,1032,5,755,2,8432,7,9187,California
Plumas, County,Plumas County,7/27/2021,21,16696,14,1918,6,13745,1,1033,12,759,9,8441,13,9200,California
Plumas, County,Plumas County,7/28/2021,19,16715,9,1927,8,13753,2,1035,7,756,12,8453,9,9209,California
Plumas, County,Plumas County,7/29/2021,28,16743,14,1941,10,13763,4,1039,15,762,13,8466,19,9228,California
Plumas, County,Plumas County,7/30/2021,34,16777,21,1962,6,13769,7,1046,20,776,12,8478,26,9254,California
Plumas, County,Plumas County,7/31/2021,7,16784,2,1964,4,13773,1,1047,5,780,2,8480,6,9260,California
Plumas, County,Plumas County,8/1/2021,5,16789,3,1967,1,13774,1,1048,4,784,1,8481,5,9265,California
Plumas, County,Plumas County,8/2/2021,11,16800,5,1972,5,13779,1,1049,5,784,6,8487,6,9271,California
Plumas, County,Plumas County,8/3/2021,18,16818,7,1979,10,13789,1,1050,14,795,4,8491,15,9286,California
Plumas, County,Plumas County,8/4/2021,40,16858,21,2000,11,13800,8,1058,24,813,14,8505,32,9318,California
Plumas, County,Plumas County,8/5/2021,41,16899,23,2023,12,13812,6,1064,14,807,26,8531,20,9338,California
Plumas, County,Plumas County,8/6/2021,30,16929,21,2044,6,13818,3,1067,17,815,12,8543,20,9358,California
Plumas, County,Plumas County,8/7/2021,13,16942,9,2053,4,13822,0,1067,12,826,1,8544,12,9370,California
Plumas, County,Plumas County,8/8/2021,4,16946,4,2057,0,13822,0,1067,4,830,0,8544,4,9374,California
Plumas, County,Plumas County,8/9/2021,9,16955,5,2062,4,13826,0,1067,8,838,0,8544,8,9382,California
Plumas, County,Plumas County,8/10/2021,15,16970,11,2073,1,13827,3,1070,11,848,4,8548,14,9396,California
Riverside, County,Riverside County,12/15/2020,7,7,7,7,0,0,0,0,7,7,0,0,7,7,California
Riverside, County,Riverside County,12/16/2020,97,104,97,104,0,0,0,0,97,104,0,0,97,104,California
Riverside, County,Riverside County,12/17/2020,854,958,854,958,0,0,0,0,854,958,0,0,854,958,California
Riverside, County,Riverside County,12/18/2020,1810,2768,1808,2766,2,2,0,0,1810,2768,0,0,1810,2768,California
Riverside, County,Riverside County,12/19/2020,1071,3839,1068,3834,3,5,0,0,1069,3836,1,1,1069,3837,California
Riverside, County,Riverside County,12/20/2020,1123,4962,1121,4955,2,7,0,0,1123,4959,0,1,1123,4960,California
Riverside, County,Riverside County,12/21/2020,2362,7324,2361,7316,1,8,0,0,2361,7320,0,1,2361,7321,California
Riverside, County,Riverside County,12/22/2020,2343,9667,2294,9610,49,57,0,0,2343,9663,0,1,2343,9664,California
Riverside, County,Riverside County,12/23/2020,2183,11850,1819,11429,364,421,0,0,2183,11846,0,1,2183,11847,California
Riverside, County,Riverside County,12/24/2020,860,12710,651,12080,209,630,0,0,860,12706,0,1,860,12707,California
Riverside, County,Riverside County,12/25/2020,42,12752,18,12098,24,654,0,0,41,12747,0,1,41,12748,California
Riverside, County,Riverside County,12/26/2020,500,13252,278,12376,222,876,0,0,500,13247,0,1,500,13248,California
Riverside, County,Riverside County,12/27/2020,397,13649,268,12644,129,1005,0,0,396,13642,1,2,396,13644,California
Riverside, County,Riverside County,12/28/2020,1739,15388,1208,13852,531,1536,0,0,1739,15381,0,2,1739,15383,California
Riverside, County,Riverside County,12/29/2020,1853,17241,1048,14900,805,2341,0,0,1853,17234,0,2,1853,17236,California
Riverside, County,Riverside County,12/30/2020,2713,19954,1754,16654,959,3300,0,0,2712,19945,1,3,2712,19948,California
Riverside, County,Riverside County,12/31/2020,1090,21044,428,17082,662,3962,0,0,1091,21035,1,4,1091,21039,California
Riverside, County,Riverside County,1/1/2021,148,21192,63,17145,85,4047,0,0,148,21183,0,4,148,21187,California
Riverside, County,Riverside County,1/2/2021,932,22124,724,17869,208,4255,0,0,932,22115,0,4,932,22119,California
Riverside, County,Riverside County,1/3/2021,366,22490,308,18177,58,4313,0,0,365,22480,0,4,365,22484,California
Riverside, County,Riverside County,1/4/2021,1342,23832,828,19005,514,4827,0,0,1339,23817,2,6,1339,23823,California
Riverside, County,Riverside County,1/5/2021,2098,25930,1429,20434,669,5496,0,0,1971,25667,121,127,1971,25794,California
Riverside, County,Riverside County,1/6/2021,2629,28559,1172,21606,1457,6953,0,0,2281,27607,341,468,2281,28075,California
Riverside, County,Riverside County,1/7/2021,2961,31520,1916,23522,1045,7998,0,0,1827,28313,1124,1592,1830,29905,California
Riverside, County,Riverside County,1/8/2021,4223,35743,3025,26547,1198,9196,0,0,2324,28744,1894,3486,2325,32230,California
Riverside, County,Riverside County,1/9/2021,2168,37911,887,27434,1281,10477,0,0,1787,30152,379,3865,1787,34017,California
Riverside, County,Riverside County,1/10/2021,1709,39620,755,28189,954,11431,0,0,1090,30623,619,4484,1090,35107,California
Riverside, County,Riverside County,1/11/2021,4703,44323,3214,31403,1489,12920,0,0,2881,31684,1821,6305,2882,37989,California
Riverside, County,Riverside County,1/12/2021,3591,47914,2829,34232,762,13682,0,0,1848,31801,1738,8043,1855,39844,California
Riverside, County,Riverside County,1/13/2021,4643,52557,3036,37268,1607,15289,0,0,2992,33146,1647,9690,2992,42836,California
Riverside, County,Riverside County,1/14/2021,5849,58406,2075,39343,3774,19063,0,0,5230,37761,617,10307,5232,48068,California
Riverside, County,Riverside County,1/15/2021,6290,64696,2070,41413,4220,23283,0,0,5952,43378,336,10643,5953,54021,California
Riverside, County,Riverside County,1/16/2021,3755,68451,1052,42465,2703,25986,0,0,3485,46594,270,10913,3486,57507,California
Riverside, County,Riverside County,1/17/2021,3673,72124,615,43080,3058,29044,0,0,3463,49849,208,11121,3463,60970,California
Riverside, County,Riverside County,1/18/2021,3918,76042,2147,45227,1771,30815,0,0,2853,51639,1064,12185,2854,63824,California
Riverside, County,Riverside County,1/19/2021,7607,83649,2728,47955,4879,35694,0,0,6435,56910,1169,13354,6440,70264,California
Riverside, County,Riverside County,1/20/2021,8589,92238,3330,51285,5259,40953,0,0,6868,62077,1707,15061,6874,77138,California
Riverside, County,Riverside County,1/21/2021,8603,100841,3585,54870,5018,45971,0,0,7887,69249,716,15777,7888,85026,California
Riverside, County,Riverside County,1/22/2021,9042,109883,3071,57941,5971,51942,0,0,8557,77326,482,16259,8559,93585,California
Riverside, County,Riverside County,1/23/2021,6126,116009,2398,60339,3728,55670,0,0,5297,81798,827,17086,5299,98884,California
Riverside, County,Riverside County,1/24/2021,3138,119147,1452,61791,1686,57356,0,0,2909,84482,226,17312,2910,101794,California
Riverside, County,Riverside County,1/25/2021,8098,127245,4624,66415,3474,60830,0,0,6903,90195,1192,18504,6905,108699,California
Riverside, County,Riverside County,1/26/2021,9304,136549,5756,72171,3548,64378,0,0,7734,96363,1567,20071,7735,116434,California
Riverside, County,Riverside County,1/27/2021,11199,147748,6455,78626,4744,69122,0,0,9525,104222,1669,21740,9528,125962,California
Riverside, County,Riverside County,1/28/2021,11794,159542,6844,85470,4950,74072,0,0,10578,113595,1208,22948,10581,136543,California
Riverside, County,Riverside County,1/29/2021,12124,171666,7314,92784,4810,78882,0,0,10708,122917,1392,24340,10714,147257,California
Riverside, County,Riverside County,1/30/2021,9152,180818,4541,97325,4611,83493,0,0,8623,131019,524,24864,8626,155883,California
Riverside, County,Riverside County,1/31/2021,5351,186169,4368,101693,983,84476,0,0,5201,136077,147,25011,5205,161088,California
Riverside, County,Riverside County,2/1/2021,11588,197757,7198,108891,4390,88866,0,0,9535,143572,2044,27055,9539,170627,California
Riverside, County,Riverside County,2/2/2021,9914,207671,5051,113942,4863,93729,0,0,8342,150364,1557,28612,8349,178976,California
Riverside, County,Riverside County,2/3/2021,12633,220304,5368,119310,7265,100994,0,0,10114,157975,2509,31121,10120,189096,California
Riverside, County,Riverside County,2/4/2021,13854,234158,6075,125385,7779,108773,0,0,11606,167359,2237,33358,11621,200717,California
Riverside, County,Riverside County,2/5/2021,14741,248899,5523,130908,9218,117991,0,0,11467,175571,3265,36623,11477,212194,California
Riverside, County,Riverside County,2/6/2021,7408,256307,4291,135199,3117,121108,0,0,5718,179615,1678,38301,5722,217916,California
Riverside, County,Riverside County,2/7/2021,2248,258555,824,136023,1424,122532,0,0,1897,181170,349,38650,1904,219820,California
Riverside, County,Riverside County,2/8/2021,12719,271274,5633,141656,7086,129618,0,0,10274,189032,2427,41077,10289,230109,California
Riverside, County,Riverside County,2/9/2021,9993,281267,4694,146350,5299,134917,0,0,7902,194878,2077,43154,7923,238032,California
Riverside, County,Riverside County,2/10/2021,12522,293789,7211,153561,5311,140228,0,0,9155,200700,3354,46508,9176,247208,California
Riverside, County,Riverside County,2/11/2021,17054,310843,9161,162722,7893,148121,0,0,12327,208362,4702,51210,12364,259572,California
Riverside, County,Riverside County,2/12/2021,18125,328968,10902,173624,7223,155344,0,0,12966,216248,5109,56319,12995,272567,California
Riverside, County,Riverside County,2/13/2021,6532,335500,2215,175839,4317,159661,0,0,3172,216106,3345,59664,3203,275770,California
Riverside, County,Riverside County,2/14/2021,5084,340584,1202,177041,3882,163543,0,0,2290,215623,2788,62452,2305,278075,California
Riverside, County,Riverside County,2/15/2021,10090,350674,5111,182152,4979,168522,0,0,5588,216752,4480,66932,5609,283684,California
Riverside, County,Riverside County,2/16/2021,16498,367172,10289,192441,6209,174731,0,0,9461,219220,7020,73952,9488,293172,California
Riverside, County,Riverside County,2/17/2021,15488,382660,8478,200919,7010,181741,0,0,7654,219112,7817,81769,7709,300881,California
Riverside, County,Riverside County,2/18/2021,15912,398572,9120,210039,6792,188533,0,0,8159,219589,7728,89497,8205,309086,California
Riverside, County,Riverside County,2/19/2021,15806,414378,8445,218484,7361,195894,0,0,7449,218739,8326,97823,7476,316562,California
Riverside, County,Riverside County,2/20/2021,8637,423015,4653,223137,3984,199878,0,0,2274,214687,6337,104160,2285,318847,California
Riverside, County,Riverside County,2/21/2021,4661,427676,4097,227234,564,200442,0,0,1290,212643,3348,107508,1304,320151,California
Riverside, County,Riverside County,2/22/2021,13181,440857,8301,235535,4880,205322,0,0,5182,209871,7966,115474,5194,325345,California
Riverside, County,Riverside County,2/23/2021,12152,453009,8282,243817,3870,209192,0,0,5873,209537,6239,121713,5905,331250,California
Riverside, County,Riverside County,2/24/2021,15864,468873,8728,252545,7136,216328,0,0,6678,207145,9131,130844,6739,337989,California
Riverside, County,Riverside County,2/25/2021,18427,487300,7949,260494,10478,226806,0,0,8452,205732,9936,140780,8523,346512,California
Riverside, County,Riverside County,2/26/2021,19784,507084,7179,267673,12605,239411,0,0,9820,205735,9890,150670,9893,356405,California
Riverside, County,Riverside County,2/27/2021,12863,519947,5945,273618,6918,246329,0,0,6096,205167,6723,157393,6155,362560,California
Riverside, County,Riverside County,2/28/2021,5261,525208,3481,277099,1780,248109,0,0,2581,205125,2655,160048,2613,365173,California
Riverside, County,Riverside County,3/1/2021,14936,540144,6374,283473,8554,256663,8,8,8777,207860,6105,166153,8840,374013,California
Riverside, County,Riverside County,3/2/2021,16162,556306,7941,291414,8219,264882,2,10,9385,210570,6737,172890,9447,383460,California
Riverside, County,Riverside County,3/3/2021,17727,574033,8804,300218,8921,273803,2,12,7692,208457,9975,182865,7862,391322,California
Riverside, County,Riverside County,3/4/2021,19338,593371,7733,307951,11601,285404,4,16,9163,207707,10123,192988,9373,400695,California
Riverside, County,Riverside County,3/5/2021,19395,612766,7828,315779,11516,296920,51,67,9523,207800,9816,202804,9909,410604,California
Riverside, County,Riverside County,3/6/2021,9819,622585,5213,320992,4123,301043,483,550,4839,208203,4964,207768,5367,415971,California
Riverside, County,Riverside County,3/7/2021,4521,627106,2843,323835,1215,302258,463,1013,2080,208352,2429,210197,2578,418549,California
Riverside, County,Riverside County,3/8/2021,12253,639359,4871,328706,6947,309205,435,1448,5469,207575,6762,216959,5985,424534,California
Riverside, County,Riverside County,3/9/2021,15089,654448,7036,335742,7533,316738,520,1968,5950,205085,9111,226070,6621,431155,California
Riverside, County,Riverside County,3/10/2021,16331,670779,8747,344489,6634,323372,950,2918,6342,202626,9941,236011,7482,438637,California
Riverside, County,Riverside County,3/11/2021,19700,690479,9656,354145,8163,331535,1881,4799,7666,200409,11989,248000,9772,448409,California
Riverside, County,Riverside County,3/12/2021,21435,711914,7996,362141,8667,340202,4772,9571,7074,198260,14313,262313,12164,460573,California
Riverside, County,Riverside County,3/13/2021,8721,720635,2585,364726,4878,345080,1258,10829,4424,199779,4264,266577,5783,466356,California
Riverside, County,Riverside County,3/14/2021,4876,725511,1673,366399,1835,346915,1368,12197,2126,200545,2734,269311,3500,469856,California
Riverside, County,Riverside County,3/15/2021,18894,744405,7944,374343,9275,356190,1675,13872,9169,201831,9674,278985,10960,480816,California
Riverside, County,Riverside County,3/16/2021,21188,765593,10310,384653,10058,366248,820,14692,11350,204325,9791,288776,12285,493101,California
Riverside, County,Riverside County,3/17/2021,21728,787321,11140,395793,9518,375766,1070,15762,12927,209639,8742,297518,14056,507157,California
Riverside, County,Riverside County,3/18/2021,23215,810536,12017,407810,9515,385281,1683,17445,12617,213419,10534,308052,14314,521471,California
Riverside, County,Riverside County,3/19/2021,24524,835060,12854,420664,10686,395967,984,18429,14130,218574,10323,318375,15478,536949,California
Riverside, County,Riverside County,3/20/2021,11068,846128,6987,427651,2866,398833,1215,19644,6965,222723,4060,322435,8209,545158,California
Riverside, County,Riverside County,3/21/2021,3955,850083,3038,430689,635,399468,282,19926,2595,224269,1334,323769,2880,548038,California
Riverside, County,Riverside County,3/22/2021,16834,866917,10053,440742,6228,405696,553,20479,10534,229118,6237,330006,11086,559124,California
Riverside, County,Riverside County,3/23/2021,18868,885785,10668,451410,7775,413471,425,20904,11886,234543,6913,336919,12338,571462,California
Riverside, County,Riverside County,3/24/2021,19020,904805,10585,461995,8315,421786,120,21024,12831,241398,6127,343046,12982,584444,California
Riverside, County,Riverside County,3/25/2021,21448,926253,11833,473828,9434,431220,181,21205,14155,248548,7206,350252,14356,598800,California
Riverside, County,Riverside County,3/26/2021,24435,950688,12071,485899,12204,443424,160,21365,14937,254270,9387,359639,15109,613909,California
Riverside, County,Riverside County,3/27/2021,9521,960209,4994,490893,3472,446896,1055,22420,4850,255545,4635,364274,5910,619819,California
Riverside, County,Riverside County,3/28/2021,4879,965088,3191,494084,1591,448487,97,22517,2854,256489,2011,366285,2955,622774,California
Riverside, County,Riverside County,3/29/2021,17895,982983,8545,502629,9221,457708,129,22646,10869,260544,6973,373258,11028,633802,California
Riverside, County,Riverside County,3/30/2021,18558,1001541,9664,512293,8681,466389,213,22859,11695,265642,6815,380073,11913,645715,California
Riverside, County,Riverside County,3/31/2021,18422,1019963,8556,520849,9533,475922,333,23192,11380,270386,6983,387056,11727,657442,California
Riverside, County,Riverside County,4/1/2021,25828,1045791,12605,533454,12417,488339,806,23998,16501,278466,9229,396285,17309,674751,California
Riverside, County,Riverside County,4/2/2021,26422,1072213,14180,547634,11253,499592,989,24987,16439,286201,9912,406197,17647,692398,California
Riverside, County,Riverside County,4/3/2021,9496,1081709,6011,553645,2861,502453,624,25611,6084,289520,3387,409584,6706,699104,California
Riverside, County,Riverside County,4/4/2021,3461,1085170,2081,555726,1112,503565,268,25879,1727,289797,1719,411303,1996,701100,California
Riverside, County,Riverside County,4/5/2021,18723,1103893,9530,565256,7289,510854,1904,27783,9997,293025,8680,419983,11908,713008,California
Riverside, County,Riverside County,4/6/2021,24032,1127925,12478,577734,9371,520225,2183,29966,13350,297919,10626,430609,15520,728528,California
Riverside, County,Riverside County,4/7/2021,25160,1153085,13520,591254,9086,529311,2554,32520,13929,303224,11172,441781,16477,745005,California
Riverside, County,Riverside County,4/8/2021,27729,1180814,15264,606518,9412,538723,3053,35573,16847,312308,10803,452584,19887,764892,California
Riverside, County,Riverside County,4/9/2021,26738,1207552,15627,622145,8570,547293,2541,38114,16242,320687,10434,463018,18813,783705,California
Riverside, County,Riverside County,4/10/2021,12242,1219794,6805,628950,4013,551306,1424,39538,5371,320650,6824,469842,6787,790492,California
Riverside, County,Riverside County,4/11/2021,4726,1224520,2806,631756,1282,552588,638,40176,2216,321014,2495,472337,2859,793351,California
Riverside, County,Riverside County,4/12/2021,20401,1244921,9062,640818,8656,561244,2683,42859,10147,323643,10207,482544,12836,806187,California
Riverside, County,Riverside County,4/13/2021,20310,1265231,11350,652168,8932,570176,28,42887,11587,326588,8679,491223,11624,817811,California
Riverside, County,Riverside County,4/14/2021,22571,1287802,12412,664580,10144,580320,15,42902,11050,326232,11444,502667,11088,828899,California
Riverside, County,Riverside County,4/15/2021,22368,1310170,12644,677224,9716,590036,8,42910,11743,327448,10549,513216,11765,840664,California
Riverside, County,Riverside County,4/16/2021,25539,1335709,14695,691919,10837,600873,7,42917,11793,325585,13678,526894,11815,852479,California
Riverside, County,Riverside County,4/17/2021,10020,1345729,6635,698554,3385,604258,0,42917,4991,325588,4999,531893,5002,857481,California
Riverside, County,Riverside County,4/18/2021,4250,1349979,3150,701704,1093,605351,7,42924,1950,325274,2282,534175,1968,859449,California
Riverside, County,Riverside County,4/19/2021,19751,1369730,11713,713417,8035,613386,3,42927,7023,319641,12674,546849,7041,866490,California
Riverside, County,Riverside County,4/20/2021,19707,1389437,10601,724018,9097,622483,9,42936,7992,315991,11658,558507,8008,874498,California
Riverside, County,Riverside County,4/21/2021,21051,1410488,12439,736457,8601,631084,11,42947,8420,311889,12547,571054,8445,882943,California
Riverside, County,Riverside County,4/22/2021,24160,1434648,14316,750773,9839,640923,5,42952,9029,305879,15055,586109,9045,891988,California
Riverside, County,Riverside County,4/23/2021,24246,1458894,14387,765160,9844,650767,15,42967,9487,300717,14688,600797,9526,901514,California
Riverside, County,Riverside County,4/24/2021,10720,1469614,7405,772565,3306,654073,9,42976,4911,299875,5764,606561,4922,906436,California
Riverside, County,Riverside County,4/25/2021,4283,1473897,2873,775438,1403,655476,7,42983,2211,300042,2053,608614,2220,908656,California
Riverside, County,Riverside County,4/26/2021,17653,1491550,11077,786515,6517,661993,59,43042,6011,294537,11593,620207,6088,914744,California
Riverside, County,Riverside County,4/27/2021,18810,1510360,10808,797323,7794,669787,208,43250,6573,289144,12185,632392,6792,921536,California
Riverside, County,Riverside County,4/28/2021,17146,1527506,9348,806671,7529,677316,269,43519,5846,284041,11227,643619,6124,927660,California
Riverside, County,Riverside County,4/29/2021,19483,1546989,12017,818688,7110,684426,356,43875,5671,276343,13729,657348,6031,933691,California
Riverside, County,Riverside County,4/30/2021,20767,1567756,12042,830730,8329,692755,396,44271,6801,269646,13895,671243,7198,940889,California
Riverside, County,Riverside County,5/1/2021,6990,1574746,4982,835712,1822,694577,186,44457,2397,267669,4558,675801,2581,943470,California
Riverside, County,Riverside County,5/2/2021,3387,1578133,2270,837982,904,695481,213,44670,1108,266740,2259,678060,1330,944800,California
Riverside, County,Riverside County,5/3/2021,18346,1596479,11300,849282,6546,702027,500,45170,4263,257501,14003,692063,4764,949564,California
Riverside, County,Riverside County,5/4/2021,17955,1614434,11473,860755,6012,708039,470,45640,5072,250256,12801,704864,5556,955120,California
Riverside, County,Riverside County,5/5/2021,16590,1631024,9562,870317,6652,714691,376,46016,4789,243710,11736,716600,5190,960310,California
Riverside, County,Riverside County,5/6/2021,18594,1649618,10589,880906,7587,722278,418,46434,4767,235201,13736,730336,5227,965537,California
Riverside, County,Riverside County,5/7/2021,21094,1670712,12057,892963,8586,730864,451,46885,5630,225913,15373,745709,6085,971622,California
Riverside, County,Riverside County,5/8/2021,7207,1677919,4768,897731,2171,733035,268,47153,2687,224393,4483,750192,2963,974585,California
Riverside, County,Riverside County,5/9/2021,2506,1680425,1701,899432,646,733681,159,47312,924,223911,1573,751765,1091,975676,California
Riverside, County,Riverside County,5/10/2021,10366,1690791,5342,904774,4622,738303,402,47714,2932,219874,7375,759140,3338,979014,California
Riverside, County,Riverside County,5/11/2021,14589,1705380,8938,913712,5123,743426,528,48242,4072,214067,10425,769565,4618,983632,California
Riverside, County,Riverside County,5/12/2021,13261,1718641,6801,920513,6119,749545,341,48583,3996,209197,9211,778776,4341,987973,California
Riverside, County,Riverside County,5/13/2021,15452,1734093,9462,929975,5705,755250,285,48868,5496,205092,9899,788675,5794,993767,California
Riverside, County,Riverside County,5/14/2021,18619,1752712,11806,941781,6013,761263,800,49668,7262,201869,11282,799957,8059,1001826,California
Riverside, County,Riverside County,5/15/2021,10062,1762774,7247,949028,2406,763669,409,50077,5187,202631,4836,804793,5598,1007424,California
Riverside, County,Riverside County,5/16/2021,3736,1766510,2775,951803,844,764513,117,50194,1861,202752,1856,806649,1977,1009401,California
Riverside, County,Riverside County,5/17/2021,11979,1778489,7683,959486,3941,768454,355,50549,5183,201532,6763,813412,5543,1014944,California
Riverside, County,Riverside County,5/18/2021,15359,1793848,9546,969032,5455,773909,358,50907,6216,199016,9093,822505,6577,1021521,California
Riverside, County,Riverside County,5/19/2021,12333,1806181,7796,976828,4291,778200,246,51153,5937,198860,6341,828846,6185,1027706,California
Riverside, County,Riverside County,5/20/2021,12147,1818328,7620,984448,4266,782466,261,51414,5396,197818,6701,835547,5659,1033365,California
Riverside, County,Riverside County,5/21/2021,14697,1833025,9059,993507,5309,787775,329,51743,6153,195834,8469,844016,6485,1039850,California
Riverside, County,Riverside County,5/22/2021,7319,1840344,4981,998488,2136,789911,202,51945,3910,196587,3360,847376,4113,1043963,California
Riverside, County,Riverside County,5/23/2021,2748,1843092,1861,1000349,810,790721,77,52022,1300,196531,1433,848809,1377,1045340,California
Riverside, County,Riverside County,5/24/2021,9035,1852127,5893,1006242,2828,793549,314,52336,4018,195881,4984,853793,4334,1049674,California
Riverside, County,Riverside County,5/25/2021,9808,1861935,5821,1012063,3708,797257,279,52615,3899,194194,5867,859660,4180,1053854,California
Riverside, County,Riverside County,5/26/2021,8973,1870908,5566,1017629,3079,800336,328,52943,3910,193434,5008,864668,4248,1058102,California
Riverside, County,Riverside County,5/27/2021,8604,1879512,5156,1022785,3209,803545,239,53182,3881,192888,4672,869340,4126,1062228,California
Riverside, County,Riverside County,5/28/2021,10862,1890374,6561,1029346,3985,807530,316,53498,4976,192368,5822,875162,5302,1067530,California
Riverside, County,Riverside County,5/29/2021,5053,1895427,3459,1032805,1466,808996,128,53626,2827,193125,2201,877363,2958,1070488,California
Riverside, County,Riverside County,5/30/2021,2000,1897427,1435,1034240,494,809490,71,53697,1027,193258,966,878329,1099,1071587,California
Riverside, County,Riverside County,5/31/2021,901,1898328,508,1034748,359,809849,34,53731,344,193083,553,878882,378,1071965,California
Riverside, County,Riverside County,6/1/2021,9260,1907588,5716,1040464,3302,813151,242,53973,3470,191062,5733,884615,3712,1075677,California
Riverside, County,Riverside County,6/2/2021,7177,1914765,4385,1044849,2512,815663,280,54253,2753,189720,4378,888993,3036,1078713,California
Riverside, County,Riverside County,6/3/2021,8025,1922790,5333,1050182,2418,818081,274,54527,2723,187460,5255,894248,2995,1081708,California
Riverside, County,Riverside County,6/4/2021,10845,1933635,7716,1057898,2869,820950,260,54787,3729,184390,7063,901311,3993,1085701,California
Riverside, County,Riverside County,6/5/2021,7039,1940674,5191,1063089,1291,822241,557,55344,2198,182332,4818,906129,2760,1088461,California
Riverside, County,Riverside County,6/6/2021,2232,1942906,1892,1064981,288,822529,52,55396,692,181547,1531,907660,746,1089207,California
Riverside, County,Riverside County,6/7/2021,7031,1949937,5323,1070304,1475,824004,233,55629,2295,179370,4705,912365,2528,1091735,California
Riverside, County,Riverside County,6/8/2021,9161,1959098,6625,1076929,2256,826260,280,55909,2989,176527,6115,918480,3272,1095007,California
Riverside, County,Riverside County,6/9/2021,7832,1966930,5688,1082617,1845,828105,299,56208,2401,173846,5380,923860,2699,1097706,California
Riverside, County,Riverside County,6/10/2021,7669,1974599,5379,1087996,2050,830155,240,56448,2367,171185,5272,929132,2611,1100317,California
Riverside, County,Riverside County,6/11/2021,9144,1983743,6227,1094223,2617,832772,300,56748,3154,168707,5933,935065,3455,1103772,California
Riverside, County,Riverside County,6/12/2021,5400,1989143,3994,1098217,1279,834051,127,56875,1668,166810,3699,938764,1802,1105574,California
Riverside, County,Riverside County,6/13/2021,1808,1990951,1341,1099558,422,834473,45,56920,501,166061,1294,940058,545,1106119,California
Riverside, County,Riverside County,6/14/2021,6478,1997429,4647,1104205,1520,835993,311,57231,2121,164164,4325,944383,2428,1108547,California
Riverside, County,Riverside County,6/15/2021,7186,2004615,4889,1109094,1980,837973,317,57548,2679,162709,4457,948840,3002,1111549,California
Riverside, County,Riverside County,6/16/2021,6905,2011520,4757,1113851,1832,839805,316,57864,2453,161070,4408,953248,2769,1114318,California
Riverside, County,Riverside County,6/17/2021,6515,2018035,4562,1118413,1705,841510,248,58112,2420,159683,4059,957307,2672,1116990,California
Riverside, County,Riverside County,6/18/2021,8323,2026358,5998,1124411,2040,843550,285,58397,3392,158480,4883,962190,3680,1120670,California
Riverside, County,Riverside County,6/19/2021,4330,2030688,3311,1127722,865,844415,154,58551,1806,157945,2501,964691,1966,1122636,California
Riverside, County,Riverside County,6/20/2021,1521,2032209,1153,1128875,330,844745,38,58589,586,157644,926,965617,625,1123261,California
Riverside, County,Riverside County,6/21/2021,4346,2036555,2872,1131747,1190,845935,284,58873,2244,158088,2084,967701,2528,1125789,California
Riverside, County,Riverside County,6/22/2021,6414,2042969,4511,1136258,1650,847585,253,59126,2761,157485,3615,971316,3012,1128801,California
Riverside, County,Riverside County,6/23/2021,5625,2048594,3993,1140251,1372,848957,260,59386,2606,157368,2985,974301,2868,1131669,California
Riverside, County,Riverside County,6/24/2021,5540,2054134,3765,1144016,1525,850482,250,59636,2406,156928,3098,977399,2658,1134327,California
Riverside, County,Riverside County,6/25/2021,6923,2061057,4958,1148974,1681,852163,284,59920,3001,156328,3889,981288,3289,1137616,California
Riverside, County,Riverside County,6/26/2021,3852,2064909,2966,1151940,760,852923,126,60046,1777,156177,2054,983342,1903,1139519,California
Riverside, County,Riverside County,6/27/2021,1504,2066413,1211,1153151,248,853171,45,60091,692,156113,801,984143,737,1140256,California
Riverside, County,Riverside County,6/28/2021,4332,2070745,3374,1156525,730,853901,228,60319,2034,156110,2267,986410,2264,1142520,California
Riverside, County,Riverside County,6/29/2021,5692,2076437,4216,1160741,1301,855202,175,60494,2609,155848,3047,989457,2785,1145305,California
Riverside, County,Riverside County,6/30/2021,5007,2081444,3693,1164434,1141,856343,173,60667,2426,155935,2511,991968,2598,1147903,California
Riverside, County,Riverside County,7/1/2021,4769,2086213,3312,1167746,1149,857492,308,60975,2224,155960,2515,994483,2540,1150443,California
Riverside, County,Riverside County,7/2/2021,5935,2092148,4444,1172190,1292,858784,199,61174,2777,155821,3115,997598,2976,1153419,California
Riverside, County,Riverside County,7/3/2021,2887,2095035,2158,1174348,649,859433,80,61254,1417,155879,1440,999038,1498,1154917,California
Riverside, County,Riverside County,7/4/2021,247,2095282,141,1174489,97,859530,9,61263,100,155844,144,999182,109,1155026,California
Riverside, County,Riverside County,7/5/2021,2595,2097877,2026,1176515,508,860038,61,61324,1260,155840,1325,1000507,1321,1156347,California
Riverside, County,Riverside County,7/6/2021,5576,2103453,4112,1180627,1236,861274,228,61552,2263,155063,3269,1003776,2492,1158839,California
Riverside, County,Riverside County,7/7/2021,4600,2108053,3351,1183978,1051,862325,198,61750,2039,154779,2524,1006300,2240,1161079,California
Riverside, County,Riverside County,7/8/2021,4289,2112342,3051,1187029,1021,863346,217,61967,2019,154756,2253,1008553,2230,1163309,California
Riverside, County,Riverside County,7/9/2021,5563,2117905,4155,1191184,1155,864501,253,62220,2454,154384,3072,1011625,2700,1166009,California
Riverside, County,Riverside County,7/10/2021,3077,2120982,2314,1193498,682,865183,81,62301,1539,154489,1515,1013140,1620,1167629,California
Riverside, County,Riverside County,7/11/2021,1172,2122154,907,1194405,231,865414,34,62335,610,154578,555,1013695,644,1168273,California
Riverside, County,Riverside County,7/12/2021,3918,2126072,3047,1197452,715,866129,156,62491,1793,154423,2100,1015795,1945,1170218,California
Riverside, County,Riverside County,7/13/2021,4808,2130880,3589,1201041,1081,867210,138,62629,2364,154513,2413,1018208,2503,1172721,California
Riverside, County,Riverside County,7/14/2021,4679,2135559,3447,1204488,1104,868314,128,62757,2234,154454,2421,1020629,2362,1175083,California
Riverside, County,Riverside County,7/15/2021,4600,2140159,3349,1207837,1066,869380,185,62942,2235,154553,2324,1022953,2423,1177506,California
Riverside, County,Riverside County,7/16/2021,5860,2146019,4435,1212272,1256,870636,169,63111,2970,154842,2849,1025802,3138,1180644,California
Riverside, County,Riverside County,7/17/2021,3616,2149635,2780,1215052,761,871397,75,63186,1991,155306,1605,1027407,2069,1182713,California
Riverside, County,Riverside County,7/18/2021,1506,2151141,1156,1216208,291,871688,59,63245,791,155452,705,1028112,851,1183564,California
Riverside, County,Riverside County,7/19/2021,4327,2155468,3382,1219590,814,872502,131,63376,2285,155853,2017,1030129,2418,1185982,California
Riverside, County,Riverside County,7/20/2021,5321,2160789,3809,1223399,1272,873774,240,63616,2726,156259,2559,1032688,2965,1188947,California
Riverside, County,Riverside County,7/21/2021,5015,2165804,3656,1227055,1162,874936,197,63813,2570,156609,2422,1035110,2772,1191719,California
Riverside, County,Riverside County,7/22/2021,4962,2170766,3557,1230612,1276,876212,129,63942,2711,157235,2215,1037325,2841,1194560,California
Riverside, County,Riverside County,7/23/2021,6711,2177477,5074,1235686,1479,877691,158,64100,3935,158604,2728,1040053,4097,1198657,California
Riverside, County,Riverside County,7/24/2021,3831,2181308,2936,1238622,820,878511,75,64175,2242,159350,1574,1041627,2320,1200977,California
Riverside, County,Riverside County,7/25/2021,1634,2182942,1276,1239898,349,878860,9,64184,1260,160260,363,1041990,1273,1202250,California
Riverside, County,Riverside County,7/26/2021,4833,2187775,3612,1243510,1101,879961,120,64304,3182,161952,1611,1043601,3303,1205553,California
Riverside, County,Riverside County,7/27/2021,5731,2193506,4342,1247852,1214,881175,175,64479,3429,163300,2258,1045859,3606,1209159,California
Riverside, County,Riverside County,7/28/2021,5585,2199091,4074,1251926,1325,882500,186,64665,3415,164761,2138,1047997,3599,1212758,California
Riverside, County,Riverside County,7/29/2021,5478,2204569,4075,1256001,1270,883770,133,64798,3445,166360,1986,1049983,3585,1216343,California
Riverside, County,Riverside County,7/30/2021,6712,2211281,5154,1261155,1412,885182,146,64944,4073,167989,2594,1052577,4223,1220566,California
Riverside, County,Riverside County,7/31/2021,3943,2215224,2991,1264146,846,886028,106,65050,2459,169098,1455,1054032,2564,1223130,California
Riverside, County,Riverside County,8/1/2021,1911,2217135,1532,1265678,358,886386,21,65071,1318,169854,583,1054615,1339,1224469,California
Riverside, County,Riverside County,8/2/2021,5217,2222352,4100,1269778,966,887352,151,65222,3458,171740,1724,1056339,3610,1228079,California
Riverside, County,Riverside County,8/3/2021,6113,2228465,4616,1274394,1327,888679,170,65392,3827,173491,2244,1058583,3995,1232074,California
Riverside, County,Riverside County,8/4/2021,5488,2233953,4060,1278454,1283,889962,145,65537,3441,175071,2009,1060592,3589,1235663,California
Riverside, County,Riverside County,8/5/2021,5634,2239587,4248,1282702,1232,891194,154,65691,3558,176753,2028,1062620,3710,1239373,California
Riverside, County,Riverside County,8/6/2021,7366,2246953,5673,1288375,1450,892644,243,65934,4543,178784,2757,1065377,4788,1244161,California
Riverside, County,Riverside County,8/7/2021,4128,2251081,3218,1291593,837,893481,73,66007,2500,179754,1604,1066981,2574,1246735,California
Riverside, County,Riverside County,8/8/2021,1730,2252811,1260,1292853,453,893934,17,66024,1110,180273,608,1067589,1127,1247862,California
Riverside, County,Riverside County,8/9/2021,4138,2256949,2857,1295710,1109,895043,172,66196,2379,181084,1739,1069328,2550,1250412,California
Riverside, County,Riverside County,8/10/2021,2638,2259587,1900,1297610,539,895582,199,66395,1453,181566,1171,1070499,1653,1252065,California
Sacramento, County,Sacramento County,12/15/2020,313,313,313,313,0,0,0,0,313,313,0,0,313,313,California
Sacramento, County,Sacramento County,12/16/2020,681,994,681,994,0,0,0,0,681,994,0,0,681,994,California
Sacramento, County,Sacramento County,12/17/2020,721,1715,721,1715,0,0,0,0,721,1715,0,0,721,1715,California
Sacramento, County,Sacramento County,12/18/2020,1127,2842,1126,2841,1,1,0,0,1127,2842,0,0,1127,2842,California
Sacramento, County,Sacramento County,12/19/2020,623,3465,623,3464,0,1,0,0,623,3465,0,0,623,3465,California
Sacramento, County,Sacramento County,12/20/2020,639,4104,639,4103,0,1,0,0,639,4104,0,0,639,4104,California
Sacramento, County,Sacramento County,12/21/2020,1672,5776,1672,5775,0,1,0,0,1673,5777,0,0,1673,5777,California
Sacramento, County,Sacramento County,12/22/2020,2118,7894,2076,7851,42,43,0,0,2118,7895,0,0,2118,7895,California
Sacramento, County,Sacramento County,12/23/2020,2256,10150,2078,9929,178,221,0,0,2256,10151,0,0,2256,10151,California
Sacramento, County,Sacramento County,12/24/2020,1049,11199,828,10757,221,442,0,0,1049,11200,0,0,1049,11200,California
Sacramento, County,Sacramento County,12/25/2020,5,11204,4,10761,1,443,0,0,5,11205,0,0,5,11205,California
Sacramento, County,Sacramento County,12/26/2020,506,11710,287,11048,219,662,0,0,506,11711,0,0,506,11711,California
Sacramento, County,Sacramento County,12/27/2020,356,12066,249,11297,107,769,0,0,356,12067,0,0,356,12067,California
Sacramento, County,Sacramento County,12/28/2020,1917,13983,1336,12633,581,1350,0,0,1916,13982,1,1,1916,13983,California
Sacramento, County,Sacramento County,12/29/2020,1973,15956,1205,13838,768,2118,0,0,1973,15955,0,1,1973,15956,California
Sacramento, County,Sacramento County,12/30/2020,2564,18520,1464,15302,1100,3218,0,0,2565,18520,0,1,2565,18521,California
Sacramento, County,Sacramento County,12/31/2020,1229,19749,691,15993,538,3756,0,0,1230,19750,0,1,1230,19751,California
Sacramento, County,Sacramento County,1/1/2021,108,19857,84,16077,24,3780,0,0,108,19858,0,1,108,19859,California
Sacramento, County,Sacramento County,1/2/2021,575,20432,371,16448,204,3984,0,0,575,20433,0,1,575,20434,California
Sacramento, County,Sacramento County,1/3/2021,416,20848,226,16674,190,4174,0,0,415,20847,1,2,415,20849,California
Sacramento, County,Sacramento County,1/4/2021,1944,22792,838,17512,1106,5280,0,0,1942,22788,1,3,1942,22791,California
Sacramento, County,Sacramento County,1/5/2021,2248,25040,1010,18522,1238,6518,0,0,1864,24275,384,387,1871,24662,California
Sacramento, County,Sacramento County,1/6/2021,2753,27793,1633,20155,1120,7638,0,0,1941,25411,806,1193,1942,26604,California
Sacramento, County,Sacramento County,1/7/2021,2861,30654,1532,21687,1329,8967,0,0,1911,26378,944,2137,1911,28515,California
Sacramento, County,Sacramento County,1/8/2021,3315,33969,2102,23789,1213,10180,0,0,2184,27437,1127,3264,2186,30701,California
Sacramento, County,Sacramento County,1/9/2021,1283,35252,801,24590,482,10662,0,0,891,27937,391,3655,891,31592,California
Sacramento, County,Sacramento County,1/10/2021,1227,36479,717,25307,510,11172,0,0,757,28225,470,4125,758,32350,California
Sacramento, County,Sacramento County,1/11/2021,4368,40847,2963,28270,1405,12577,0,0,2433,28736,1934,6059,2445,34795,California
Sacramento, County,Sacramento County,1/12/2021,4710,45557,3304,31574,1406,13983,0,0,2649,29332,2060,8119,2656,37451,California
Sacramento, County,Sacramento County,1/13/2021,3866,49423,2232,33806,1634,15617,0,0,2447,30362,1418,9537,2448,39899,California
Sacramento, County,Sacramento County,1/14/2021,4763,54186,2423,36229,2340,17957,0,0,3854,33310,906,10443,3854,43753,California
Sacramento, County,Sacramento County,1/15/2021,4485,58671,2253,38482,2232,20189,0,0,3769,36365,715,11158,3770,47523,California
Sacramento, County,Sacramento County,1/16/2021,2254,60925,1287,39769,967,21156,0,0,2034,38180,219,11377,2034,49557,California
Sacramento, County,Sacramento County,1/17/2021,1679,62604,984,40753,695,21851,0,0,1496,39496,183,11560,1499,51056,California
Sacramento, County,Sacramento County,1/18/2021,2832,65436,1735,42488,1097,22948,0,0,2247,41160,584,12144,2248,53304,California
Sacramento, County,Sacramento County,1/19/2021,5013,70449,3026,45514,1987,24935,0,0,3755,43662,1256,13400,3758,57062,California
Sacramento, County,Sacramento County,1/20/2021,4981,75430,2990,48504,1991,26926,0,0,3673,46033,1308,14708,3679,60741,California
Sacramento, County,Sacramento County,1/21/2021,5277,80707,3036,51540,2241,29167,0,0,4288,49345,979,15687,4291,65032,California
Sacramento, County,Sacramento County,1/22/2021,5068,85775,2714,54254,2354,31521,0,0,4759,53797,308,15995,4760,69792,California
Sacramento, County,Sacramento County,1/23/2021,3885,89660,1572,55826,2313,33834,0,0,3417,56746,468,16463,3417,73209,California
Sacramento, County,Sacramento County,1/24/2021,1672,91332,1040,56866,632,34466,0,0,1422,57922,248,16711,1424,74633,California
Sacramento, County,Sacramento County,1/25/2021,4429,95761,2171,59037,2258,36724,0,0,2954,59403,1475,18186,2956,77589,California
Sacramento, County,Sacramento County,1/26/2021,4778,100539,2185,61222,2593,39317,0,0,3564,61761,1209,19395,3567,81156,California
Sacramento, County,Sacramento County,1/27/2021,5902,106441,3056,64278,2846,42163,0,0,4267,64402,1628,21023,4269,85425,California
Sacramento, County,Sacramento County,1/28/2021,5503,111944,2749,67027,2754,44917,0,0,4396,67694,1105,22128,4397,89822,California
Sacramento, County,Sacramento County,1/29/2021,5454,117398,2930,69957,2524,47441,0,0,4426,71100,1020,23148,4426,94248,California
Sacramento, County,Sacramento County,1/30/2021,4881,122279,2205,72162,2676,50117,0,0,4445,75112,433,23581,4445,98693,California
Sacramento, County,Sacramento County,1/31/2021,2444,124723,2142,74304,302,50419,0,0,2089,76850,353,23934,2091,100784,California
Sacramento, County,Sacramento County,2/1/2021,5964,130687,3041,77345,2923,53342,0,0,4275,79444,1682,25616,4276,105060,California
Sacramento, County,Sacramento County,2/2/2021,7113,137800,3853,81198,3260,56602,0,0,4989,82332,2103,27719,4991,110051,California
Sacramento, County,Sacramento County,2/3/2021,7160,144960,3602,84800,3558,60160,0,0,5274,85734,1874,29593,5276,115327,California
Sacramento, County,Sacramento County,2/4/2021,7800,152760,3693,88493,4107,64267,0,0,5542,89027,2249,31842,5542,120869,California
Sacramento, County,Sacramento County,2/5/2021,7910,160670,4494,92987,3416,67683,0,0,4841,90832,3044,34886,4849,125718,California
Sacramento, County,Sacramento County,2/6/2021,8863,169533,3496,96483,5367,73050,0,0,7501,96975,1360,36246,7503,133221,California
Sacramento, County,Sacramento County,2/7/2021,4124,173657,2252,98735,1872,74922,0,0,2935,98728,1184,37430,2937,136158,California
Sacramento, County,Sacramento County,2/8/2021,6299,179956,3273,102008,3026,77948,0,0,3926,100288,2367,39797,3927,140085,California
Sacramento, County,Sacramento County,2/9/2021,6833,186789,3581,105589,3252,81200,0,0,4026,101523,2793,42590,4028,144113,California
Sacramento, County,Sacramento County,2/10/2021,7777,194566,4254,109843,3523,84723,0,0,4534,102834,3224,45814,4535,148648,California
Sacramento, County,Sacramento County,2/11/2021,9668,204234,5771,115614,3897,88620,0,0,5526,104234,4128,49942,5528,154176,California
Sacramento, County,Sacramento County,2/12/2021,10790,215024,4203,119817,6587,95207,0,0,6443,106407,4274,54216,6447,160623,California
Sacramento, County,Sacramento County,2/13/2021,8155,223179,3030,122847,5125,100332,0,0,6324,110909,1823,56039,6325,166948,California
Sacramento, County,Sacramento County,2/14/2021,3297,226476,2030,124877,1267,101599,0,0,2129,111879,1165,57204,2135,169083,California
Sacramento, County,Sacramento County,2/15/2021,6073,232549,2080,126957,3993,105592,0,0,4219,114259,1843,59047,4223,173306,California
Sacramento, County,Sacramento County,2/16/2021,9382,241931,4261,131218,5121,110713,0,0,5384,115663,3986,63033,5390,178696,California
Sacramento, County,Sacramento County,2/17/2021,8983,250914,5053,136271,3930,114643,0,0,5204,117107,3766,66799,5210,183906,California
Sacramento, County,Sacramento County,2/18/2021,9709,260623,5822,142093,3887,118530,0,0,5780,118976,3914,70713,5783,189689,California
Sacramento, County,Sacramento County,2/19/2021,10183,270806,6248,148341,3935,122465,0,0,6009,120838,4157,74870,6019,195708,California
Sacramento, County,Sacramento County,2/20/2021,8256,279062,5883,154224,2373,124838,0,0,4819,122232,3428,78298,4822,200530,California
Sacramento, County,Sacramento County,2/21/2021,5026,284088,2565,156789,2461,127299,0,0,2915,123044,2103,80401,2915,203445,California
Sacramento, County,Sacramento County,2/22/2021,6562,290650,3984,160773,2578,129877,0,0,2838,122186,3700,84101,2842,206287,California
Sacramento, County,Sacramento County,2/23/2021,7749,298399,4825,165598,2924,132801,0,0,3567,121596,4160,88261,3570,209857,California
Sacramento, County,Sacramento County,2/24/2021,10218,308617,5656,171254,4562,137363,0,0,5492,122393,4702,92963,5499,215356,California
Sacramento, County,Sacramento County,2/25/2021,11673,320290,6691,177945,4982,142345,0,0,6762,124268,4888,97851,6763,222119,California
Sacramento, County,Sacramento County,2/26/2021,14921,335211,7055,185000,7866,150211,0,0,10169,129733,4710,102561,10175,232294,California
Sacramento, County,Sacramento County,2/27/2021,11491,346702,7051,192051,4437,154648,3,3,8482,135240,2979,105540,8486,240780,California
Sacramento, County,Sacramento County,2/28/2021,6867,353569,2478,194529,4389,159037,0,3,3201,134796,3648,109188,3204,243984,California
Sacramento, County,Sacramento County,3/1/2021,8963,362532,3763,198292,5196,164233,4,7,4844,135562,4085,113273,4851,248835,California
Sacramento, County,Sacramento County,3/2/2021,9802,372334,4392,202684,5409,169642,1,8,5854,137495,3926,117199,5859,254694,California
Sacramento, County,Sacramento County,3/3/2021,11560,383894,5336,208020,6220,175862,4,12,6870,139708,4664,121863,6877,261571,California
Sacramento, County,Sacramento County,3/4/2021,13982,397876,6507,214527,7471,183333,4,16,7703,141190,6233,128096,7715,269286,California
Sacramento, County,Sacramento County,3/5/2021,10980,408856,5146,219673,5804,189137,30,46,7152,144575,3798,131894,7183,276469,California
Sacramento, County,Sacramento County,3/6/2021,8339,417195,3273,222946,4941,194078,125,171,4148,144677,4170,136064,4272,280741,California
Sacramento, County,Sacramento County,3/7/2021,8182,425377,2285,225231,5753,199831,144,315,3797,144249,4366,140430,3938,284679,California
Sacramento, County,Sacramento County,3/8/2021,9322,434699,4412,229643,4670,204501,240,555,6006,147193,3298,143728,6242,290921,California
Sacramento, County,Sacramento County,3/9/2021,9876,444575,4655,234298,4923,209424,298,853,5599,148834,4252,147980,5893,296814,California
Sacramento, County,Sacramento County,3/10/2021,11893,456468,7559,241857,3982,213406,352,1205,6940,151214,4914,152894,7294,304108,California
Sacramento, County,Sacramento County,3/11/2021,15246,471714,10134,251991,4280,217686,832,2037,8979,154798,6219,159113,9803,313911,California
Sacramento, County,Sacramento County,3/12/2021,18157,489871,8384,260375,8903,226589,870,2907,8884,155350,9202,168315,9754,323665,California
Sacramento, County,Sacramento County,3/13/2021,13687,503558,3599,263974,9655,236244,433,3340,8458,159022,5215,173530,8887,332552,California
Sacramento, County,Sacramento County,3/14/2021,9499,513057,3506,267480,5369,241613,624,3964,4479,159137,4986,178516,5101,337653,California
Sacramento, County,Sacramento County,3/15/2021,12334,525391,4934,272414,6747,248360,653,4617,7096,161681,5207,183723,7751,345404,California
Sacramento, County,Sacramento County,3/16/2021,14333,539724,6464,278878,7214,255574,655,5272,8798,165631,5494,189217,9444,354848,California
Sacramento, County,Sacramento County,3/17/2021,14094,553818,6869,285747,6590,262164,635,5907,9004,170203,5062,194279,9634,364482,California
Sacramento, County,Sacramento County,3/18/2021,15861,569679,8335,294082,6913,269077,613,6520,9999,174986,5824,200103,10607,375089,California
Sacramento, County,Sacramento County,3/19/2021,15781,585460,8054,302136,6336,275413,1391,7911,7876,176370,7872,207975,9256,384345,California
Sacramento, County,Sacramento County,3/20/2021,13414,598874,7572,309708,5497,280910,345,8256,8429,180194,4947,212922,8771,393116,California
Sacramento, County,Sacramento County,3/21/2021,5849,604723,2780,312488,3029,283939,40,8296,3355,181116,2477,215399,3399,396515,California
Sacramento, County,Sacramento County,3/22/2021,9455,614178,4876,317364,3730,287669,849,9145,6218,184974,3204,218603,7062,403577,California
Sacramento, County,Sacramento County,3/23/2021,11510,625688,6854,324218,3850,291519,806,9951,7309,188935,4151,222754,8112,411689,California
Sacramento, County,Sacramento County,3/24/2021,11989,637677,7310,331528,4051,295570,628,10579,6645,190951,5256,228010,7272,418961,California
Sacramento, County,Sacramento County,3/25/2021,14361,652038,8434,339962,5090,300660,837,11416,8504,194473,5810,233820,9332,428293,California
Sacramento, County,Sacramento County,3/26/2021,18479,670517,8987,348949,8979,309639,513,11929,9109,194802,9291,243111,9620,437913,California
Sacramento, County,Sacramento County,3/27/2021,10252,680769,3611,352560,6346,315985,295,12224,5548,195971,4666,247777,5835,443748,California
Sacramento, County,Sacramento County,3/28/2021,6671,687440,3257,355817,3162,319147,252,12476,2641,194848,4019,251796,2896,446644,California
Sacramento, County,Sacramento County,3/29/2021,11107,698547,5924,361741,4794,323941,389,12865,4899,193961,6175,257971,5288,451932,California
Sacramento, County,Sacramento County,3/30/2021,11965,710512,6104,367845,5456,329397,405,13270,5987,194406,5945,263916,6390,458322,California
Sacramento, County,Sacramento County,3/31/2021,13528,724040,7891,375736,5229,334626,408,13678,5556,192423,7939,271855,5956,464278,California
Sacramento, County,Sacramento County,4/1/2021,17570,741610,10493,386229,6822,341448,255,13933,7299,189762,10216,282071,7555,471833,California
Sacramento, County,Sacramento County,4/2/2021,17245,758855,9740,395969,6760,348208,745,14678,9009,191317,8197,290268,9752,481585,California
Sacramento, County,Sacramento County,4/3/2021,10494,769349,6258,402227,3683,351891,553,15231,6417,194230,4048,294316,6961,488546,California
Sacramento, County,Sacramento County,4/4/2021,3747,773096,1549,403776,1996,353887,202,15433,1460,193608,2279,296595,1657,490203,California
Sacramento, County,Sacramento County,4/5/2021,12104,785200,7583,411359,3685,357572,836,16269,5331,193034,6733,303328,6159,496362,California
Sacramento, County,Sacramento County,4/6/2021,15741,800941,8881,420240,5518,363090,1342,17611,6778,192222,8927,312255,8115,504477,California
Sacramento, County,Sacramento County,4/7/2021,14971,815912,8054,428294,5298,368388,1619,19230,6984,192878,7934,320189,8590,513067,California
Sacramento, County,Sacramento County,4/8/2021,15138,831050,6796,435090,5342,373730,3000,22230,6015,192769,9086,329275,8977,522044,California
Sacramento, County,Sacramento County,4/9/2021,18428,849478,9403,444493,6793,380523,2232,24462,7464,191532,10914,340189,9677,531721,California
Sacramento, County,Sacramento County,4/10/2021,13474,862952,3854,448347,8387,388910,1233,25695,5863,191020,7576,347765,7064,538785,California
Sacramento, County,Sacramento County,4/11/2021,11216,874168,4393,452740,6593,395503,230,25925,3649,187357,7539,355304,3876,542661,California
Sacramento, County,Sacramento County,4/12/2021,13041,887209,5054,457794,6078,401581,1909,27834,4912,186099,8060,363364,6802,549463,California
Sacramento, County,Sacramento County,4/13/2021,16346,903555,9976,467770,6365,407946,5,27839,7575,184945,8737,372101,7583,557046,California
Sacramento, County,Sacramento County,4/14/2021,15099,918654,8036,475806,7060,415006,3,27842,5938,181764,9124,381225,5943,562989,California
Sacramento, County,Sacramento County,4/15/2021,16455,935109,8434,484240,8018,423024,3,27845,6618,178598,9789,391014,6623,569612,California
Sacramento, County,Sacramento County,4/16/2021,17647,952756,9748,493988,7899,430923,0,27845,7972,176949,9623,400637,7974,577586,California
Sacramento, County,Sacramento County,4/17/2021,15921,968677,6209,500197,9712,440635,0,27845,11600,184261,4293,404930,11605,589191,California
Sacramento, County,Sacramento County,4/18/2021,9094,977771,3283,503480,5811,446446,0,27845,3886,182962,5187,410117,3888,593079,California
Sacramento, County,Sacramento County,4/19/2021,10658,988429,5749,509229,4904,451350,5,27850,4687,181710,5946,416063,4694,597773,California
Sacramento, County,Sacramento County,4/20/2021,11489,999918,7068,516297,4417,455767,4,27854,5992,182242,5468,421531,6000,603773,California
Sacramento, County,Sacramento County,4/21/2021,12389,1012307,7411,523708,4975,460742,3,27857,6639,183168,5717,427248,6643,610416,California
Sacramento, County,Sacramento County,4/22/2021,15397,1027704,10339,534047,5053,465795,5,27862,7058,181935,8298,435546,7065,617481,California
Sacramento, County,Sacramento County,4/23/2021,16485,1044189,10423,544470,6062,471857,0,27862,7639,180772,8804,444350,7641,625122,California
Sacramento, County,Sacramento County,4/24/2021,11774,1055963,7118,551588,4654,476511,2,27864,6264,181572,5465,449815,6265,631387,California
Sacramento, County,Sacramento County,4/25/2021,8616,1064579,4539,556127,4077,480588,0,27864,4216,181412,4378,454193,4218,635605,California
Sacramento, County,Sacramento County,4/26/2021,10903,1075482,6870,562997,4009,484597,24,27888,5187,180940,5685,459878,5213,640818,California
Sacramento, County,Sacramento County,4/27/2021,12369,1087851,8147,571144,4063,488660,159,28047,6070,180907,6264,466142,6231,647049,California
Sacramento, County,Sacramento County,4/28/2021,10909,1098760,6185,577329,4517,493177,207,28254,6045,182331,4832,470974,6256,653305,California
Sacramento, County,Sacramento County,4/29/2021,11292,1110052,7663,584992,3323,496500,306,28560,6204,183800,5044,476018,6513,659818,California
Sacramento, County,Sacramento County,4/30/2021,12841,1122893,8132,593124,4447,500947,262,28822,6077,183430,6710,482728,6340,666158,California
Sacramento, County,Sacramento County,5/1/2021,7705,1130598,5535,598659,1992,502939,178,29000,2831,181610,4831,487559,3011,669169,California
Sacramento, County,Sacramento County,5/2/2021,5021,1135619,4326,602985,544,503483,151,29151,2234,181235,2759,490318,2384,671553,California
Sacramento, County,Sacramento County,5/3/2021,9247,1144866,7391,610376,1576,505059,280,29431,4017,180323,5206,495524,4294,675847,California
Sacramento, County,Sacramento County,5/4/2021,9774,1154640,6018,616394,3443,508502,313,29744,3885,178679,5840,501364,4196,680043,California
Sacramento, County,Sacramento County,5/5/2021,11432,1166072,6256,622650,4712,513214,464,30208,4661,177074,6722,508086,5117,685160,California
Sacramento, County,Sacramento County,5/6/2021,11538,1177610,6455,629105,4774,517988,309,30517,4683,175578,6485,514571,4989,690149,California
Sacramento, County,Sacramento County,5/7/2021,10899,1188509,6364,635469,4163,522151,372,30889,4583,174274,6259,520830,4955,695104,California
Sacramento, County,Sacramento County,5/8/2021,9053,1197562,4027,639496,4794,526945,232,31121,2850,171193,6155,526985,3074,698178,California
Sacramento, County,Sacramento County,5/9/2021,3300,1200862,1801,641297,1387,528332,112,31233,1206,170428,2083,529068,1318,699496,California
Sacramento, County,Sacramento County,5/10/2021,8359,1209221,3915,645212,4171,532503,273,31506,2009,166397,6314,535382,2283,701779,California
Sacramento, County,Sacramento County,5/11/2021,8768,1217989,5562,650774,2942,535445,264,31770,3041,164012,5690,541072,3305,705084,California
Sacramento, County,Sacramento County,5/12/2021,8838,1226827,5320,656094,3261,538706,257,32027,2967,161397,5835,546907,3220,708304,California
Sacramento, County,Sacramento County,5/13/2021,12135,1238962,7759,663853,4097,542803,279,32306,4592,158772,7495,554402,4870,713174,California
Sacramento, County,Sacramento County,5/14/2021,12651,1251613,7171,671024,5185,547988,295,32601,5105,156685,7486,561888,5399,718573,California
Sacramento, County,Sacramento County,5/15/2021,13342,1264955,8066,679090,5130,553118,146,32747,5899,155319,7407,569295,6041,724614,California
Sacramento, County,Sacramento County,5/16/2021,8564,1273519,4308,683398,4142,557260,114,32861,2253,151411,6278,575573,2370,726984,California
Sacramento, County,Sacramento County,5/17/2021,10577,1284096,6446,689844,3829,561089,302,33163,3938,149055,6598,582171,4242,731226,California
Sacramento, County,Sacramento County,5/18/2021,9983,1294079,6257,696101,3509,564598,217,33380,3738,146813,6202,588373,3960,735186,California
Sacramento, County,Sacramento County,5/19/2021,9951,1304030,6327,702428,3359,567957,265,33645,4476,146130,5430,593803,4747,739933,California
Sacramento, County,Sacramento County,5/20/2021,10397,1314427,6850,709278,3285,571242,262,33907,3877,143803,6467,600270,4140,744073,California
Sacramento, County,Sacramento County,5/21/2021,10859,1325286,6878,716156,3653,574895,328,34235,4505,142331,6311,606581,4839,748912,California
Sacramento, County,Sacramento County,5/22/2021,7484,1332770,4620,720776,2690,577585,174,34409,3333,141721,4120,610701,3510,752422,California
Sacramento, County,Sacramento County,5/23/2021,5304,1338074,3019,723795,2181,579766,104,34513,1967,140477,3316,614017,2072,754494,California
Sacramento, County,Sacramento County,5/24/2021,7905,1345979,4764,728559,2809,582575,332,34845,2516,137978,5346,619363,2847,757341,California
Sacramento, County,Sacramento County,5/25/2021,6759,1352738,3902,732461,2562,585137,295,35140,2395,136331,4333,623696,2686,760027,California
Sacramento, County,Sacramento County,5/26/2021,8606,1361344,4744,737205,3522,588659,340,35480,2813,133736,5744,629440,3149,763176,California
Sacramento, County,Sacramento County,5/27/2021,6715,1368059,3662,740867,2810,591469,243,35723,2939,133188,3730,633170,3182,766358,California
Sacramento, County,Sacramento County,5/28/2021,8476,1376535,4785,745652,3322,594791,369,36092,3625,132372,4809,637979,3993,770351,California
Sacramento, County,Sacramento County,5/29/2021,4449,1380984,2709,748361,1577,596368,163,36255,2220,132552,2202,640181,2382,772733,California
Sacramento, County,Sacramento County,5/30/2021,1690,1382674,1075,749436,577,596945,38,36293,754,132416,929,641110,793,773526,California
Sacramento, County,Sacramento County,5/31/2021,893,1383567,450,749886,430,597375,13,36306,317,132175,572,641682,331,773857,California
Sacramento, County,Sacramento County,6/1/2021,6974,1390541,4179,754065,2588,599963,207,36513,2523,130494,4408,646090,2727,776584,California
Sacramento, County,Sacramento County,6/2/2021,6109,1396650,3356,757421,2541,602504,212,36725,2263,129162,3806,649896,2474,779058,California
Sacramento, County,Sacramento County,6/3/2021,7484,1404134,5084,762505,2213,604717,187,36912,2134,126171,5308,655204,2317,781375,California
Sacramento, County,Sacramento County,6/4/2021,7105,1411239,4540,767045,2352,607069,213,37125,2212,123738,4858,660062,2425,783800,California
Sacramento, County,Sacramento County,6/5/2021,6229,1417468,4565,771610,1524,608593,140,37265,1748,121175,4452,664514,1889,785689,California
Sacramento, County,Sacramento County,6/6/2021,2477,1419945,1959,773569,461,609054,57,37322,788,120340,1681,666195,846,786535,California
Sacramento, County,Sacramento County,6/7/2021,5598,1425543,3919,777488,1501,610555,178,37500,1561,118070,4006,670201,1736,788271,California
Sacramento, County,Sacramento County,6/8/2021,5414,1430957,3691,781179,1545,612100,178,37678,1715,116292,3673,673874,1895,790166,California
Sacramento, County,Sacramento County,6/9/2021,6208,1437165,4298,785477,1725,613825,185,37863,1626,113570,4532,678406,1810,791976,California
Sacramento, County,Sacramento County,6/10/2021,5438,1442603,3469,788946,1757,615582,212,38075,1619,111632,3769,682175,1831,793807,California
Sacramento, County,Sacramento County,6/11/2021,7743,1450346,5404,794350,2145,617727,194,38269,2193,108504,5513,687688,2385,796192,California
Sacramento, County,Sacramento County,6/12/2021,4740,1455086,3066,797416,1554,619281,120,38389,1277,106457,3445,691133,1398,797590,California
Sacramento, County,Sacramento County,6/13/2021,1939,1457025,1425,798841,470,619751,44,38433,398,105367,1530,692663,440,798030,California
Sacramento, County,Sacramento County,6/14/2021,4354,1461379,2813,801654,1379,621130,162,38595,1338,103868,2998,695661,1499,799529,California
Sacramento, County,Sacramento County,6/15/2021,4930,1466309,2964,804618,1739,622869,227,38822,1706,102594,3207,698868,1933,801462,California
Sacramento, County,Sacramento County,6/16/2021,4506,1470815,3021,807639,1264,624133,221,39043,1555,101438,2924,701792,1768,803230,California
Sacramento, County,Sacramento County,6/17/2021,4087,1474902,2651,810290,1267,625400,169,39212,1394,100335,2661,704453,1558,804788,California
Sacramento, County,Sacramento County,6/18/2021,5299,1480201,3530,813820,1530,626930,239,39451,1832,98963,3442,707895,2070,806858,California
Sacramento, County,Sacramento County,6/19/2021,3361,1483562,2279,816099,937,627867,145,39596,1200,98165,2140,710035,1342,808200,California
Sacramento, County,Sacramento County,6/20/2021,1241,1484803,922,817021,291,628158,28,39624,570,98102,661,710696,598,808798,California
Sacramento, County,Sacramento County,6/21/2021,2541,1487344,1347,818368,1032,629190,162,39786,1238,98210,1289,711985,1397,810195,California
Sacramento, County,Sacramento County,6/22/2021,3925,1491269,2698,821066,1026,630216,201,39987,1535,97575,2365,714350,1730,811925,California
Sacramento, County,Sacramento County,6/23/2021,4108,1495377,2829,823895,1071,631287,208,40195,1535,96762,2552,716902,1739,813664,California
Sacramento, County,Sacramento County,6/24/2021,3490,1498867,2252,826147,1041,632328,197,40392,1392,96273,2078,718980,1589,815253,California
Sacramento, County,Sacramento County,6/25/2021,4300,1503167,2934,829081,1149,633477,217,40609,1778,95765,2501,721481,1993,817246,California
Sacramento, County,Sacramento County,6/26/2021,2861,1506028,2043,831124,693,634170,125,40734,1204,95454,1637,723118,1326,818572,California
Sacramento, County,Sacramento County,6/27/2021,1245,1507273,914,832038,298,634468,33,40767,451,95148,790,723908,484,819056,California
Sacramento, County,Sacramento County,6/28/2021,2640,1509913,1961,833999,538,635006,141,40908,1148,94961,1475,725383,1288,820344,California
Sacramento, County,Sacramento County,6/29/2021,3314,1513227,2208,836207,965,635971,141,41049,1342,94503,1942,727325,1484,821828,California
Sacramento, County,Sacramento County,6/30/2021,3297,1516524,2246,838453,916,636887,135,41184,1556,94473,1722,729047,1692,823520,California
Sacramento, County,Sacramento County,7/1/2021,2877,1519401,1916,840369,798,637685,163,41347,1230,94238,1626,730673,1391,824911,California
Sacramento, County,Sacramento County,7/2/2021,3430,1522831,2291,842660,985,638670,154,41501,1460,93903,1945,732618,1610,826521,California
Sacramento, County,Sacramento County,7/3/2021,1852,1524683,1254,843914,564,639234,34,41535,798,93696,1039,733657,832,827353,California
Sacramento, County,Sacramento County,7/4/2021,158,1524841,62,843976,86,639320,10,41545,67,93683,90,733747,77,827430,California
Sacramento, County,Sacramento County,7/5/2021,1429,1526270,971,844947,423,639743,35,41580,706,93710,714,734461,741,828171,California
Sacramento, County,Sacramento County,7/6/2021,3473,1529743,2434,847381,864,640607,175,41755,1282,92992,2166,736627,1448,829619,California
Sacramento, County,Sacramento County,7/7/2021,3224,1532967,2245,849626,830,641437,149,41904,1367,92665,1837,738464,1510,831129,California
Sacramento, County,Sacramento County,7/8/2021,2745,1535712,1769,851395,801,642238,175,42079,1137,92378,1594,740058,1307,832436,California
Sacramento, County,Sacramento County,7/9/2021,3361,1539073,2185,853580,979,643217,197,42276,1422,92079,1914,741972,1615,834051,California
Sacramento, County,Sacramento County,7/10/2021,2020,1541093,1414,854994,538,643755,68,42344,876,91894,1129,743101,944,834995,California
Sacramento, County,Sacramento County,7/11/2021,811,1541904,569,855563,217,643972,25,42369,375,91864,430,743531,400,835395,California
Sacramento, County,Sacramento County,7/12/2021,2626,1544530,1911,857474,593,644565,122,42491,1227,91833,1381,744912,1350,836745,California
Sacramento, County,Sacramento County,7/13/2021,2895,1547425,1963,859437,794,645359,138,42629,1347,91775,1540,746452,1482,838227,California
Sacramento, County,Sacramento County,7/14/2021,2820,1550245,1896,861333,779,646138,145,42774,1239,91588,1569,748021,1382,839609,California
Sacramento, County,Sacramento County,7/15/2021,2567,1552812,1740,863073,714,646852,113,42887,1174,91491,1382,749403,1285,840894,California
Sacramento, County,Sacramento County,7/16/2021,3360,1556172,2198,865271,989,647841,173,43060,1585,91492,1756,751159,1757,842651,California
Sacramento, County,Sacramento County,7/17/2021,2198,1558370,1494,866765,644,648485,60,43120,1033,91436,1147,752306,1091,843742,California
Sacramento, County,Sacramento County,7/18/2021,934,1559304,685,867450,220,648705,29,43149,461,91454,471,752777,489,844231,California
Sacramento, County,Sacramento County,7/19/2021,2589,1561893,1859,869309,613,649318,117,43266,1315,91618,1267,754044,1431,845662,California
Sacramento, County,Sacramento County,7/20/2021,2963,1564856,1983,871292,840,650158,140,43406,1546,91908,1394,755438,1684,847346,California
Sacramento, County,Sacramento County,7/21/2021,3183,1568039,2190,873482,830,650988,163,43569,1550,92002,1615,757053,1709,849055,California
Sacramento, County,Sacramento County,7/22/2021,2964,1571003,2027,875509,800,651788,137,43706,1522,92240,1421,758474,1659,850714,California
Sacramento, County,Sacramento County,7/23/2021,3634,1574637,2532,878041,971,652759,131,43837,2029,92810,1587,760061,2157,852871,California
Sacramento, County,Sacramento County,7/24/2021,2266,1576903,1530,879571,665,653424,71,43908,1252,93134,1000,761061,1324,854195,California
Sacramento, County,Sacramento County,7/25/2021,908,1577811,659,880230,234,653658,15,43923,665,93578,237,761298,681,854876,California
Sacramento, County,Sacramento County,7/26/2021,2830,1580641,1960,882190,766,654424,104,44027,1792,94461,1017,762315,1900,856776,California
Sacramento, County,Sacramento County,7/27/2021,3349,1583990,2347,884537,874,655298,128,44155,1988,95241,1333,763648,2113,858889,California
Sacramento, County,Sacramento County,7/28/2021,3367,1587357,2416,886953,811,656109,140,44295,1918,95874,1426,765074,2059,860948,California
Sacramento, County,Sacramento County,7/29/2021,3123,1590480,2216,889169,771,656880,136,44431,1867,96644,1233,766307,2003,862951,California
Sacramento, County,Sacramento County,7/30/2021,3866,1594346,2634,891803,1039,657919,193,44624,2349,97697,1485,767792,2538,865489,California
Sacramento, County,Sacramento County,7/31/2021,2365,1596711,1610,893413,645,658564,110,44734,1452,98366,891,768683,1560,867049,California
Sacramento, County,Sacramento County,8/1/2021,1160,1597871,825,894238,311,658875,24,44758,771,98781,380,769063,795,867844,California
Sacramento, County,Sacramento County,8/2/2021,3434,1601305,2566,896804,740,659615,128,44886,2155,99802,1260,770323,2281,870125,California
Sacramento, County,Sacramento County,8/3/2021,3604,1604909,2599,899403,848,660463,157,45043,2142,100662,1437,771760,2297,872422,California
Sacramento, County,Sacramento County,8/4/2021,3289,1608198,2332,901735,828,661291,129,45172,1976,101465,1300,773060,2103,874525,California
Sacramento, County,Sacramento County,8/5/2021,3338,1611536,2365,904100,807,662098,166,45338,2060,102429,1262,774322,2226,876751,California
Sacramento, County,Sacramento County,8/6/2021,4039,1615575,2900,907000,1003,663101,136,45474,2457,103467,1556,775878,2594,879345,California
Sacramento, County,Sacramento County,8/7/2021,2457,1618032,1720,908720,640,663741,97,45571,1443,104001,1004,776882,1538,880883,California
Sacramento, County,Sacramento County,8/8/2021,974,1619006,628,909348,312,664053,34,45605,572,104217,389,777271,605,881488,California
Sacramento, County,Sacramento County,8/9/2021,3123,1622129,2248,911596,773,664826,102,45707,1894,105006,1206,778477,1995,883483,California
Sacramento, County,Sacramento County,8/10/2021,2080,1624209,1524,913120,435,665261,121,45828,1165,105393,899,779376,1286,884769,California
San Benito, County,San Benito County,12/15/2020,0,0,0,0,0,0,0,0,0,0,0,0,0,0,California
San Benito, County,San Benito County,12/16/2020,29,29,29,29,0,0,0,0,29,29,0,0,29,29,California
San Benito, County,San Benito County,12/17/2020,48,77,48,77,0,0,0,0,48,77,0,0,48,77,California
San Benito, County,San Benito County,12/18/2020,76,153,76,153,0,0,0,0,76,153,0,0,76,153,California
San Benito, County,San Benito County,12/19/2020,46,199,46,199,0,0,0,0,46,199,0,0,46,199,California
San Benito, County,San Benito County,12/20/2020,24,223,24,223,0,0,0,0,24,223,0,0,24,223,California
San Benito, County,San Benito County,12/21/2020,79,302,79,302,0,0,0,0,79,302,0,0,79,302,California
San Benito, County,San Benito County,12/22/2020,100,402,100,402,0,0,0,0,100,402,0,0,100,402,California
San Benito, County,San Benito County,12/23/2020,84,486,74,476,10,10,0,0,84,486,0,0,84,486,California
San Benito, County,San Benito County,12/24/2020,13,499,6,482,7,17,0,0,13,499,0,0,13,499,California
San Benito, County,San Benito County,12/25/2020,3,502,3,485,0,17,0,0,3,502,0,0,3,502,California
San Benito, County,San Benito County,12/26/2020,13,515,5,490,8,25,0,0,13,515,0,0,13,515,California
San Benito, County,San Benito County,12/27/2020,9,524,8,498,1,26,0,0,9,524,0,0,9,524,California
San Benito, County,San Benito County,12/28/2020,69,593,38,536,31,57,0,0,69,593,0,0,69,593,California
San Benito, County,San Benito County,12/29/2020,51,644,21,557,30,87,0,0,51,644,0,0,51,644,California
San Benito, County,San Benito County,12/30/2020,60,704,38,595,22,109,0,0,60,704,0,0,60,704,California
San Benito, County,San Benito County,12/31/2020,17,721,2,597,15,124,0,0,17,721,0,0,17,721,California
San Benito, County,San Benito County,1/1/2021,0,721,0,597,0,124,0,0,0,721,0,0,0,721,California
San Benito, County,San Benito County,1/2/2021,22,743,21,618,1,125,0,0,22,743,0,0,22,743,California
San Benito, County,San Benito County,1/3/2021,4,747,2,620,2,127,0,0,3,746,0,0,3,746,California
San Benito, County,San Benito County,1/4/2021,68,815,24,644,44,171,0,0,68,814,0,0,68,814,California
San Benito, County,San Benito County,1/5/2021,127,942,38,682,89,260,0,0,124,935,3,3,124,938,California
San Benito, County,San Benito County,1/6/2021,108,1050,47,729,61,321,0,0,88,1003,20,23,88,1026,California
San Benito, County,San Benito County,1/7/2021,111,1161,70,799,41,362,0,0,58,1008,53,76,58,1084,California
San Benito, County,San Benito County,1/8/2021,183,1344,88,887,95,457,0,0,119,1063,64,140,119,1203,California
San Benito, County,San Benito County,1/9/2021,43,1387,32,919,11,468,0,0,29,1078,14,154,29,1232,California
San Benito, County,San Benito County,1/10/2021,16,1403,14,933,2,470,0,0,5,1072,11,165,5,1237,California
San Benito, County,San Benito County,1/11/2021,180,1583,114,1047,66,536,0,0,74,1040,106,271,74,1311,California
San Benito, County,San Benito County,1/12/2021,165,1748,57,1104,108,644,0,0,127,1129,38,309,127,1438,California
San Benito, County,San Benito County,1/13/2021,243,1991,69,1173,174,818,0,0,192,1270,51,360,192,1630,California
San Benito, County,San Benito County,1/14/2021,134,2125,24,1197,110,928,0,0,115,1366,19,379,115,1745,California
San Benito, County,San Benito County,1/15/2021,219,2344,22,1219,197,1125,0,0,203,1553,16,395,203,1948,California
San Benito, County,San Benito County,1/16/2021,26,2370,8,1227,18,1143,0,0,21,1569,5,400,21,1969,California
San Benito, County,San Benito County,1/17/2021,11,2381,4,1231,7,1150,0,0,9,1576,2,402,9,1978,California
San Benito, County,San Benito County,1/18/2021,37,2418,23,1254,14,1164,0,0,21,1581,16,418,21,1999,California
San Benito, County,San Benito County,1/19/2021,189,2607,82,1336,107,1271,0,0,150,1692,39,457,150,2149,California
San Benito, County,San Benito County,1/20/2021,343,2950,106,1442,237,1508,0,0,296,1942,46,503,296,2445,California
San Benito, County,San Benito County,1/21/2021,147,3097,32,1474,115,1623,0,0,122,2039,25,528,122,2567,California
San Benito, County,San Benito County,1/22/2021,244,3341,19,1493,225,1848,0,0,234,2263,10,538,234,2801,California
San Benito, County,San Benito County,1/23/2021,27,3368,14,1507,13,1861,0,0,12,2260,15,553,12,2813,California
San Benito, County,San Benito County,1/24/2021,27,3395,3,1510,24,1885,0,0,23,2279,4,557,23,2836,California
San Benito, County,San Benito County,1/25/2021,93,3488,24,1534,69,1954,0,0,44,2274,49,606,44,2880,California
San Benito, County,San Benito County,1/26/2021,143,3631,44,1578,99,2053,0,0,87,2305,56,662,87,2967,California
San Benito, County,San Benito County,1/27/2021,232,3863,70,1648,162,2215,0,0,191,2455,41,703,191,3158,California
San Benito, County,San Benito County,1/28/2021,154,4017,32,1680,122,2337,0,0,124,2550,29,732,124,3282,California
San Benito, County,San Benito County,1/29/2021,298,4315,36,1716,262,2599,0,0,273,2799,24,756,273,3555,California
San Benito, County,San Benito County,1/30/2021,53,4368,34,1750,19,2618,0,0,29,2804,24,780,29,3584,California
San Benito, County,San Benito County,1/31/2021,16,4384,5,1755,11,2629,0,0,11,2810,5,785,11,3595,California
San Benito, County,San Benito County,2/1/2021,143,4527,31,1786,112,2741,0,0,98,2863,45,830,98,3693,California
San Benito, County,San Benito County,2/2/2021,234,4761,49,1835,185,2926,0,0,141,2911,93,923,141,3834,California
San Benito, County,San Benito County,2/3/2021,345,5106,44,1879,301,3227,0,0,276,3118,69,992,276,4110,California
San Benito, County,San Benito County,2/4/2021,170,5276,24,1903,146,3373,0,0,122,3192,48,1040,122,4232,California
San Benito, County,San Benito County,2/5/2021,309,5585,45,1948,264,3637,0,0,241,3365,68,1108,241,4473,California
San Benito, County,San Benito County,2/6/2021,50,5635,9,1957,41,3678,0,0,35,3385,15,1123,35,4508,California
San Benito, County,San Benito County,2/7/2021,19,5654,9,1966,10,3688,0,0,17,3400,2,1125,17,4525,California
San Benito, County,San Benito County,2/8/2021,143,5797,17,1983,126,3814,0,0,95,3447,48,1173,95,4620,California
San Benito, County,San Benito County,2/9/2021,333,6130,64,2047,269,4083,0,0,196,3506,137,1310,196,4816,California
San Benito, County,San Benito County,2/10/2021,328,6458,89,2136,239,4322,0,0,108,3395,219,1529,108,4924,California
San Benito, County,San Benito County,2/11/2021,299,6757,30,2166,269,4591,0,0,197,3490,102,1631,197,5121,California
San Benito, County,San Benito County,2/12/2021,420,7177,30,2196,390,4981,0,0,213,3497,206,1837,213,5334,California
San Benito, County,San Benito County,2/13/2021,60,7237,7,2203,53,5034,0,0,49,3535,11,1848,49,5383,California
San Benito, County,San Benito County,2/14/2021,42,7279,6,2209,36,5070,0,0,32,3557,10,1858,32,5415,California
San Benito, County,San Benito County,2/15/2021,110,7389,10,2219,100,5170,0,0,100,3647,10,1868,100,5515,California
San Benito, County,San Benito County,2/16/2021,214,7603,11,2230,203,5373,0,0,106,3646,108,1976,107,5622,California
San Benito, County,San Benito County,2/17/2021,334,7937,31,2261,303,5676,0,0,283,3878,51,2027,283,5905,California
San Benito, County,San Benito County,2/18/2021,301,8238,39,2300,262,5938,0,0,70,3717,231,2258,70,5975,California
San Benito, County,San Benito County,2/19/2021,364,8602,53,2353,311,6249,0,0,188,3729,176,2434,188,6163,California
San Benito, County,San Benito County,2/20/2021,53,8655,28,2381,25,6274,0,0,41,3758,12,2446,41,6204,California
San Benito, County,San Benito County,2/21/2021,29,8684,14,2395,15,6289,0,0,20,3769,9,2455,20,6224,California
San Benito, County,San Benito County,2/22/2021,143,8827,36,2431,107,6396,0,0,102,3831,40,2495,102,6326,California
San Benito, County,San Benito County,2/23/2021,389,9216,98,2529,291,6687,0,0,268,3979,121,2616,269,6595,California
San Benito, County,San Benito County,2/24/2021,407,9623,79,2608,328,7015,0,0,254,4080,153,2769,254,6849,California
San Benito, County,San Benito County,2/25/2021,404,10027,71,2679,333,7348,0,0,278,4230,128,2897,278,7127,California
San Benito, County,San Benito County,2/26/2021,683,10710,85,2764,598,7946,0,0,425,4397,258,3155,425,7552,California
San Benito, County,San Benito County,2/27/2021,115,10825,45,2809,70,8016,0,0,96,4474,19,3174,96,7648,California
San Benito, County,San Benito County,2/28/2021,259,11084,31,2840,228,8244,0,0,247,4709,12,3186,247,7895,California
San Benito, County,San Benito County,3/1/2021,243,11327,65,2905,178,8422,0,0,168,4802,75,3261,168,8063,California
San Benito, County,San Benito County,3/2/2021,306,11633,102,3007,204,8626,0,0,228,4952,78,3339,228,8291,California
San Benito, County,San Benito County,3/3/2021,423,12056,66,3073,357,8983,0,0,239,5008,183,3522,239,8530,California
San Benito, County,San Benito County,3/4/2021,630,12686,131,3204,484,9467,15,15,439,5259,191,3713,442,8972,California
San Benito, County,San Benito County,3/5/2021,607,13293,317,3521,278,9745,12,27,386,5438,219,3932,398,9370,California
San Benito, County,San Benito County,3/6/2021,214,13507,79,3600,121,9866,14,41,158,5554,56,3988,172,9542,California
San Benito, County,San Benito County,3/7/2021,648,14155,598,4198,21,9887,29,70,610,6155,38,4026,639,10181,California
San Benito, County,San Benito County,3/8/2021,293,14448,68,4266,178,10065,47,117,168,6245,125,4151,215,10396,California
San Benito, County,San Benito County,3/9/2021,437,14885,87,4353,248,10313,102,219,144,6173,291,4442,219,10615,California
San Benito, County,San Benito County,3/10/2021,430,15315,134,4487,199,10512,97,316,250,6340,180,4622,347,10962,California
San Benito, County,San Benito County,3/11/2021,481,15796,128,4615,199,10711,154,470,212,6437,269,4891,366,11328,California
San Benito, County,San Benito County,3/12/2021,534,16330,127,4742,311,11022,96,566,230,6462,301,5192,326,11654,California
San Benito, County,San Benito County,3/13/2021,208,16538,104,4846,84,11106,20,586,133,6543,72,5264,153,11807,California
San Benito, County,San Benito County,3/14/2021,232,16770,39,4885,173,11279,20,606,179,6690,52,5316,199,12006,California
San Benito, County,San Benito County,3/15/2021,324,17094,97,4982,208,11487,19,625,193,6771,131,5447,212,12218,California
San Benito, County,San Benito County,3/16/2021,513,17607,225,5207,256,11743,32,657,358,7005,154,5601,388,12606,California
San Benito, County,San Benito County,3/17/2021,803,18410,481,5688,300,12043,22,679,562,7345,236,5837,576,13182,California
San Benito, County,San Benito County,3/18/2021,791,19201,533,6221,204,12247,54,733,578,7754,212,6049,621,13803,California
San Benito, County,San Benito County,3/19/2021,781,19982,405,6626,352,12599,24,757,572,8140,209,6258,595,14398,California
San Benito, County,San Benito County,3/20/2021,250,20232,154,6780,86,12685,10,767,185,8270,65,6323,195,14593,California
San Benito, County,San Benito County,3/21/2021,112,20344,59,6839,49,12734,4,771,83,8328,29,6352,87,14680,California
San Benito, County,San Benito County,3/22/2021,368,20712,182,7021,161,12895,25,796,231,8449,135,6487,256,14936,California
San Benito, County,San Benito County,3/23/2021,480,21192,201,7222,269,13164,10,806,209,8396,271,6758,218,15154,California
San Benito, County,San Benito County,3/24/2021,594,21786,314,7536,273,13437,7,813,352,8516,239,6997,359,15513,California
San Benito, County,San Benito County,3/25/2021,754,22540,447,7983,303,13740,4,817,441,8652,309,7306,445,15958,California
San Benito, County,San Benito County,3/26/2021,1039,23579,537,8520,498,14238,4,821,338,8293,701,8007,342,16300,California
San Benito, County,San Benito County,3/27/2021,362,23941,203,8723,123,14361,36,857,230,8427,132,8139,266,16566,California
San Benito, County,San Benito County,3/28/2021,742,24683,611,9334,125,14486,6,863,134,7959,608,8747,140,16706,California
San Benito, County,San Benito County,3/29/2021,351,25034,113,9447,217,14703,21,884,143,7915,207,8954,163,16869,California
San Benito, County,San Benito County,3/30/2021,606,25640,292,9739,218,14921,96,980,305,8015,301,9255,401,17270,California
San Benito, County,San Benito County,3/31/2021,607,26247,372,10111,211,15132,24,1004,340,8115,264,9519,364,17634,California
San Benito, County,San Benito County,4/1/2021,972,27219,395,10506,537,15669,40,1044,567,8314,402,9921,601,18235,California
San Benito, County,San Benito County,4/2/2021,549,27768,263,10769,150,15819,136,1180,271,8444,277,10198,407,18642,California
San Benito, County,San Benito County,4/3/2021,264,28032,89,10858,110,15929,65,1245,74,8393,189,10387,138,18780,California
San Benito, County,San Benito County,4/4/2021,145,28177,108,10966,31,15960,6,1251,104,8462,41,10428,110,18890,California
San Benito, County,San Benito County,4/5/2021,361,28538,174,11140,144,16104,43,1294,150,8443,211,10639,192,19082,California
San Benito, County,San Benito County,4/6/2021,472,29010,163,11303,127,16231,182,1476,163,8478,309,10948,344,19426,California
San Benito, County,San Benito County,4/7/2021,952,29962,527,11830,234,16465,191,1667,271,8262,678,11626,462,19888,California
San Benito, County,San Benito County,4/8/2021,875,30837,437,12267,180,16645,258,1925,229,8105,644,12270,487,20375,California
San Benito, County,San Benito County,4/9/2021,857,31694,505,12772,260,16905,92,2017,298,7936,558,12828,389,20764,California
San Benito, County,San Benito County,4/10/2021,361,32055,219,12991,80,16985,62,2079,203,8043,158,12986,265,21029,California
San Benito, County,San Benito County,4/11/2021,486,32541,278,13269,172,17157,36,2115,276,8122,210,13196,289,21318,California
San Benito, County,San Benito County,4/12/2021,548,33089,295,13564,135,17292,118,2233,284,8257,263,13459,398,21716,California
San Benito, County,San Benito County,4/13/2021,766,33855,298,13862,445,17737,23,2256,530,8576,235,13694,554,22270,California
San Benito, County,San Benito County,4/14/2021,867,34722,681,14543,186,17923,0,2256,406,8529,453,14147,406,22676,California
San Benito, County,San Benito County,4/15/2021,962,35684,747,15290,214,18137,1,2257,481,8533,479,14626,483,23159,California
San Benito, County,San Benito County,4/16/2021,719,36403,374,15664,334,18471,11,2268,302,8433,414,15040,314,23473,California
San Benito, County,San Benito County,4/17/2021,326,36729,229,15893,97,18568,0,2268,133,8371,195,15235,133,23606,California
San Benito, County,San Benito County,4/18/2021,521,37250,438,16331,83,18651,0,2268,253,8358,268,15503,255,23861,California
San Benito, County,San Benito County,4/19/2021,764,38014,612,16943,152,18803,0,2268,433,8463,329,15832,434,24295,California
San Benito, County,San Benito County,4/20/2021,819,38833,443,17386,374,19177,2,2270,511,8672,303,16135,512,24807,California
San Benito, County,San Benito County,4/21/2021,998,39831,732,18118,266,19443,0,2270,542,8775,439,16574,542,25349,California
San Benito, County,San Benito County,4/22/2021,937,40768,714,18832,223,19666,0,2270,585,9016,344,16918,585,25934,California
San Benito, County,San Benito County,4/23/2021,669,41437,423,19255,246,19912,0,2270,358,9112,262,17180,358,26292,California
San Benito, County,San Benito County,4/24/2021,369,41806,204,19459,165,20077,0,2270,171,9126,157,17337,171,26463,California
San Benito, County,San Benito County,4/25/2021,209,42015,129,19588,80,20157,0,2270,97,9130,93,17430,97,26560,California
San Benito, County,San Benito County,4/26/2021,519,42534,413,20001,106,20263,0,2270,271,9216,185,17615,271,26831,California
San Benito, County,San Benito County,4/27/2021,578,43112,298,20299,272,20535,8,2278,419,9495,148,17763,427,27258,California
San Benito, County,San Benito County,4/28/2021,580,43692,409,20708,162,20697,9,2287,409,9746,166,17929,417,27675,California
San Benito, County,San Benito County,4/29/2021,644,44336,245,20953,389,21086,10,2297,260,9651,382,18311,287,27962,California
San Benito, County,San Benito County,4/30/2021,395,44731,223,21176,164,21250,8,2305,214,9694,179,18490,222,28184,California
San Benito, County,San Benito County,5/1/2021,208,44939,152,21328,47,21297,9,2314,65,9628,140,18630,74,28258,California
San Benito, County,San Benito County,5/2/2021,200,45139,169,21497,27,21324,4,2318,60,9552,140,18770,64,28322,California
San Benito, County,San Benito County,5/3/2021,381,45520,299,21796,70,21394,12,2330,92,9370,288,19058,106,28428,California
San Benito, County,San Benito County,5/4/2021,431,45951,265,22061,158,21552,8,2338,152,9252,277,19335,159,28587,California
San Benito, County,San Benito County,5/5/2021,631,46582,446,22507,168,21720,17,2355,220,9081,408,19743,237,28824,California
San Benito, County,San Benito County,5/6/2021,650,47232,517,23024,117,21837,16,2371,228,8906,419,20162,244,29068,California
San Benito, County,San Benito County,5/7/2021,468,47700,297,23321,160,21997,11,2382,181,8814,285,20447,193,29261,California
San Benito, County,San Benito County,5/8/2021,289,47989,232,23553,51,22048,6,2388,156,8843,133,20580,162,29423,California
San Benito, County,San Benito County,5/9/2021,113,48102,87,23640,23,22071,3,2391,47,8828,65,20645,50,29473,California
San Benito, County,San Benito County,5/10/2021,436,48538,343,23983,68,22139,25,2416,53,8524,383,21028,79,29552,California
San Benito, County,San Benito County,5/11/2021,863,49401,449,24432,398,22537,16,2432,197,8074,664,21692,214,29766,California
San Benito, County,San Benito County,5/12/2021,529,49930,418,24850,98,22635,13,2445,127,7815,400,22092,141,29907,California
San Benito, County,San Benito County,5/13/2021,753,50683,644,25494,93,22728,16,2461,217,7513,534,22626,232,30139,California
San Benito, County,San Benito County,5/14/2021,615,51298,457,25951,151,22879,7,2468,237,7380,377,23003,244,30383,California
San Benito, County,San Benito County,5/15/2021,234,51532,175,26126,53,22932,6,2474,130,7412,104,23107,136,30519,California
San Benito, County,San Benito County,5/16/2021,171,51703,144,26270,25,22957,2,2476,95,7433,76,23183,97,30616,California
San Benito, County,San Benito County,5/17/2021,402,52105,321,26591,71,23028,10,2486,175,7394,224,23407,185,30801,California
San Benito, County,San Benito County,5/18/2021,691,52796,368,26959,318,23346,5,2491,215,7139,476,23883,221,31022,California
San Benito, County,San Benito County,5/19/2021,585,53381,421,27380,156,23502,8,2499,226,7014,359,24242,234,31256,California
San Benito, County,San Benito County,5/20/2021,615,53996,484,27864,120,23622,11,2510,325,7062,288,24530,336,31592,California
San Benito, County,San Benito County,5/21/2021,485,54481,286,28150,182,23804,17,2527,219,7034,264,24794,236,31828,California
San Benito, County,San Benito County,5/22/2021,307,54788,229,28379,73,23877,5,2532,187,7109,118,24912,193,32021,California
San Benito, County,San Benito County,5/23/2021,100,54888,62,28441,34,23911,4,2536,37,7086,63,24975,40,32061,California
San Benito, County,San Benito County,5/24/2021,314,55202,265,28706,42,23953,7,2543,191,7162,122,25097,198,32259,California
San Benito, County,San Benito County,5/25/2021,531,55733,244,28950,280,24233,7,2550,172,6984,357,25454,179,32438,California
San Benito, County,San Benito County,5/26/2021,321,56054,198,29148,115,24348,8,2558,127,6926,192,25646,134,32572,California
San Benito, County,San Benito County,5/27/2021,413,56467,317,29465,73,24421,23,2581,153,6845,260,25906,179,32751,California
San Benito, County,San Benito County,5/28/2021,295,56762,180,29645,107,24528,8,2589,113,6785,181,26087,121,32872,California
San Benito, County,San Benito County,5/29/2021,151,56913,129,29774,20,24548,2,2591,66,6768,85,26172,68,32940,California
San Benito, County,San Benito County,5/30/2021,269,57182,252,30026,17,24565,0,2591,92,6683,177,26349,92,33032,California
San Benito, County,San Benito County,5/31/2021,101,57283,88,30114,11,24576,2,2593,44,6673,56,26405,46,33078,California
San Benito, County,San Benito County,6/1/2021,270,57553,124,30238,120,24696,26,2619,85,6600,183,26588,110,33188,California
San Benito, County,San Benito County,6/2/2021,324,57877,245,30483,77,24773,2,2621,111,6502,212,26800,114,33302,California
San Benito, County,San Benito County,6/3/2021,343,58220,292,30775,46,24819,5,2626,100,6366,241,27041,105,33407,California
San Benito, County,San Benito County,6/4/2021,279,58499,210,30985,69,24888,0,2626,87,6262,191,27232,87,33494,California
San Benito, County,San Benito County,6/5/2021,103,58602,84,31069,18,24906,1,2627,25,6211,77,27309,26,33520,California
San Benito, County,San Benito County,6/6/2021,60,58662,49,31118,8,24914,3,2630,13,6180,47,27356,16,33536,California
San Benito, County,San Benito County,6/7/2021,336,58998,297,31415,34,24948,5,2635,85,6021,249,27605,90,33626,California
San Benito, County,San Benito County,6/8/2021,311,59309,219,31634,77,25025,15,2650,95,5916,215,27820,110,33736,California
San Benito, County,San Benito County,6/9/2021,245,59554,188,31822,49,25074,8,2658,70,5821,173,27993,78,33814,California
San Benito, County,San Benito County,6/10/2021,365,59919,334,32156,24,25098,7,2665,74,5614,288,28281,81,33895,California
San Benito, County,San Benito County,6/11/2021,263,60182,235,32391,23,25121,5,2670,94,5546,167,28448,99,33994,California
San Benito, County,San Benito County,6/12/2021,162,60344,148,32539,10,25131,4,2674,48,5499,99,28547,52,34046,California
San Benito, County,San Benito County,6/13/2021,55,60399,43,32582,10,25141,2,2676,17,5487,31,28578,19,34065,California
San Benito, County,San Benito County,6/14/2021,183,60582,153,32735,26,25167,4,2680,63,5435,118,28696,66,34131,California
San Benito, County,San Benito County,6/15/2021,225,60807,131,32866,88,25255,6,2686,79,5377,144,28840,86,34217,California
San Benito, County,San Benito County,6/16/2021,215,61022,171,33037,31,25286,13,2699,72,5320,142,28982,85,34302,California
San Benito, County,San Benito County,6/17/2021,256,61278,211,33248,17,25303,28,2727,78,5249,178,29160,107,34409,California
San Benito, County,San Benito County,6/18/2021,164,61442,107,33355,50,25353,7,2734,68,5228,96,29256,75,34484,California
San Benito, County,San Benito County,6/19/2021,114,61556,108,33463,6,25359,0,2734,48,5210,66,29322,48,34532,California
San Benito, County,San Benito County,6/20/2021,38,61594,36,33499,2,25361,0,2734,18,5208,20,29342,18,34550,California
San Benito, County,San Benito County,6/21/2021,117,61711,87,33586,15,25376,15,2749,63,5232,53,29395,77,34627,California
San Benito, County,San Benito County,6/22/2021,227,61938,126,33712,60,25436,41,2790,75,5196,151,29546,115,34742,California
San Benito, County,San Benito County,6/23/2021,150,62088,112,33824,28,25464,10,2800,60,5176,90,29636,70,34812,California
San Benito, County,San Benito County,6/24/2021,190,62278,162,33986,15,25479,13,2813,81,5161,109,29745,94,34906,California
San Benito, County,San Benito County,6/25/2021,153,62431,121,34107,30,25509,2,2815,65,5141,88,29833,68,34974,California
San Benito, County,San Benito County,6/26/2021,80,62511,63,34170,15,25524,2,2817,35,5134,44,29877,37,35011,California
San Benito, County,San Benito County,6/27/2021,58,62569,51,34221,2,25526,5,2822,24,5129,34,29911,29,35040,California
San Benito, County,San Benito County,6/28/2021,124,62693,101,34322,19,25545,4,2826,51,5111,73,29984,55,35095,California
San Benito, County,San Benito County,6/29/2021,111,62804,58,34380,41,25586,12,2838,41,5095,70,30054,54,35149,California
San Benito, County,San Benito County,6/30/2021,138,62942,113,34493,18,25604,7,2845,53,5071,84,30138,60,35209,California
San Benito, County,San Benito County,7/1/2021,133,63075,104,34597,20,25624,9,2854,53,5052,79,30217,60,35269,California
San Benito, County,San Benito County,7/2/2021,130,63205,74,34671,44,25668,12,2866,52,5038,78,30295,64,35333,California
San Benito, County,San Benito County,7/3/2021,103,63308,97,34768,5,25673,1,2867,56,5048,47,30342,57,35390,California
San Benito, County,San Benito County,7/4/2021,14,63322,13,34781,1,25674,0,2867,6,5046,8,30350,6,35396,California
San Benito, County,San Benito County,7/5/2021,93,63415,79,34860,13,25687,1,2868,45,5044,48,30398,46,35442,California
San Benito, County,San Benito County,7/6/2021,120,63535,59,34919,52,25739,9,2877,45,5023,75,30473,54,35496,California
San Benito, County,San Benito County,7/7/2021,144,63679,106,35025,36,25775,2,2879,50,4983,92,30565,52,35548,California
San Benito, County,San Benito County,7/8/2021,101,63780,82,35107,15,25790,4,2883,45,4978,54,30619,49,35597,California
San Benito, County,San Benito County,7/9/2021,84,63864,57,35164,24,25814,3,2886,42,4981,42,30661,45,35642,California
San Benito, County,San Benito County,7/10/2021,161,64025,100,35264,9,25823,52,2938,44,4960,117,30778,96,35738,California
San Benito, County,San Benito County,7/11/2021,44,64069,37,35301,7,25830,0,2938,10,4936,34,30812,10,35748,California
San Benito, County,San Benito County,7/12/2021,92,64161,60,35361,28,25858,4,2942,37,4921,55,30867,40,35788,California
San Benito, County,San Benito County,7/13/2021,136,64297,73,35434,60,25918,3,2945,54,4896,82,30949,57,35845,California
San Benito, County,San Benito County,7/14/2021,126,64423,93,35527,26,25944,7,2952,45,4868,80,31029,52,35897,California
San Benito, County,San Benito County,7/15/2021,152,64575,127,35654,21,25965,4,2956,71,4863,80,31109,75,35972,California
San Benito, County,San Benito County,7/16/2021,99,64674,74,35728,18,25983,7,2963,52,4875,47,31156,59,36031,California
San Benito, County,San Benito County,7/17/2021,83,64757,66,35794,16,25999,1,2964,39,4871,44,31200,40,36071,California
San Benito, County,San Benito County,7/18/2021,26,64783,18,35812,6,26005,2,2966,11,4869,15,31215,13,36084,California
San Benito, County,San Benito County,7/19/2021,125,64908,99,35911,19,26024,7,2973,70,4890,55,31270,76,36160,California
San Benito, County,San Benito County,7/20/2021,83,64991,41,35952,37,26061,5,2978,42,4896,41,31311,47,36207,California
San Benito, County,San Benito County,7/21/2021,158,65149,124,36076,33,26094,1,2979,85,4909,73,31384,86,36293,California
San Benito, County,San Benito County,7/22/2021,93,65242,70,36146,19,26113,4,2983,49,4918,44,31428,53,36346,California
San Benito, County,San Benito County,7/23/2021,145,65387,99,36245,39,26152,7,2990,79,4940,64,31492,86,36432,California
San Benito, County,San Benito County,7/24/2021,105,65492,82,36327,19,26171,4,2994,55,4949,50,31542,59,36491,California
San Benito, County,San Benito County,7/25/2021,63,65555,55,36382,8,26179,0,2994,40,4967,22,31564,40,36531,California
San Benito, County,San Benito County,7/26/2021,94,65649,71,36453,19,26198,4,2998,58,4993,36,31600,62,36593,California
San Benito, County,San Benito County,7/27/2021,124,65773,91,36544,29,26227,4,3002,84,5041,40,31640,88,36681,California
San Benito, County,San Benito County,7/28/2021,163,65936,133,36677,22,26249,8,3010,110,5105,53,31693,117,36798,California
San Benito, County,San Benito County,7/29/2021,144,66080,122,36799,15,26264,7,3017,85,5140,57,31750,92,36890,California
San Benito, County,San Benito County,7/30/2021,120,66200,74,36873,38,26302,8,3025,75,5178,45,31795,83,36973,California
San Benito, County,San Benito County,7/31/2021,119,66319,95,36968,18,26320,6,3031,74,5215,43,31838,80,37053,California
San Benito, County,San Benito County,8/1/2021,24,66343,14,36982,9,26329,1,3032,19,5231,4,31842,20,37073,California
San Benito, County,San Benito County,8/2/2021,107,66450,75,37057,28,26357,4,3036,72,5271,35,31877,75,37148,California
San Benito, County,San Benito County,8/3/2021,170,66620,117,37174,42,26399,11,3047,110,5333,59,31936,121,37269,California
San Benito, County,San Benito County,8/4/2021,144,66764,113,37287,25,26424,6,3053,100,5395,44,31980,106,37375,California
San Benito, County,San Benito County,8/5/2021,181,66945,134,37421,40,26464,7,3060,116,5453,65,32045,123,37498,California
San Benito, County,San Benito County,8/6/2021,144,67089,93,37514,45,26509,6,3066,89,5493,55,32100,95,37593,California
San Benito, County,San Benito County,8/7/2021,32,67121,18,37532,14,26523,0,3066,27,5515,5,32105,27,37620,California
San Benito, County,San Benito County,8/8/2021,103,67224,89,37621,13,26536,1,3067,71,5555,32,32137,72,37692,California
San Benito, County,San Benito County,8/9/2021,138,67362,97,37718,36,26572,5,3072,65,5553,72,32209,70,37762,California
San Benito, County,San Benito County,8/10/2021,78,67440,58,37776,13,26585,7,3079,49,5580,29,32238,56,37818,California
San Bernardino, County,San Bernardino County,12/15/2020,13,13,13,13,0,0,0,0,13,13,0,0,13,13,California
San Bernardino, County,San Bernardino County,12/16/2020,115,128,115,128,0,0,0,0,115,128,0,0,115,128,California
San Bernardino, County,San Bernardino County,12/17/2020,2389,2517,2389,2517,0,0,0,0,2389,2517,0,0,2389,2517,California
San Bernardino, County,San Bernardino County,12/18/2020,3293,5810,3289,5806,4,4,0,0,3294,5811,0,0,3294,5811,California
San Bernardino, County,San Bernardino County,12/19/2020,1158,6968,1157,6963,1,5,0,0,1159,6970,0,0,1159,6970,California
San Bernardino, County,San Bernardino County,12/20/2020,1221,8189,1217,8180,4,9,0,0,1221,8191,0,0,1221,8191,California
San Bernardino, County,San Bernardino County,12/21/2020,2481,10670,2474,10654,7,16,0,0,2481,10672,0,0,2481,10672,California
San Bernardino, County,San Bernardino County,12/22/2020,2302,12972,2171,12825,131,147,0,0,2302,12974,0,0,2302,12974,California
San Bernardino, County,San Bernardino County,12/23/2020,2706,15678,1497,14322,1209,1356,0,0,2706,15680,0,0,2706,15680,California
San Bernardino, County,San Bernardino County,12/24/2020,1184,16862,603,14925,581,1937,0,0,1184,16863,1,1,1184,16864,California
San Bernardino, County,San Bernardino County,12/25/2020,77,16939,17,14942,60,1997,0,0,77,16940,0,1,77,16941,California
San Bernardino, County,San Bernardino County,12/26/2020,467,17406,255,15197,212,2209,0,0,467,17407,0,1,467,17408,California
San Bernardino, County,San Bernardino County,12/27/2020,350,17756,164,15361,186,2395,0,0,349,17755,1,2,349,17757,California
San Bernardino, County,San Bernardino County,12/28/2020,1607,19363,704,16065,903,3298,0,0,1608,19363,0,2,1608,19365,California
San Bernardino, County,San Bernardino County,12/29/2020,2291,21654,1047,17112,1244,4542,0,0,2291,21654,0,2,2291,21656,California
San Bernardino, County,San Bernardino County,12/30/2020,2944,24598,1470,18582,1474,6016,0,0,2943,24597,0,2,2943,24599,California
San Bernardino, County,San Bernardino County,12/31/2020,1398,25996,449,19031,949,6965,0,0,1396,25993,0,2,1396,25995,California
San Bernardino, County,San Bernardino County,1/1/2021,262,26258,154,19185,108,7073,0,0,261,26254,0,2,261,26256,California
San Bernardino, County,San Bernardino County,1/2/2021,497,26755,349,19534,148,7221,0,0,497,26751,0,2,497,26753,California
San Bernardino, County,San Bernardino County,1/3/2021,174,26929,88,19622,86,7307,0,0,174,26925,0,2,174,26927,California
San Bernardino, County,San Bernardino County,1/4/2021,2162,29091,1301,20923,861,8168,0,0,2161,29086,0,2,2161,29088,California
San Bernardino, County,San Bernardino County,1/5/2021,2374,31465,1480,22403,894,9062,0,0,2260,31234,112,114,2260,31348,California
San Bernardino, County,San Bernardino County,1/6/2021,3576,35041,2462,24865,1114,10176,0,0,2990,33647,579,693,2992,34340,California
San Bernardino, County,San Bernardino County,1/7/2021,5527,40568,4577,29442,950,11126,0,0,2513,33166,2995,3688,2514,36854,California
San Bernardino, County,San Bernardino County,1/8/2021,5487,46055,4539,33981,948,12074,0,0,2329,32342,3154,6842,2330,39184,California
San Bernardino, County,San Bernardino County,1/9/2021,1428,47483,1117,35098,311,12385,0,0,914,32742,514,7356,914,40098,California
San Bernardino, County,San Bernardino County,1/10/2021,1035,48518,603,35701,432,12817,0,0,583,32873,452,7808,583,40681,California
San Bernardino, County,San Bernardino County,1/11/2021,5008,53526,4096,39797,912,13729,0,0,2779,33427,2225,10033,2779,43460,California
San Bernardino, County,San Bernardino County,1/12/2021,4279,57805,3242,43039,1037,14766,0,0,2536,34224,1739,11772,2536,45996,California
San Bernardino, County,San Bernardino County,1/13/2021,4663,62468,2869,45908,1794,16560,0,0,3409,36391,1243,13015,3410,49406,California
San Bernardino, County,San Bernardino County,1/14/2021,4905,67373,2826,48734,2079,18639,0,0,4297,40084,604,13619,4297,53703,California
San Bernardino, County,San Bernardino County,1/15/2021,6088,73461,3030,51764,3058,21697,0,0,5687,45380,394,14013,5690,59393,California
San Bernardino, County,San Bernardino County,1/16/2021,2283,75744,1298,53062,985,22682,0,0,2135,47367,148,14161,2135,61528,California
San Bernardino, County,San Bernardino County,1/17/2021,1190,76934,504,53566,686,23368,0,0,1107,48393,82,14243,1108,62636,California
San Bernardino, County,San Bernardino County,1/18/2021,4303,81237,2638,56204,1665,25033,0,0,3672,51437,631,14874,3675,66311,California
San Bernardino, County,San Bernardino County,1/19/2021,6399,87636,3465,59669,2934,27967,0,0,5293,55628,1104,15978,5295,71606,California
San Bernardino, County,San Bernardino County,1/20/2021,6941,94577,3792,63461,3149,31116,0,0,4961,58622,1969,17947,4963,76569,California
San Bernardino, County,San Bernardino County,1/21/2021,6081,100658,3121,66582,2960,34076,0,0,4944,62439,1129,19076,4946,81515,California
San Bernardino, County,San Bernardino County,1/22/2021,6623,107281,3065,69647,3558,37634,0,0,5888,67595,733,19809,5889,87404,California
San Bernardino, County,San Bernardino County,1/23/2021,3154,110435,1899,71546,1255,38889,0,0,2748,69938,405,20214,2748,90152,California
San Bernardino, County,San Bernardino County,1/24/2021,1216,111651,463,72009,753,39642,0,0,1110,70942,106,20320,1110,91262,California
San Bernardino, County,San Bernardino County,1/25/2021,6998,118649,3426,75435,3572,43214,0,0,5111,74175,1883,22203,5116,96378,California
San Bernardino, County,San Bernardino County,1/26/2021,7188,125837,3510,78945,3678,46892,0,0,4979,76947,2209,24412,4981,101359,California
San Bernardino, County,San Bernardino County,1/27/2021,8715,134552,4187,83132,4528,51420,0,0,5810,79860,2897,27309,5810,107169,California
San Bernardino, County,San Bernardino County,1/28/2021,8690,143242,4093,87225,4597,56017,0,0,6329,83837,2352,29661,6329,113498,California
San Bernardino, County,San Bernardino County,1/29/2021,8271,151513,3771,90996,4500,60517,0,0,6248,88082,2004,31665,6249,119747,California
San Bernardino, County,San Bernardino County,1/30/2021,3099,154612,1863,92859,1236,61753,0,0,2797,90580,300,31965,2798,122545,California
San Bernardino, County,San Bernardino County,1/31/2021,940,155552,487,93346,453,62206,0,0,881,91403,58,32023,881,123426,California
San Bernardino, County,San Bernardino County,2/1/2021,7664,163216,4260,97606,3404,65610,0,0,4960,93665,2699,34722,4961,128387,California
San Bernardino, County,San Bernardino County,2/2/2021,10625,173841,3680,101286,6945,72555,0,0,8486,100018,2135,36857,8488,136875,California
San Bernardino, County,San Bernardino County,2/3/2021,9132,182973,4162,105448,4970,77525,0,0,6571,104038,2553,39410,6573,143448,California
San Bernardino, County,San Bernardino County,2/4/2021,10599,193572,5182,110630,5417,82942,0,0,7448,108347,3140,42550,7449,150897,California
San Bernardino, County,San Bernardino County,2/5/2021,11230,204802,5997,116627,5233,88175,0,0,7571,112272,3647,46197,7572,158469,California
San Bernardino, County,San Bernardino County,2/6/2021,5318,210120,2225,118852,3093,91268,0,0,3666,114318,1623,47820,3669,162138,California
San Bernardino, County,San Bernardino County,2/7/2021,857,210977,497,119349,360,91628,0,0,467,114400,386,48206,468,162606,California
San Bernardino, County,San Bernardino County,2/8/2021,7387,218364,3936,123285,3451,95079,0,0,5681,118378,1703,49909,5681,168287,California
San Bernardino, County,San Bernardino County,2/9/2021,10278,228642,5675,128960,4603,99682,0,0,6905,122195,3092,53001,6909,175196,California
San Bernardino, County,San Bernardino County,2/10/2021,12291,240933,6533,135493,5758,105440,0,0,8103,126121,4178,57179,8104,183300,California
San Bernardino, County,San Bernardino County,2/11/2021,12620,253553,7233,142726,5387,110827,0,0,7997,129529,4594,61773,8002,191302,California
San Bernardino, County,San Bernardino County,2/12/2021,10656,264209,5983,148709,4673,115500,0,0,5798,130537,4794,66567,5802,197104,California
San Bernardino, County,San Bernardino County,2/13/2021,6172,270381,4099,152808,2073,117573,0,0,3868,132123,2287,68854,3873,200977,California
San Bernardino, County,San Bernardino County,2/14/2021,1599,271980,677,153485,922,118495,0,0,903,132338,689,69543,904,201881,California
San Bernardino, County,San Bernardino County,2/15/2021,5573,277553,3031,156516,2542,121037,0,0,3113,133004,2447,71990,3113,204994,California
San Bernardino, County,San Bernardino County,2/16/2021,12769,290322,7422,163938,5347,126384,0,0,8061,136377,4693,76683,8066,213060,California
San Bernardino, County,San Bernardino County,2/17/2021,12009,302331,6564,170502,5445,131829,0,0,7218,138834,4766,81449,7223,220283,California
San Bernardino, County,San Bernardino County,2/18/2021,12705,315036,7691,178193,5014,136843,0,0,7835,141824,4849,86298,7839,228122,California
San Bernardino, County,San Bernardino County,2/19/2021,11883,326919,6101,184294,5782,142625,0,0,7007,143981,4852,91150,7009,235131,California
San Bernardino, County,San Bernardino County,2/20/2021,4657,331576,3568,187862,1089,143714,0,0,2084,143505,2563,93713,2087,237218,California
San Bernardino, County,San Bernardino County,2/21/2021,1211,332787,734,188596,477,144191,0,0,423,143141,788,94501,424,237642,California
San Bernardino, County,San Bernardino County,2/22/2021,9164,341951,5651,194247,3513,147704,0,0,4202,142408,4936,99437,4203,241845,California
San Bernardino, County,San Bernardino County,2/23/2021,9948,351899,6031,200278,3917,151621,0,0,5019,142540,4894,104331,5026,246871,California
San Bernardino, County,San Bernardino County,2/24/2021,13125,365024,7557,207835,5568,157189,0,0,6386,142222,6711,111042,6393,253264,California
San Bernardino, County,San Bernardino County,2/25/2021,13793,378817,6659,214494,7134,164323,0,0,7952,144366,5813,116855,7957,261221,California
San Bernardino, County,San Bernardino County,2/26/2021,14387,393204,6754,221248,7633,171956,0,0,7984,146031,6328,123183,7993,269214,California
San Bernardino, County,San Bernardino County,2/27/2021,6998,400202,3903,225151,3093,175049,2,2,5007,149068,1976,125159,5013,274227,California
San Bernardino, County,San Bernardino County,2/28/2021,1887,402089,801,225952,1086,176135,0,2,1201,149598,673,125832,1203,275430,California
San Bernardino, County,San Bernardino County,3/1/2021,8846,410935,4578,230530,4263,180398,5,7,3997,148798,4813,130645,4013,279443,California
San Bernardino, County,San Bernardino County,3/2/2021,14432,425367,5714,236244,8718,189116,0,7,6719,147855,7672,138317,6729,286172,California
San Bernardino, County,San Bernardino County,3/3/2021,13487,438854,6889,243133,6593,195709,5,12,6335,147081,7123,145440,6349,292521,California
San Bernardino, County,San Bernardino County,3/4/2021,14284,453138,7007,250140,7276,202985,1,13,6166,145168,8089,153529,6176,298697,California
San Bernardino, County,San Bernardino County,3/5/2021,14684,467822,7568,257708,7114,210099,2,15,7086,144717,7559,161088,7108,305805,California
San Bernardino, County,San Bernardino County,3/6/2021,9843,477665,5514,263222,4095,214194,234,249,4560,144247,5260,166348,4790,310595,California
San Bernardino, County,San Bernardino County,3/7/2021,1798,479463,1040,264262,622,214816,136,385,1096,144782,699,167047,1234,311829,California
San Bernardino, County,San Bernardino County,3/8/2021,8254,487717,3635,267897,4431,219247,188,573,3667,144062,4578,171625,3858,315687,California
San Bernardino, County,San Bernardino County,3/9/2021,13226,500943,7544,275441,5422,224669,260,833,5284,141683,7924,179549,5545,321232,California
San Bernardino, County,San Bernardino County,3/10/2021,14331,515274,7897,283338,5878,230547,556,1389,6380,140697,7921,187470,6935,328167,California
San Bernardino, County,San Bernardino County,3/11/2021,15975,531249,7514,290852,6847,237394,1614,3003,7452,141255,8498,195968,9056,337223,California
San Bernardino, County,San Bernardino County,3/12/2021,15713,546962,7017,297869,6645,244039,2051,5054,7378,142422,8298,204266,9465,346688,California
San Bernardino, County,San Bernardino County,3/13/2021,8478,555440,4601,302470,3347,247386,530,5584,4990,144473,3471,207737,5522,352210,California
San Bernardino, County,San Bernardino County,3/14/2021,3347,558787,1698,304168,1062,248448,587,6171,1857,145430,1480,209217,2437,354647,California
San Bernardino, County,San Bernardino County,3/15/2021,11516,570303,5419,309587,4069,252517,2028,8199,5423,146798,6070,215287,7438,362085,California
San Bernardino, County,San Bernardino County,3/16/2021,16352,586655,8094,317681,7314,259831,944,9143,9847,151124,6469,221756,10795,372880,California
San Bernardino, County,San Bernardino County,3/17/2021,17611,604266,8750,326431,8116,267947,745,9888,10535,155353,7047,228803,11276,384156,California
San Bernardino, County,San Bernardino County,3/18/2021,16907,621173,8365,334796,8146,276093,396,10284,9829,158532,7042,235845,10221,394377,California
San Bernardino, County,San Bernardino County,3/19/2021,17218,638391,8536,343332,8080,284173,602,10886,9717,161433,7465,243310,10366,404743,California
San Bernardino, County,San Bernardino County,3/20/2021,9654,648045,6047,349379,2996,287169,611,11497,5648,163709,3975,247285,6251,410994,California
San Bernardino, County,San Bernardino County,3/21/2021,2880,650925,2326,351705,501,287670,53,11550,2277,165454,584,247869,2329,413323,California
San Bernardino, County,San Bernardino County,3/22/2021,9805,660730,4637,356342,4730,292400,438,11988,7057,170231,2718,250587,7495,420818,California
San Bernardino, County,San Bernardino County,3/23/2021,15830,676560,8957,365299,6244,298644,629,12617,9637,174329,6163,256750,10261,431079,California
San Bernardino, County,San Bernardino County,3/24/2021,15370,691930,7906,373205,7151,305795,313,12930,10018,179353,5308,262058,10332,441411,California
San Bernardino, County,San Bernardino County,3/25/2021,17276,709206,8460,381665,8507,314302,309,13239,10790,184026,6421,268479,11094,452505,California
San Bernardino, County,San Bernardino County,3/26/2021,18536,727742,8781,390446,8984,323286,771,14010,10945,188188,7554,276033,11716,464221,California
San Bernardino, County,San Bernardino County,3/27/2021,10994,738736,7072,397518,3160,326446,762,14772,6215,190412,4751,280784,6975,471196,California
San Bernardino, County,San Bernardino County,3/28/2021,3702,742438,2595,400113,989,327435,118,14890,2551,191940,1140,281924,2668,473864,California
San Bernardino, County,San Bernardino County,3/29/2021,12187,754625,6204,406317,5582,333017,401,15291,7991,196161,4170,286094,8391,482255,California
San Bernardino, County,San Bernardino County,3/30/2021,17144,771769,9559,415876,6863,339880,722,16013,10538,200850,6560,292654,11249,493504,California
San Bernardino, County,San Bernardino County,3/31/2021,16777,788546,9443,425319,6691,346571,643,16656,10929,206615,5804,298458,11569,505073,California
San Bernardino, County,San Bernardino County,4/1/2021,20032,808578,10584,435903,8012,354583,1436,18092,12784,213629,7191,305649,14205,519278,California
San Bernardino, County,San Bernardino County,4/2/2021,19066,827644,9571,445474,8198,362781,1297,19389,11472,218878,7559,313208,12808,532086,California
San Bernardino, County,San Bernardino County,4/3/2021,11251,838895,7029,452503,3075,365856,1147,20536,6119,221021,5112,318320,7255,539341,California
San Bernardino, County,San Bernardino County,4/4/2021,2542,841437,1533,454036,754,366610,255,20791,1270,221284,1261,319581,1524,540865,California
San Bernardino, County,San Bernardino County,4/5/2021,11979,853416,5359,459395,4817,371427,1803,22594,6055,223236,5896,325477,7848,548713,California
San Bernardino, County,San Bernardino County,4/6/2021,19980,873396,11245,470640,6608,378035,2127,24721,10513,226448,9415,334892,12627,561340,California
San Bernardino, County,San Bernardino County,4/7/2021,21332,894728,11463,482103,7351,385386,2518,27239,11559,230770,9737,344629,14059,575399,California
San Bernardino, County,San Bernardino County,4/8/2021,22223,916951,11404,493507,8161,393547,2658,29897,12151,235520,10037,354666,14787,590186,California
San Bernardino, County,San Bernardino County,4/9/2021,22088,939039,11240,504747,8202,401749,2646,32543,11951,240007,10086,364752,14573,604759,California
San Bernardino, County,San Bernardino County,4/10/2021,15868,954907,8219,512966,3898,405647,3751,36294,7874,243642,7969,372721,11604,616363,California
San Bernardino, County,San Bernardino County,4/11/2021,4529,959436,2635,515601,905,406552,989,37283,2070,244239,2451,375172,3048,619411,California
San Bernardino, County,San Bernardino County,4/12/2021,13648,973084,6309,521910,5671,412223,1668,38951,6479,245235,7140,382312,8136,627547,California
San Bernardino, County,San Bernardino County,4/13/2021,19615,992699,11182,533092,8413,420636,20,38971,11234,248147,8344,390656,11256,638803,California
San Bernardino, County,San Bernardino County,4/14/2021,19676,1012375,10490,543582,9183,429819,3,38974,11035,250589,8599,399255,11041,649844,California
San Bernardino, County,San Bernardino County,4/15/2021,20714,1033089,11545,555127,9163,438982,6,38980,10902,251737,9761,409016,10909,660753,California
San Bernardino, County,San Bernardino County,4/16/2021,19052,1052141,10780,565907,8271,447253,1,38981,9266,251265,9740,418756,9268,670021,California
San Bernardino, County,San Bernardino County,4/17/2021,12168,1064309,8022,573929,4145,451398,1,38982,6291,251728,5828,424584,6291,676312,California
San Bernardino, County,San Bernardino County,4/18/2021,3287,1067596,2355,576284,932,452330,0,38982,1405,251267,1866,426450,1405,677717,California
San Bernardino, County,San Bernardino County,4/19/2021,12764,1080360,6811,583095,5952,458282,1,38983,4887,248316,7844,434294,4893,682610,California
San Bernardino, County,San Bernardino County,4/20/2021,18369,1098729,10385,593480,7981,466263,3,38986,8244,246478,10087,444381,8249,690859,California
San Bernardino, County,San Bernardino County,4/21/2021,19281,1118010,11353,604833,7924,474187,4,38990,8356,243990,10850,455231,8362,699221,California
San Bernardino, County,San Bernardino County,4/22/2021,20036,1138046,11638,616471,8394,482581,4,38994,8081,240188,11892,467123,8090,707311,California
San Bernardino, County,San Bernardino County,4/23/2021,19258,1157304,11178,627649,8079,490660,1,38995,8272,237536,10928,478051,8276,715587,California
San Bernardino, County,San Bernardino County,4/24/2021,13133,1170437,9656,637305,3475,494135,2,38997,7043,238514,6067,484118,7045,722632,California
San Bernardino, County,San Bernardino County,4/25/2021,3486,1173923,2278,639583,1208,495343,0,38997,1708,238468,1757,485875,1711,724343,California
San Bernardino, County,San Bernardino County,4/26/2021,11537,1185460,6303,645886,5144,500487,90,39087,4908,236881,6585,492460,4998,729341,California
San Bernardino, County,San Bernardino County,4/27/2021,16995,1202455,10309,656195,6471,506958,215,39302,6950,234056,9989,502449,7164,736505,California
San Bernardino, County,San Bernardino County,4/28/2021,15389,1217844,9280,665475,5830,512788,279,39581,5550,230068,9807,512256,5819,742324,California
San Bernardino, County,San Bernardino County,4/29/2021,16927,1234771,9875,675350,6781,519569,271,39852,5682,224812,11206,523462,5950,748274,California
San Bernardino, County,San Bernardino County,4/30/2021,17202,1251973,10948,686298,5968,525537,286,40138,6371,220688,10781,534243,6657,754931,California
San Bernardino, County,San Bernardino County,5/1/2021,11017,1262990,8586,694884,2114,527651,317,40455,3805,217610,7193,541436,4115,759046,California
San Bernardino, County,San Bernardino County,5/2/2021,3002,1265992,2176,697060,695,528346,131,40586,1068,216888,1920,543356,1198,760244,California
San Bernardino, County,San Bernardino County,5/3/2021,10266,1276258,5926,702986,3929,532275,411,40997,2940,212930,7310,550666,3352,763596,California
San Bernardino, County,San Bernardino County,5/4/2021,16298,1292556,10027,713013,5805,538080,466,41463,4754,206652,11495,562161,5217,768813,California
San Bernardino, County,San Bernardino County,5/5/2021,15983,1308539,9377,722390,6192,544272,414,41877,4516,200159,11416,573577,4923,773736,California
San Bernardino, County,San Bernardino County,5/6/2021,16354,1324893,9465,731855,6465,550737,424,42301,4482,193246,11818,585395,4905,778641,California
San Bernardino, County,San Bernardino County,5/7/2021,15884,1340777,9000,740855,6510,557247,374,42675,4705,187218,11101,596496,5073,783714,California
San Bernardino, County,San Bernardino County,5/8/2021,9777,1350554,6559,747414,2947,560194,271,42946,3375,184504,6361,602857,3647,787361,California
San Bernardino, County,San Bernardino County,5/9/2021,2103,1352657,1403,748817,610,560804,90,43036,836,184171,1259,604116,926,788287,California
San Bernardino, County,San Bernardino County,5/10/2021,7842,1360499,3620,752437,3903,564707,319,43355,2387,181469,5406,609522,2704,790991,California
San Bernardino, County,San Bernardino County,5/11/2021,12914,1373413,7225,759662,5326,570033,363,43718,4148,177263,8717,618239,4511,795502,California
San Bernardino, County,San Bernardino County,5/12/2021,13113,1386526,7153,766815,5627,575660,333,44051,3740,172018,9316,627555,4071,799573,California
San Bernardino, County,San Bernardino County,5/13/2021,13822,1400348,8365,775180,5096,580756,361,44412,5391,169386,8377,635932,5745,805318,California
San Bernardino, County,San Bernardino County,5/14/2021,14268,1414616,9496,784676,4424,585180,348,44760,5934,167390,8278,644210,6282,811600,California
San Bernardino, County,San Bernardino County,5/15/2021,11617,1426233,8659,793335,2766,587946,192,44952,4716,165433,6858,651068,4901,816501,California
San Bernardino, County,San Bernardino County,5/16/2021,3153,1429386,2399,795734,690,588636,64,45016,1571,165506,1562,652630,1635,818136,California
San Bernardino, County,San Bernardino County,5/17/2021,10208,1439594,6862,802596,3064,591700,282,45298,4513,164645,5652,658282,4791,822927,California
San Bernardino, County,San Bernardino County,5/18/2021,14004,1453598,9293,811889,4450,596150,261,45559,6269,163473,7698,665980,6526,829453,California
San Bernardino, County,San Bernardino County,5/19/2021,11709,1465307,7333,819222,4001,600151,375,45934,5276,162729,6390,672370,5646,835099,California
San Bernardino, County,San Bernardino County,5/20/2021,11816,1477123,7090,826312,4412,604563,314,46248,5108,161489,6663,679033,5423,840522,California
San Bernardino, County,San Bernardino County,5/21/2021,12760,1489883,8465,834777,3916,608479,379,46627,5378,159920,7321,686354,5752,846274,California
San Bernardino, County,San Bernardino County,5/22/2021,9119,1499002,6791,841568,2118,610597,210,46837,4338,159731,4733,691087,4544,850818,California
San Bernardino, County,San Bernardino County,5/23/2021,2461,1501463,1568,843136,798,611395,95,46932,1137,159654,1310,692397,1233,852051,California
San Bernardino, County,San Bernardino County,5/24/2021,7093,1508556,4521,847657,2258,613653,314,47246,3140,159212,3895,696292,3453,855504,California
San Bernardino, County,San Bernardino County,5/25/2021,9436,1517992,5755,853412,3411,617064,270,47516,4144,158371,5250,701542,4409,859913,California
San Bernardino, County,San Bernardino County,5/26/2021,8274,1526266,5244,858656,2773,619837,257,47773,3744,157880,4484,706026,3993,863906,California
San Bernardino, County,San Bernardino County,5/27/2021,7705,1533971,4685,863341,2786,622623,234,48007,3449,157350,4212,710238,3682,867588,California
San Bernardino, County,San Bernardino County,5/28/2021,8906,1542877,5515,868856,3110,625733,281,48288,4416,157604,4441,714679,4695,872283,California
San Bernardino, County,San Bernardino County,5/29/2021,5120,1547997,3419,872275,1581,627314,120,48408,2591,157804,2510,717189,2710,874993,California
San Bernardino, County,San Bernardino County,5/30/2021,1780,1549777,1252,873527,444,627758,84,48492,858,157832,913,718102,941,875934,California
San Bernardino, County,San Bernardino County,5/31/2021,907,1550684,574,874101,315,628073,18,48510,324,157598,577,718679,343,876277,California
San Bernardino, County,San Bernardino County,6/1/2021,8766,1559450,5635,879736,2881,630954,250,48760,3395,155943,5297,723976,3642,879919,California
San Bernardino, County,San Bernardino County,6/2/2021,6928,1566378,4354,884090,2325,633279,249,49009,2919,155140,3967,727943,3164,883083,California
San Bernardino, County,San Bernardino County,6/3/2021,8070,1574448,5456,889546,2416,635695,198,49207,2737,152765,5310,733253,2935,886018,California
San Bernardino, County,San Bernardino County,6/4/2021,9276,1583724,6288,895834,2690,638385,298,49505,3167,150180,6051,739304,3466,889484,California
San Bernardino, County,San Bernardino County,6/5/2021,6649,1590373,5069,900903,1452,639837,128,49633,2268,148213,4360,743664,2393,891877,California
San Bernardino, County,San Bernardino County,6/6/2021,2057,1592430,1722,902625,271,640108,64,49697,681,147590,1368,745032,745,892622,California
San Bernardino, County,San Bernardino County,6/7/2021,6347,1598777,4928,907553,1206,641314,213,49910,1977,145436,4343,749375,2189,894811,California
San Bernardino, County,San Bernardino County,6/8/2021,8504,1607281,6175,913728,2105,643419,224,50134,2612,142450,5817,755192,2831,897642,California
San Bernardino, County,San Bernardino County,6/9/2021,7073,1614354,5034,918762,1848,645267,191,50325,2280,140185,4739,759931,2474,900116,California
San Bernardino, County,San Bernardino County,6/10/2021,7183,1621537,5061,923823,1916,647183,206,50531,2232,137724,4897,764828,2436,902552,California
San Bernardino, County,San Bernardino County,6/11/2021,8143,1629680,5675,929498,2232,649415,236,50767,2929,135720,5164,769992,3160,905712,California
San Bernardino, County,San Bernardino County,6/12/2021,5957,1635637,4678,934176,1157,650572,122,50889,1721,133356,4210,774202,1846,907558,California
San Bernardino, County,San Bernardino County,6/13/2021,1503,1637140,1067,935243,363,650935,73,50962,404,132738,1094,775296,476,908034,California
San Bernardino, County,San Bernardino County,6/14/2021,4970,1642110,3589,938832,1158,652093,223,51185,1811,131642,3128,778424,2032,910066,California
San Bernardino, County,San Bernardino County,6/15/2021,7235,1649345,5115,943947,1871,653964,249,51434,2570,129848,4610,783034,2816,912882,California
San Bernardino, County,San Bernardino County,6/16/2021,6442,1655787,4587,948534,1627,655591,228,51662,2358,128411,4021,787055,2584,915466,California
San Bernardino, County,San Bernardino County,6/17/2021,5751,1661538,4017,952551,1571,657162,163,51825,2232,127325,3481,790536,2395,917861,California
San Bernardino, County,San Bernardino County,6/18/2021,7005,1668543,4702,957253,2059,659221,244,52069,2628,125862,4332,794868,2869,920730,California
San Bernardino, County,San Bernardino County,6/19/2021,4094,1672637,3054,960307,905,660126,135,52204,1756,125435,2315,797183,1888,922618,California
San Bernardino, County,San Bernardino County,6/20/2021,1476,1674113,1133,961440,283,660409,60,52264,591,125208,877,798060,650,923268,California
San Bernardino, County,San Bernardino County,6/21/2021,3615,1677728,2345,963785,1038,661447,232,52496,1996,125830,1603,799663,2225,925493,California
San Bernardino, County,San Bernardino County,6/22/2021,5768,1683496,3927,967712,1622,663069,219,52715,2286,124888,3448,803111,2506,927999,California
San Bernardino, County,San Bernardino County,6/23/2021,5104,1688600,3614,971326,1284,664353,206,52921,2130,124277,2941,806052,2330,930329,California
San Bernardino, County,San Bernardino County,6/24/2021,4989,1693589,3464,974790,1310,665663,215,53136,2104,123757,2835,808887,2315,932644,California
San Bernardino, County,San Bernardino County,6/25/2021,5918,1699507,4167,978957,1540,667203,211,53347,2566,123215,3318,812205,2776,935420,California
San Bernardino, County,San Bernardino County,6/26/2021,3603,1703110,2749,981706,776,667979,78,53425,1678,123066,1904,814109,1755,937175,California
San Bernardino, County,San Bernardino County,6/27/2021,1472,1704582,1173,982879,247,668226,52,53477,691,123037,772,814881,743,937918,California
San Bernardino, County,San Bernardino County,6/28/2021,3580,1708162,2817,985696,610,668836,153,53630,1725,123109,1802,816683,1874,939792,California
San Bernardino, County,San Bernardino County,6/29/2021,5244,1713406,3791,989487,1267,670103,186,53816,2380,122834,2836,819519,2561,942353,California
San Bernardino, County,San Bernardino County,6/30/2021,4696,1718102,3302,992789,1219,671322,175,53991,2338,123028,2315,821834,2509,944862,California
San Bernardino, County,San Bernardino County,7/1/2021,4255,1722357,3034,995823,1051,672373,170,54161,2094,123157,2136,823970,2265,947127,California
San Bernardino, County,San Bernardino County,7/2/2021,5219,1727576,3712,999535,1334,673707,173,54334,2449,123044,2733,826703,2620,949747,California
San Bernardino, County,San Bernardino County,7/3/2021,2567,1730143,1930,1001465,581,674288,56,54390,1236,123021,1314,828017,1291,951038,California
San Bernardino, County,San Bernardino County,7/4/2021,213,1730356,146,1001611,63,674351,4,54394,115,123043,97,828114,119,951157,California
San Bernardino, County,San Bernardino County,7/5/2021,2315,1732671,1791,1003402,471,674822,53,54447,1133,123063,1167,829281,1187,952344,California
San Bernardino, County,San Bernardino County,7/6/2021,5171,1737842,3823,1007225,1184,676006,164,54611,2246,122570,2905,832186,2412,954756,California
San Bernardino, County,San Bernardino County,7/7/2021,4283,1742125,3154,1010379,1000,677006,129,54740,1989,122414,2272,834458,2116,956872,California
San Bernardino, County,San Bernardino County,7/8/2021,4082,1746207,2975,1013354,953,677959,154,54894,1847,122200,2216,836674,2002,958874,California
San Bernardino, County,San Bernardino County,7/9/2021,4815,1751022,3475,1016829,1149,679108,191,55085,2208,122015,2580,839254,2395,961269,California
San Bernardino, County,San Bernardino County,7/10/2021,2943,1753965,2199,1019028,635,679743,109,55194,1464,122121,1466,840720,1572,962841,California
San Bernardino, County,San Bernardino County,7/11/2021,1284,1755249,961,1019989,283,680026,40,55234,639,122164,638,841358,681,963522,California
San Bernardino, County,San Bernardino County,7/12/2021,3523,1758772,2655,1022644,705,680731,163,55397,1617,122047,1895,843253,1778,965300,California
San Bernardino, County,San Bernardino County,7/13/2021,4603,1763375,3378,1026022,1075,681806,150,55547,2158,121938,2418,845671,2309,967609,California
San Bernardino, County,San Bernardino County,7/14/2021,4046,1767421,2936,1028958,965,682771,145,55692,1927,121912,2095,847766,2069,969678,California
San Bernardino, County,San Bernardino County,7/15/2021,4068,1771489,3013,1031971,931,683702,124,55816,1986,121973,2049,849815,2110,971788,California
San Bernardino, County,San Bernardino County,7/16/2021,5083,1776572,3728,1035699,1209,684911,146,55962,2612,122294,2435,852250,2756,974544,California
San Bernardino, County,San Bernardino County,7/17/2021,3451,1780023,2648,1038347,753,685664,50,56012,1798,122512,1629,853879,1847,976391,California
San Bernardino, County,San Bernardino County,7/18/2021,1428,1781451,1133,1039480,273,685937,22,56034,774,122662,646,854525,796,977187,California
San Bernardino, County,San Bernardino County,7/19/2021,3763,1785214,2898,1042378,718,686655,147,56181,1954,122979,1782,856307,2099,979286,California
San Bernardino, County,San Bernardino County,7/20/2021,4946,1790160,3593,1045971,1168,687823,185,56366,2647,123540,2269,858576,2830,982116,California
San Bernardino, County,San Bernardino County,7/21/2021,4592,1794752,3440,1049411,1022,688845,130,56496,2428,123961,2136,860712,2557,984673,California
San Bernardino, County,San Bernardino County,7/22/2021,4779,1799531,3585,1052996,1075,689920,119,56615,2681,124694,2068,862780,2801,987474,California
San Bernardino, County,San Bernardino County,7/23/2021,5604,1805135,4128,1057124,1322,691242,154,56769,3221,125714,2355,865135,3375,990849,California
San Bernardino, County,San Bernardino County,7/24/2021,3504,1808639,2648,1059772,773,692015,83,56852,2051,126418,1431,866566,2135,992984,California
San Bernardino, County,San Bernardino County,7/25/2021,1582,1810221,1203,1060975,364,692379,15,56867,1163,127184,412,866978,1178,994162,California
San Bernardino, County,San Bernardino County,7/26/2021,4066,1814287,2926,1063901,1023,693402,117,56984,2664,128584,1382,868360,2782,996944,California
San Bernardino, County,San Bernardino County,7/27/2021,5488,1819775,4086,1067987,1225,694627,177,57161,3238,129784,2214,870574,3414,1000358,California
San Bernardino, County,San Bernardino County,7/28/2021,5324,1825099,3966,1071953,1213,695840,145,57306,3165,130974,2121,872695,3311,1003669,California
San Bernardino, County,San Bernardino County,7/29/2021,5014,1830113,3606,1075559,1234,697074,174,57480,3105,132368,1884,874579,3278,1006947,California
San Bernardino, County,San Bernardino County,7/30/2021,6025,1836138,4442,1080001,1383,698457,200,57680,3745,134077,2235,876814,3944,1010891,California
San Bernardino, County,San Bernardino County,7/31/2021,3597,1839735,2793,1082794,751,699208,53,57733,2249,135050,1329,878143,2302,1013193,California
San Bernardino, County,San Bernardino County,8/1/2021,1799,1841534,1433,1084227,346,699554,20,57753,1227,135734,563,878706,1247,1014440,California
San Bernardino, County,San Bernardino County,8/2/2021,4702,1846236,3600,1087827,975,700529,127,57880,3089,137358,1593,880299,3217,1017657,California
San Bernardino, County,San Bernardino County,8/3/2021,5626,1851862,4181,1092008,1262,701791,183,58063,3346,138645,2240,882539,3527,1021184,California
San Bernardino, County,San Bernardino County,8/4/2021,5348,1857210,4025,1096033,1133,702924,190,58253,3325,140168,1989,884528,3512,1024696,California
San Bernardino, County,San Bernardino County,8/5/2021,5136,1862346,3809,1099842,1137,704061,190,58443,3145,141537,1965,886493,3334,1028030,California
San Bernardino, County,San Bernardino County,8/6/2021,6246,1868592,4697,1104539,1329,705390,220,58663,3762,143068,2450,888943,3981,1032011,California
San Bernardino, County,San Bernardino County,8/7/2021,3734,1872326,2866,1107405,783,706173,85,58748,2268,143970,1451,890394,2353,1034364,California
San Bernardino, County,San Bernardino County,8/8/2021,1584,1873910,1110,1108515,462,706635,12,58760,1003,144415,571,890965,1016,1035380,California
San Bernardino, County,San Bernardino County,8/9/2021,3501,1877411,2467,1110982,878,707513,156,58916,1995,145083,1484,892449,2152,1037532,California
San Bernardino, County,San Bernardino County,8/10/2021,2704,1880115,2148,1113130,406,707919,150,59066,1431,145398,1262,893711,1577,1039109,California
San Diego, County,San Diego County,12/15/2020,136,136,136,136,0,0,0,0,136,136,0,0,136,136,California
San Diego, County,San Diego County,12/16/2020,1095,1231,1095,1231,0,0,0,0,1095,1231,0,0,1095,1231,California
San Diego, County,San Diego County,12/17/2020,2323,3554,2323,3554,0,0,0,0,2323,3554,0,0,2323,3554,California
San Diego, County,San Diego County,12/18/2020,3599,7153,3598,7152,1,1,0,0,3599,7153,0,0,3599,7153,California
San Diego, County,San Diego County,12/19/2020,2256,9409,2256,9408,0,1,0,0,2256,9409,0,0,2256,9409,California
San Diego, County,San Diego County,12/20/2020,1147,10556,1146,10554,1,2,0,0,1147,10556,0,0,1147,10556,California
San Diego, County,San Diego County,12/21/2020,3434,13990,3433,13987,1,3,0,0,3434,13990,0,0,3434,13990,California
San Diego, County,San Diego County,12/22/2020,3999,17989,3353,17340,646,649,0,0,3999,17989,0,0,3999,17989,California
San Diego, County,San Diego County,12/23/2020,3127,21116,1946,19286,1181,1830,0,0,3127,21116,0,0,3127,21116,California
San Diego, County,San Diego County,12/24/2020,2694,23810,2184,21470,510,2340,0,0,2694,23810,0,0,2694,23810,California
San Diego, County,San Diego County,12/25/2020,856,24666,855,22325,1,2341,0,0,856,24666,0,0,856,24666,California
San Diego, County,San Diego County,12/26/2020,3185,27851,2117,24442,1068,3409,0,0,3185,27851,0,0,3185,27851,California
San Diego, County,San Diego County,12/27/2020,2488,30339,1598,26040,890,4299,0,0,2487,30337,1,1,2487,30338,California
San Diego, County,San Diego County,12/28/2020,5787,36126,4122,30162,1665,5964,0,0,5787,36124,0,1,5787,36125,California
San Diego, County,San Diego County,12/29/2020,5459,41585,2916,33078,2543,8507,0,0,5459,41583,0,1,5459,41584,California
San Diego, County,San Diego County,12/30/2020,5770,47355,2992,36070,2778,11285,0,0,5770,47353,0,1,5770,47354,California
San Diego, County,San Diego County,12/31/2020,2963,50318,1027,37097,1936,13221,0,0,2962,50315,0,1,2962,50316,California
San Diego, County,San Diego County,1/1/2021,988,51306,444,37541,544,13765,0,0,988,51303,0,1,988,51304,California
San Diego, County,San Diego County,1/2/2021,3616,54922,1260,38801,2356,16121,0,0,3616,54919,0,1,3616,54920,California
San Diego, County,San Diego County,1/3/2021,834,55756,622,39423,212,16333,0,0,833,55752,0,1,833,55753,California
San Diego, County,San Diego County,1/4/2021,3635,59391,2014,41437,1621,17954,0,0,3629,59381,0,1,3629,59382,California
San Diego, County,San Diego County,1/5/2021,4265,63656,2130,43567,2135,20089,0,0,3680,62492,582,583,3693,63075,California
San Diego, County,San Diego County,1/6/2021,4796,68452,2232,45799,2564,22653,0,0,3598,64919,1176,1759,3603,66678,California
San Diego, County,San Diego County,1/7/2021,5513,73965,2917,48716,2596,25249,0,0,3409,66239,2098,3857,3418,70096,California
San Diego, County,San Diego County,1/8/2021,7747,81712,4867,53583,2880,28129,0,0,4031,66589,3700,7557,4050,74146,California
San Diego, County,San Diego County,1/9/2021,3393,85105,1896,55479,1497,29626,0,0,1876,66968,1507,9064,1886,76032,California
San Diego, County,San Diego County,1/10/2021,1843,86948,1278,56757,565,30191,0,0,753,66654,1078,10142,764,76796,California
San Diego, County,San Diego County,1/11/2021,10126,97074,5727,62484,4399,34590,0,0,6679,69913,3440,13582,6699,83495,California
San Diego, County,San Diego County,1/12/2021,10979,108053,5237,67721,5742,40332,0,0,7658,74368,3312,16894,7767,91262,California
San Diego, County,San Diego County,1/13/2021,11238,119291,4941,72662,6297,46629,0,0,8729,80627,2498,19392,8757,100019,California
San Diego, County,San Diego County,1/14/2021,11924,131215,4489,77151,7435,54064,0,0,9796,88337,2121,21513,9831,109850,California
San Diego, County,San Diego County,1/15/2021,14740,145955,5217,82368,9523,63587,0,0,12136,97951,2584,24097,12198,122048,California
San Diego, County,San Diego County,1/16/2021,10486,156441,3526,85894,6960,70547,0,0,9061,105624,1421,25518,9094,131142,California
San Diego, County,San Diego County,1/17/2021,8465,164906,2421,88315,6044,76591,0,0,7637,112453,828,26346,7657,138799,California
San Diego, County,San Diego County,1/18/2021,12590,177496,6157,94472,6433,83024,0,0,9806,119570,2754,29100,9871,148670,California
San Diego, County,San Diego County,1/19/2021,14328,191824,5566,100038,8762,91786,0,0,11268,128048,3052,32152,11530,160200,California
San Diego, County,San Diego County,1/20/2021,17951,209775,6264,106302,11687,103473,0,0,14702,139706,3231,35383,14889,175089,California
San Diego, County,San Diego County,1/21/2021,16976,226751,5701,112003,11275,114748,0,0,15607,154099,1362,36745,15755,190844,California
San Diego, County,San Diego County,1/22/2021,17160,243911,4560,116563,12600,127348,0,0,15152,167344,1994,38739,15239,206083,California
San Diego, County,San Diego County,1/23/2021,13987,257898,5133,121696,8854,136202,0,0,11760,176947,2217,40956,11820,217903,California
San Diego, County,San Diego County,1/24/2021,11554,269452,3233,124929,8321,144523,0,0,10589,186618,963,41919,10634,228537,California
San Diego, County,San Diego County,1/25/2021,11951,281403,5653,130582,6298,150821,0,0,8990,192821,2951,44870,9154,237691,California
San Diego, County,San Diego County,1/26/2021,14804,296207,7671,138253,7133,157954,0,0,11443,201097,3359,48229,11635,249326,California
San Diego, County,San Diego County,1/27/2021,20093,316300,7787,146040,12306,170260,0,0,17124,215414,2959,51188,17276,266602,California
San Diego, County,San Diego County,1/28/2021,20834,337134,7536,153576,13298,183558,0,0,18585,231847,2238,53426,18671,285273,California
San Diego, County,San Diego County,1/29/2021,19171,356305,6270,159846,12901,196459,0,0,16757,246254,2403,55829,16810,302083,California
San Diego, County,San Diego County,1/30/2021,15398,371703,3497,163343,11901,208360,0,0,12770,256523,2616,58445,12885,314968,California
San Diego, County,San Diego County,1/31/2021,14447,386150,5646,168989,8801,217161,0,0,14094,270307,350,58795,14134,329102,California
San Diego, County,San Diego County,2/1/2021,20313,406463,7343,176332,12970,230131,0,0,16852,283776,3453,62248,16922,346024,California
San Diego, County,San Diego County,2/2/2021,22493,428956,8272,184604,14221,244352,0,0,19254,299968,3226,65474,19418,365442,California
San Diego, County,San Diego County,2/3/2021,26829,455785,11345,195949,15484,259836,0,0,22649,318638,4161,69635,22831,388273,California
San Diego, County,San Diego County,2/4/2021,23602,479387,9619,205568,13983,273819,0,0,19126,333573,4463,74098,19398,407671,California
San Diego, County,San Diego County,2/5/2021,24145,503532,8531,214099,15614,289433,0,0,17761,345444,6359,80457,18230,425901,California
San Diego, County,San Diego County,2/6/2021,20315,523847,8390,222489,11925,301358,0,0,17125,359607,3187,83644,17350,443251,California
San Diego, County,San Diego County,2/7/2021,11882,535729,5293,227782,6589,307947,0,0,10048,368088,1822,85466,10303,453554,California
San Diego, County,San Diego County,2/8/2021,19737,555466,8382,236164,11355,319302,0,0,12397,373848,7326,92792,13086,466640,California
San Diego, County,San Diego County,2/9/2021,20151,575617,8250,244414,11901,331203,0,0,12923,380705,7209,100001,14066,480706,California
San Diego, County,San Diego County,2/10/2021,22536,598153,9213,253627,13323,344526,0,0,13589,386752,8906,108907,14953,495659,California
San Diego, County,San Diego County,2/11/2021,23403,621556,10022,263649,13381,357907,0,0,12512,390069,10868,119775,14185,509844,California
San Diego, County,San Diego County,2/12/2021,23106,644662,7248,270897,15858,373765,0,0,11440,392103,11648,131423,13682,523526,California
San Diego, County,San Diego County,2/13/2021,19479,664141,8892,279789,10587,384352,0,0,10501,394802,8972,140395,11671,535197,California
San Diego, County,San Diego County,2/14/2021,10766,674907,7305,287094,3461,387813,0,0,5891,397313,4870,145265,7381,542578,California
San Diego, County,San Diego County,2/15/2021,14701,689608,7488,294582,7213,395026,0,0,7351,400369,7327,152592,10383,552961,California
San Diego, County,San Diego County,2/16/2021,18796,708404,11049,305631,7747,402773,0,0,8877,402248,9903,162495,11782,564743,California
San Diego, County,San Diego County,2/17/2021,22859,731263,10673,316304,12186,414959,0,0,7807,398000,15036,177531,10788,575531,California
San Diego, County,San Diego County,2/18/2021,23181,754444,11840,328144,11341,426300,0,0,7601,394056,15563,193094,11619,587150,California
San Diego, County,San Diego County,2/19/2021,15530,769974,10825,338969,4705,431005,0,0,6317,393117,9191,202285,8252,595402,California
San Diego, County,San Diego County,2/20/2021,10028,780002,6323,345292,3705,434710,0,0,5545,396050,4481,206766,7414,602816,California
San Diego, County,San Diego County,2/21/2021,11415,791417,10014,355306,1401,436111,0,0,5026,396191,6382,213148,6523,609339,California
San Diego, County,San Diego County,2/22/2021,12621,804038,10801,366107,1820,437931,0,0,5813,396842,6799,219947,7450,616789,California
San Diego, County,San Diego County,2/23/2021,25191,829229,14074,380181,11117,449048,0,0,9187,395857,15995,235942,15010,631799,California
San Diego, County,San Diego County,2/24/2021,28578,857807,12713,392894,15865,464913,0,0,6567,387784,21988,257930,13915,645714,California
San Diego, County,San Diego County,2/25/2021,32435,890242,14373,407267,18062,482975,0,0,9632,382943,22783,280713,17942,663656,California
San Diego, County,San Diego County,2/26/2021,32447,922689,12028,419295,20419,503394,0,0,11417,380368,20995,301708,18420,682076,California
San Diego, County,San Diego County,2/27/2021,20578,943267,9306,428601,11271,514665,1,1,10896,385769,9673,311381,15074,697150,California
San Diego, County,San Diego County,2/28/2021,14709,957976,9680,438281,5029,519694,0,1,9041,391877,5663,317044,11771,708921,California
San Diego, County,San Diego County,3/1/2021,23812,981788,14061,452342,9748,529442,3,4,14359,400670,9376,326420,18169,727090,California
San Diego, County,San Diego County,3/2/2021,25562,1007350,13741,466083,11821,541263,0,4,12317,406364,13230,339650,18924,746014,California
San Diego, County,San Diego County,3/3/2021,33247,1040597,15649,481732,17594,558857,4,8,13539,407082,19682,359332,20400,766414,California
San Diego, County,San Diego County,3/4/2021,27626,1068223,13780,495512,13845,572702,1,9,12180,410470,15424,374756,18812,785226,California
San Diego, County,San Diego County,3/5/2021,28241,1096464,14543,510055,13617,586319,81,90,13062,415054,15151,389907,19735,804961,California
San Diego, County,San Diego County,3/6/2021,22799,1119263,9263,519318,12854,599173,682,772,9952,417451,12831,402738,15228,820189,California
San Diego, County,San Diego County,3/7/2021,17835,1137098,9038,528356,8179,607352,618,1390,6654,417152,11165,413903,10866,831055,California
San Diego, County,San Diego County,3/8/2021,22424,1159522,10856,539212,10691,618043,877,2267,11018,422434,11379,425282,16661,847716,California
San Diego, County,San Diego County,3/9/2021,25249,1184771,11589,550801,11939,629982,1721,3988,9845,422467,15388,440670,15421,863137,California
San Diego, County,San Diego County,3/10/2021,24882,1209653,10394,561195,12129,642111,2359,6347,9765,423476,15101,455771,16110,879247,California
San Diego, County,San Diego County,3/11/2021,27904,1237557,10687,571882,13728,655839,3489,9836,9644,422274,18238,474009,17036,896283,California
San Diego, County,San Diego County,3/12/2021,26560,1264117,9248,581130,14218,670057,3094,12930,9584,421590,16962,490971,16278,912561,California
San Diego, County,San Diego County,3/13/2021,25513,1289630,7089,588219,16682,686739,1742,14672,9822,421566,15683,506654,15659,928220,California
San Diego, County,San Diego County,3/14/2021,13347,1302977,5305,593524,7318,694057,724,15396,4627,420468,8709,515363,7611,935831,California
San Diego, County,San Diego County,3/15/2021,21320,1324297,9842,603366,10695,704752,783,16179,8682,420363,12606,527969,12501,948332,California
San Diego, County,San Diego County,3/16/2021,29148,1353445,15307,618673,13428,718180,413,16592,15125,424848,13995,541964,18480,966812,California
San Diego, County,San Diego County,3/17/2021,26123,1379568,11994,630667,13412,731592,717,17309,16711,434916,9394,551358,19462,986274,California
San Diego, County,San Diego County,3/18/2021,30847,1410415,17325,647992,12601,744193,921,18230,16751,440021,14060,565418,19165,1005439,California
San Diego, County,San Diego County,3/19/2021,29823,1440238,14137,662129,14636,758829,1050,19280,19165,450776,10636,576054,21391,1026830,California
San Diego, County,San Diego County,3/20/2021,27395,1467633,8304,670433,17318,776147,1773,21053,21188,468604,6191,582245,24019,1050849,California
San Diego, County,San Diego County,3/21/2021,16125,1483758,11750,682183,3681,779828,694,21747,7544,469604,8564,590809,9564,1060413,California
San Diego, County,San Diego County,3/22/2021,22173,1505931,12870,695053,9016,788844,287,22034,14119,478717,8040,598849,17153,1077566,California
San Diego, County,San Diego County,3/23/2021,25384,1531315,13249,708302,11847,800691,288,22322,16818,489294,8557,607406,19134,1096700,California
San Diego, County,San Diego County,3/24/2021,28942,1560257,19360,727662,9196,809887,386,22708,16743,496257,12185,619591,19148,1115848,California
San Diego, County,San Diego County,3/25/2021,29831,1590088,17941,745603,11210,821097,680,23388,17686,504606,12121,631712,20470,1136318,California
San Diego, County,San Diego County,3/26/2021,31457,1621545,17637,763240,13307,834404,513,23901,17183,510850,14245,645957,20489,1156807,California
San Diego, County,San Diego County,3/27/2021,25000,1646545,10874,774114,13746,848150,380,24281,15410,519315,9569,655526,18034,1174841,California
San Diego, County,San Diego County,3/28/2021,14933,1661478,9249,783363,5632,853782,52,24333,9162,524410,5766,661292,10861,1185702,California
San Diego, County,San Diego County,3/29/2021,26219,1687697,12660,796023,12929,866711,630,24963,16151,533574,10055,671347,19219,1204921,California
San Diego, County,San Diego County,3/30/2021,32594,1720291,17607,813630,14261,880972,726,25689,21649,546852,10928,682275,24206,1229127,California
San Diego, County,San Diego County,3/31/2021,29817,1750108,18496,832126,10615,891587,706,26395,20274,559429,9524,691799,22101,1251228,California
San Diego, County,San Diego County,4/1/2021,33735,1783843,19754,851880,12501,904088,1480,27875,22904,574312,10806,702605,25689,1276917,California
San Diego, County,San Diego County,4/2/2021,35172,1819015,20396,872276,11995,916083,2781,30656,23760,590895,11391,713996,27974,1304891,California
San Diego, County,San Diego County,4/3/2021,30402,1849417,14251,886527,11541,927624,4610,35266,19387,605092,11001,724997,25198,1330089,California
San Diego, County,San Diego County,4/4/2021,8702,1858119,5019,891546,2766,930390,917,36183,4642,606767,4053,729050,5728,1335817,California
San Diego, County,San Diego County,4/5/2021,29370,1887489,15213,906759,11450,941840,2707,38890,19091,620776,10260,739310,24269,1360086,California
San Diego, County,San Diego County,4/6/2021,38189,1925678,20092,926851,12220,954060,5877,44767,21987,634567,16182,755492,29973,1390059,California
San Diego, County,San Diego County,4/7/2021,35674,1961352,21741,948592,9406,963466,4527,49294,20080,644819,15563,771055,25815,1415874,California
San Diego, County,San Diego County,4/8/2021,34770,1996122,21152,969744,9520,972986,4098,53392,21004,658740,13745,784800,27666,1443540,California
San Diego, County,San Diego County,4/9/2021,37811,2033933,22554,992298,10087,983073,5170,58562,20405,670236,17372,802172,28868,1472408,California
San Diego, County,San Diego County,4/10/2021,28798,2062731,11599,1003897,13214,996287,3985,62547,14842,678132,13945,816117,21841,1494249,California
San Diego, County,San Diego County,4/11/2021,15949,2078680,9857,1013754,3815,1000102,2277,64824,7051,681569,8894,825011,12331,1506580,California
San Diego, County,San Diego County,4/12/2021,30342,2109022,12667,1026421,13399,1013501,4276,69100,16858,692905,13463,838474,24799,1531379,California
San Diego, County,San Diego County,4/13/2021,36552,2145574,17483,1043904,19034,1032535,35,69135,24277,707798,12250,850724,27143,1558522,California
San Diego, County,San Diego County,4/14/2021,32512,2178086,18682,1062586,13817,1046352,13,69148,17485,714621,15010,865734,21833,1580355,California
San Diego, County,San Diego County,4/15/2021,39037,2217123,20237,1082823,18790,1065142,10,69158,23629,725757,15379,881113,26515,1606870,California
San Diego, County,San Diego County,4/16/2021,33315,2250438,18313,1101136,14999,1080141,3,69161,19257,733396,13995,895108,21634,1628504,California
San Diego, County,San Diego County,4/17/2021,27671,2278109,13424,1114560,14247,1094388,0,69161,12177,733250,15396,910504,15250,1643754,California
San Diego, County,San Diego County,4/18/2021,14531,2292640,9033,1123593,5493,1099881,5,69166,6705,735121,7812,918316,9683,1653437,California
San Diego, County,San Diego County,4/19/2021,26324,2318964,13429,1137022,12893,1112774,2,69168,12295,735139,14002,932318,14020,1667457,California
San Diego, County,San Diego County,4/20/2021,39367,2358331,18266,1155288,21098,1133872,3,69171,20041,738850,19292,951610,23003,1690460,California
San Diego, County,San Diego County,4/21/2021,36106,2394437,21899,1177187,14206,1148078,1,69172,17330,740751,18726,970336,20627,1711087,California
San Diego, County,San Diego County,4/22/2021,44711,2439148,23202,1200389,21505,1169583,4,69176,22356,743848,22311,992647,25408,1736495,California
San Diego, County,San Diego County,4/23/2021,42370,2481518,26356,1226745,16010,1185593,4,69180,15810,736337,26513,1019160,19002,1755497,California
San Diego, County,San Diego County,4/24/2021,34746,2516264,18838,1245583,15893,1201486,15,69195,15460,735764,19239,1038399,18666,1774163,California
San Diego, County,San Diego County,4/25/2021,12475,2528739,7599,1253182,4875,1206361,1,69196,5763,736225,6701,1045100,7162,1781325,California
San Diego, County,San Diego County,4/26/2021,33197,2561936,16672,1269854,16388,1222749,137,69333,11578,730752,21594,1066694,16121,1797446,California
San Diego, County,San Diego County,4/27/2021,44447,2606383,24498,1294352,19407,1242156,542,69875,19527,729031,24867,1091561,23146,1820592,California
San Diego, County,San Diego County,4/28/2021,38065,2644448,22683,1317035,14721,1256877,661,70536,17171,728272,20843,1112404,20084,1840676,California
San Diego, County,San Diego County,4/29/2021,37974,2682422,24294,1341329,13035,1269912,645,71181,15364,723428,22566,1134970,17722,1858398,California
San Diego, County,San Diego County,4/30/2021,37956,2720378,23083,1364412,13801,1283713,1072,72253,14850,718144,23064,1158034,17780,1876178,California
San Diego, County,San Diego County,5/1/2021,23978,2744356,10561,1374973,12789,1296502,628,72881,9341,715648,14624,1172658,12128,1888306,California
San Diego, County,San Diego County,5/2/2021,10453,2754809,7358,1382331,2519,1299021,576,73457,3161,712423,7287,1179945,4062,1892368,California
San Diego, County,San Diego County,5/3/2021,25011,2779820,12337,1394668,11536,1310557,1138,74595,9142,707669,15846,1195791,11092,1903460,California
San Diego, County,San Diego County,5/4/2021,31767,2811587,17690,1412358,12818,1323375,1259,75854,11397,701084,20340,1216131,13755,1917215,California
San Diego, County,San Diego County,5/5/2021,27706,2839293,17137,1429495,9315,1332690,1254,77108,10451,696589,17225,1233356,12730,1929945,California
San Diego, County,San Diego County,5/6/2021,28264,2867557,18837,1448332,8531,1341221,896,78004,10609,692909,17624,1250980,13944,1943889,California
San Diego, County,San Diego County,5/7/2021,29457,2897014,19334,1467666,9110,1350331,1013,79017,10888,687486,18532,1269512,13109,1956998,California
San Diego, County,San Diego County,5/8/2021,22937,2919951,11025,1478691,11189,1361520,723,79740,7159,681055,15750,1285262,9319,1966317,California
San Diego, County,San Diego County,5/9/2021,7648,2927599,5588,1484279,1654,1363174,406,80146,2523,679288,5118,1290380,3351,1969668,California
San Diego, County,San Diego County,5/10/2021,21581,2949180,8574,1492853,12203,1375377,804,80950,5786,671381,15768,1306148,7861,1977529,California
San Diego, County,San Diego County,5/11/2021,28628,2977808,12170,1505023,15658,1391035,800,81750,9964,665276,18633,1324781,12528,1990057,California
San Diego, County,San Diego County,5/12/2021,22855,3000663,12551,1517574,9450,1400485,854,82604,8043,660670,14774,1339555,10168,2000225,California
San Diego, County,San Diego County,5/13/2021,31265,3031928,18980,1536554,11650,1412135,635,83239,12832,658436,18380,1357935,16146,2016371,California
San Diego, County,San Diego County,5/14/2021,30672,3062600,19698,1556252,10140,1422275,834,84073,13888,658504,16740,1374675,16808,2033179,California
San Diego, County,San Diego County,5/15/2021,26074,3088674,16391,1572643,8874,1431149,809,84882,10740,655775,15282,1389957,12553,2045732,California
San Diego, County,San Diego County,5/16/2021,13615,3102289,10173,1582816,2882,1434031,560,85442,6673,656483,6930,1396887,7638,2053370,California
San Diego, County,San Diego County,5/17/2021,21214,3123503,12864,1595680,7616,1441647,734,86176,8748,654424,12426,1409313,10367,2063737,California
San Diego, County,San Diego County,5/18/2021,33957,3157460,19252,1614932,13850,1455497,855,87031,13138,649072,20789,1430102,15437,2079174,California
San Diego, County,San Diego County,5/19/2021,28297,3185757,17906,1632838,9620,1465117,771,87802,12031,646773,16232,1446334,13933,2093107,California
San Diego, County,San Diego County,5/20/2021,34652,3220409,19212,1652050,14629,1479746,811,88613,11658,637827,22958,1469292,14012,2107119,California
San Diego, County,San Diego County,5/21/2021,26767,3247176,17024,1669074,8766,1488512,977,89590,10735,634783,15995,1485287,12951,2120070,California
San Diego, County,San Diego County,5/22/2021,21325,3268501,12283,1681357,7811,1496323,1231,90821,8860,633578,12440,1497727,11235,2131305,California
San Diego, County,San Diego County,5/23/2021,7245,3275746,5193,1686550,1748,1498071,304,91125,3435,633915,3786,1501513,4123,2135428,California
San Diego, County,San Diego County,5/24/2021,17634,3293380,9041,1695591,6690,1504761,1903,93028,6303,631661,11311,1512824,9057,2144485,California
San Diego, County,San Diego County,5/25/2021,24135,3317515,12998,1708589,9274,1514035,1863,94891,8347,627288,15757,1528581,11384,2155869,California
San Diego, County,San Diego County,5/26/2021,18914,3336429,10504,1719093,6409,1520444,2001,96892,6491,624250,12394,1540975,9356,2165225,California
San Diego, County,San Diego County,5/27/2021,20443,3356872,11854,1730947,6205,1526649,2384,99276,6847,621021,13575,1554550,10346,2175571,California
San Diego, County,San Diego County,5/28/2021,21052,3377924,13077,1744024,7268,1533917,707,99983,8252,618337,12783,1567333,10099,2185670,California
San Diego, County,San Diego County,5/29/2021,11849,3389773,7502,1751526,3863,1537780,484,100467,5047,617605,6788,1574121,6056,2191726,California
San Diego, County,San Diego County,5/30/2021,4582,3394355,3146,1754672,1061,1538841,375,100842,1950,617532,2625,1576746,2552,2194278,California
San Diego, County,San Diego County,5/31/2021,2531,3396886,1716,1756388,649,1539490,166,101008,826,616950,1699,1578445,1117,2195395,California
San Diego, County,San Diego County,6/1/2021,21049,3417935,11229,1767617,8203,1547693,1617,102625,5668,609814,15354,1593799,8218,2203613,California
San Diego, County,San Diego County,6/2/2021,16887,3434822,8734,1776351,6083,1553776,2070,104695,5371,606526,11485,1605284,8197,2211810,California
San Diego, County,San Diego County,6/3/2021,19019,3453841,11910,1788261,5313,1559089,1796,106491,5075,600517,13923,1619207,7914,2219724,California
San Diego, County,San Diego County,6/4/2021,19614,3473455,13737,1801998,5266,1564355,611,107102,5608,594667,13974,1633181,8124,2227848,California
San Diego, County,San Diego County,6/5/2021,15661,3489116,11946,1813944,2943,1567298,772,107874,4372,589548,11271,1644452,6152,2234000,California
San Diego, County,San Diego County,6/6/2021,5528,3494644,4484,1818428,735,1568033,309,108183,1532,588228,3985,1648437,2665,2236665,California
San Diego, County,San Diego County,6/7/2021,12640,3507284,7961,1826389,3337,1571370,1342,109525,3450,584608,9171,1657608,5551,2242216,California
San Diego, County,San Diego County,6/8/2021,20282,3527566,14360,1840749,4046,1575416,1876,111401,4863,577028,15407,1673015,7827,2250043,California
San Diego, County,San Diego County,6/9/2021,16827,3544393,11201,1851950,3680,1579096,1946,113347,4223,571587,12588,1685603,7147,2257190,California
San Diego, County,San Diego County,6/10/2021,17800,3562193,11889,1863839,3839,1582935,2072,115419,4265,565609,13511,1699114,7533,2264723,California
San Diego, County,San Diego County,6/11/2021,15672,3577865,9995,1873834,4328,1587263,1349,116768,4226,560706,11419,1710533,6516,2271239,California
San Diego, County,San Diego County,6/12/2021,10899,3588764,8352,1882186,2129,1589392,418,117186,3079,557069,7802,1718335,4165,2275404,California
San Diego, County,San Diego County,6/13/2021,4098,3592862,3080,1885266,816,1590208,202,117388,974,555529,3118,1721453,1578,2276982,California
San Diego, County,San Diego County,6/14/2021,12483,3605345,7495,1892761,2804,1593012,2184,119572,3478,552866,8990,1730443,6327,2283309,California
San Diego, County,San Diego County,6/15/2021,17704,3623049,10146,1902907,4131,1597143,3427,122999,4593,548724,13100,1743543,8958,2292267,California
San Diego, County,San Diego County,6/16/2021,13900,3636949,8887,1911794,2706,1599849,2307,125306,4473,546888,9414,1752957,7578,2299845,California
San Diego, County,San Diego County,6/17/2021,14691,3651640,8421,1920215,3427,1603276,2843,128149,4113,543952,10565,1763522,7629,2307474,California
San Diego, County,San Diego County,6/18/2021,14032,3665672,8669,1928884,3540,1606816,1823,129972,4324,541215,9698,1773220,6961,2314435,California
San Diego, County,San Diego County,6/19/2021,7490,3673162,5537,1934421,1496,1608312,457,130429,2682,540137,4788,1778008,3710,2318145,California
San Diego, County,San Diego County,6/20/2021,3048,3676210,2220,1936641,634,1608946,194,130623,1110,539736,1933,1779941,1532,2319677,California
San Diego, County,San Diego County,6/21/2021,9106,3685316,5171,1941812,2390,1611336,1545,132168,3842,540472,5254,1785195,5990,2325667,California
San Diego, County,San Diego County,6/22/2021,11138,3696454,7481,1949293,2532,1613868,1125,133293,4336,539851,6793,1791988,6172,2331839,California
San Diego, County,San Diego County,6/23/2021,10655,3707109,6920,1956213,2275,1616143,1460,134753,4287,539906,6358,1798346,6413,2338252,California
San Diego, County,San Diego County,6/24/2021,9913,3717022,6434,1962647,2695,1618838,784,135537,3936,539288,5969,1804315,5351,2343603,California
San Diego, County,San Diego County,6/25/2021,10495,3727517,7285,1969932,2611,1621449,599,136136,4001,538062,6484,1810799,5258,2348861,California
San Diego, County,San Diego County,6/26/2021,6598,3734115,5184,1975116,1110,1622559,304,136440,2567,537527,4018,1814817,3483,2352344,California
San Diego, County,San Diego County,6/27/2021,2946,3737061,2257,1977373,482,1623041,207,136647,1281,537601,1662,1816479,1736,2354080,California
San Diego, County,San Diego County,6/28/2021,7109,3744170,5236,1982609,1363,1624404,510,137157,3271,538064,3831,1820310,4294,2358374,California
San Diego, County,San Diego County,6/29/2021,8658,3752828,6033,1988642,1952,1626356,673,137830,3558,537818,5087,1825397,4841,2363215,California
San Diego, County,San Diego County,6/30/2021,8095,3760923,5963,1994605,1609,1627965,523,138353,3446,537762,4635,1830032,4579,2367794,California
San Diego, County,San Diego County,7/1/2021,7204,3768127,4976,1999581,1827,1629792,401,138754,3077,537692,4116,1834148,4046,2371840,California
San Diego, County,San Diego County,7/2/2021,7470,3775597,5153,2004734,1901,1631693,416,139170,3138,537494,4313,1838461,4115,2375955,California
San Diego, County,San Diego County,7/3/2021,4088,3779685,3077,2007811,841,1632534,170,139340,1824,537570,2258,1840719,2334,2378289,California
San Diego, County,San Diego County,7/4/2021,414,3780099,276,2008087,56,1632590,82,139422,151,537597,262,1840981,289,2378578,California
San Diego, County,San Diego County,7/5/2021,3915,3784014,2812,2010899,815,1633405,288,139710,1801,537878,2110,1843091,2391,2380969,California
San Diego, County,San Diego County,7/6/2021,8325,3792339,6169,2017068,1758,1635163,398,140108,3047,536705,5271,1848362,4098,2385067,California
San Diego, County,San Diego County,7/7/2021,7527,3799866,5564,2022632,1458,1636621,505,140613,3019,536372,4497,1852859,4164,2389231,California
San Diego, County,San Diego County,7/8/2021,6857,3806723,4878,2027510,1496,1638117,483,141096,2780,536106,4056,1856915,3790,2393021,California
San Diego, County,San Diego County,7/9/2021,7413,3814136,4999,2032509,1873,1639990,541,141637,2991,535803,4401,1861316,4098,2397119,California
San Diego, County,San Diego County,7/10/2021,4704,3818840,3562,2036071,848,1640838,294,141931,2005,535794,2694,1864010,2685,2399804,California
San Diego, County,San Diego County,7/11/2021,2137,3820977,1583,2037654,378,1641216,176,142107,949,535882,1185,1865195,1273,2401077,California
San Diego, County,San Diego County,7/12/2021,6468,3827445,4672,2042326,1353,1642569,443,142550,2562,535490,3895,1869090,3503,2404580,California
San Diego, County,San Diego County,7/13/2021,7262,3834707,5380,2047706,1517,1644086,365,142915,3071,535243,4177,1873267,3930,2408510,California
San Diego, County,San Diego County,7/14/2021,6888,3841595,5121,2052827,1376,1645462,391,143306,2893,535069,3978,1877245,3804,2412314,California
San Diego, County,San Diego County,7/15/2021,6745,3848340,5070,2057897,1353,1646815,322,143628,2921,535007,3804,1881049,3742,2416056,California
San Diego, County,San Diego County,7/16/2021,7277,3855617,5119,2063016,1789,1648604,369,143997,3269,535146,4001,1885050,4140,2420196,California
San Diego, County,San Diego County,7/17/2021,4467,3860084,3312,2066328,937,1649541,218,144215,2043,535290,2417,1887467,2561,2422757,California
San Diego, County,San Diego County,7/18/2021,2412,3862496,1771,2068099,474,1650015,167,144382,1099,535394,1309,1888776,1413,2424170,California
San Diego, County,San Diego County,7/19/2021,6157,3868653,4508,2072607,1297,1651312,352,144734,2865,535795,3286,1892062,3687,2427857,California
San Diego, County,San Diego County,7/20/2021,7521,3876174,5449,2078056,1645,1652957,427,145161,3583,536399,3922,1895984,4526,2432383,California
San Diego, County,San Diego County,7/21/2021,7004,3883178,5140,2083196,1474,1654431,390,145551,3240,536754,3751,1899735,4106,2436489,California
San Diego, County,San Diego County,7/22/2021,6770,3889948,4899,2088095,1532,1655963,339,145890,3473,537711,3283,1903018,4240,2440729,California
San Diego, County,San Diego County,7/23/2021,7706,3897654,5617,2093712,1753,1657716,336,146226,4084,539001,3613,1906631,4903,2445632,California
San Diego, County,San Diego County,7/24/2021,4775,3902429,3472,2097184,1116,1658832,187,146413,2706,540078,2062,1908693,3139,2448771,California
San Diego, County,San Diego County,7/25/2021,2459,3904888,1776,2098960,513,1659345,170,146583,1691,541299,767,1909460,1988,2450759,California
San Diego, County,San Diego County,7/26/2021,6369,3911257,4491,2103451,1470,1660815,408,146991,3814,543330,2545,1912005,4576,2455335,California
San Diego, County,San Diego County,7/27/2021,7604,3918861,5519,2108970,1695,1662510,390,147381,4265,545029,3329,1915334,5028,2460363,California
San Diego, County,San Diego County,7/28/2021,7589,3926450,5632,2114602,1536,1664046,421,147802,4385,547057,3195,1918529,5223,2465586,California
San Diego, County,San Diego County,7/29/2021,7067,3933517,5199,2119801,1486,1665532,382,148184,4100,548987,2957,1921486,4887,2470473,California
San Diego, County,San Diego County,7/30/2021,8032,3941549,5643,2125444,2010,1667542,379,148563,4773,551386,3249,1924735,5648,2476121,California
San Diego, County,San Diego County,7/31/2021,4998,3946547,3725,2129169,1042,1668584,231,148794,2987,552900,2006,1926741,3520,2479641,California
San Diego, County,San Diego County,8/1/2021,2771,3949318,2127,2131296,452,1669036,192,148986,1732,553950,1037,1927778,2087,2481728,California
San Diego, County,San Diego County,8/2/2021,6857,3956175,5260,2136556,1253,1670289,344,149330,4391,556557,2454,1930232,5061,2486789,California
San Diego, County,San Diego County,8/3/2021,7611,3963786,5543,2142099,1628,1671917,440,149770,4467,558672,3130,1933362,5245,2492034,California
San Diego, County,San Diego County,8/4/2021,7348,3971134,5403,2147502,1543,1673460,402,150172,4399,560824,2933,1936295,5085,2497119,California
San Diego, County,San Diego County,8/5/2021,7296,3978430,5391,2152893,1498,1674958,407,150579,4321,562921,2949,1939244,5046,2502165,California
San Diego, County,San Diego County,8/6/2021,8247,3986677,5858,2158751,2005,1676963,384,150963,5012,565415,3218,1942462,5712,2507877,California
San Diego, County,San Diego County,8/7/2021,5209,3991886,4029,2162780,942,1677905,238,151201,3215,567103,1984,1944446,3672,2511549,California
San Diego, County,San Diego County,8/8/2021,2567,3994453,1884,2164664,523,1678428,160,151361,1621,568045,944,1945390,1886,2513435,California
San Diego, County,San Diego County,8/9/2021,6204,4000657,4572,2169236,1266,1679694,366,151727,3681,569892,2514,1947904,4361,2517796,California
San Diego, County,San Diego County,8/10/2021,3044,4003701,2282,2171518,439,1680133,323,152050,1628,570748,1411,1949315,2267,2520063,California
San Francisco, County,San Francisco County,12/15/2020,9,9,9,9,0,0,0,0,9,9,0,0,9,9,California
San Francisco, County,San Francisco County,12/16/2020,229,238,229,238,0,0,0,0,229,238,0,0,229,238,California
San Francisco, County,San Francisco County,12/17/2020,417,655,417,655,0,0,0,0,417,655,0,0,417,655,California
San Francisco, County,San Francisco County,12/18/2020,911,1566,910,1565,1,1,0,0,911,1566,0,0,911,1566,California
San Francisco, County,San Francisco County,12/19/2020,609,2175,609,2174,0,1,0,0,609,2175,0,0,609,2175,California
San Francisco, County,San Francisco County,12/20/2020,480,2655,480,2654,0,1,0,0,480,2655,0,0,480,2655,California
San Francisco, County,San Francisco County,12/21/2020,1164,3819,1163,3817,1,2,0,0,1164,3819,0,0,1164,3819,California
San Francisco, County,San Francisco County,12/22/2020,1408,5227,1372,5189,36,38,0,0,1408,5227,0,0,1408,5227,California
San Francisco, County,San Francisco County,12/23/2020,1367,6594,1062,6251,305,343,0,0,1367,6594,0,0,1367,6594,California
San Francisco, County,San Francisco County,12/24/2020,850,7444,500,6751,350,693,0,0,850,7444,0,0,850,7444,California
San Francisco, County,San Francisco County,12/25/2020,36,7480,29,6780,7,700,0,0,36,7480,0,0,36,7480,California
San Francisco, County,San Francisco County,12/26/2020,249,7729,150,6930,99,799,0,0,249,7729,0,0,249,7729,California
San Francisco, County,San Francisco County,12/27/2020,272,8001,58,6988,214,1013,0,0,272,8001,0,0,272,8001,California
San Francisco, County,San Francisco County,12/28/2020,1290,9291,698,7686,592,1605,0,0,1290,9291,0,0,1290,9291,California
San Francisco, County,San Francisco County,12/29/2020,1384,10675,749,8435,635,2240,0,0,1384,10675,0,0,1384,10675,California
San Francisco, County,San Francisco County,12/30/2020,1590,12265,880,9315,710,2950,0,0,1590,12265,0,0,1590,12265,California
San Francisco, County,San Francisco County,12/31/2020,986,13251,415,9730,571,3521,0,0,986,13251,0,0,986,13251,California
San Francisco, County,San Francisco County,1/1/2021,112,13363,82,9812,30,3551,0,0,112,13363,0,0,112,13363,California
San Francisco, County,San Francisco County,1/2/2021,347,13710,310,10122,37,3588,0,0,347,13710,0,0,347,13710,California
San Francisco, County,San Francisco County,1/3/2021,297,14007,105,10227,192,3780,0,0,296,14005,1,1,296,14006,California
San Francisco, County,San Francisco County,1/4/2021,1859,15866,1365,11592,494,4274,0,0,1856,15858,3,4,1856,15862,California
San Francisco, County,San Francisco County,1/5/2021,2240,18106,1427,13019,813,5087,0,0,2200,18021,40,44,2203,18065,California
San Francisco, County,San Francisco County,1/6/2021,1888,19994,1169,14188,719,5806,0,0,1615,19366,271,315,1616,19681,California
San Francisco, County,San Francisco County,1/7/2021,2091,22085,1217,15405,874,6680,0,0,1614,20507,473,788,1614,21295,California
San Francisco, County,San Francisco County,1/8/2021,2347,24432,1646,17051,701,7381,0,0,1481,21128,861,1649,1482,22777,California
San Francisco, County,San Francisco County,1/9/2021,1410,25842,911,17962,499,7880,0,0,891,21502,519,2168,893,23670,California
San Francisco, County,San Francisco County,1/10/2021,923,26765,540,18502,383,8263,0,0,467,21514,455,2623,467,24137,California
San Francisco, County,San Francisco County,1/11/2021,2517,29282,1864,20366,653,8916,0,0,1418,21833,1100,3723,1419,25556,California
San Francisco, County,San Francisco County,1/12/2021,3126,32408,2093,22459,1033,9949,0,0,1905,22519,1221,4944,1907,27463,California
San Francisco, County,San Francisco County,1/13/2021,2862,35270,1628,24087,1234,11183,0,0,2016,23689,846,5790,2016,29479,California
San Francisco, County,San Francisco County,1/14/2021,2473,37743,1111,25198,1362,12545,0,0,1909,25034,564,6354,1909,31388,California
San Francisco, County,San Francisco County,1/15/2021,2760,40503,1155,26353,1605,14150,0,0,2360,27000,396,6750,2362,33750,California
San Francisco, County,San Francisco County,1/16/2021,2244,42747,932,27285,1312,15462,0,0,2078,28914,166,6916,2080,35830,California
San Francisco, County,San Francisco County,1/17/2021,1945,44692,530,27815,1415,16877,0,0,1630,30230,314,7230,1630,37460,California
San Francisco, County,San Francisco County,1/18/2021,1403,46095,612,28427,791,17668,0,0,1130,31089,272,7502,1131,38591,California
San Francisco, County,San Francisco County,1/19/2021,2596,48691,1481,29908,1115,18783,0,0,1740,31973,856,8358,1740,40331,California
San Francisco, County,San Francisco County,1/20/2021,2864,51555,1202,31110,1662,20445,0,0,2085,33282,777,9135,2086,42417,California
San Francisco, County,San Francisco County,1/21/2021,3457,55012,1037,32147,2420,22865,0,0,2573,34972,883,10018,2573,44990,California
San Francisco, County,San Francisco County,1/22/2021,3275,58287,682,32829,2593,25458,0,0,2823,37344,451,10469,2823,47813,California
San Francisco, County,San Francisco County,1/23/2021,3139,61426,616,33445,2523,27981,0,0,2760,39727,378,10847,2761,50574,California
San Francisco, County,San Francisco County,1/24/2021,2446,63872,363,33808,2083,30064,0,0,2210,41705,232,11079,2210,52784,California
San Francisco, County,San Francisco County,1/25/2021,4673,68545,1846,35654,2827,32891,0,0,3069,43174,1601,12680,3070,55854,California
San Francisco, County,San Francisco County,1/26/2021,4784,73329,2198,37852,2586,35477,0,0,3122,44639,1659,14339,3124,58978,California
San Francisco, County,San Francisco County,1/27/2021,4386,77715,1983,39835,2403,37880,0,0,3079,46413,1305,15644,3079,62057,California
San Francisco, County,San Francisco County,1/28/2021,3819,81534,1578,41413,2241,40121,0,0,2638,47879,1173,16817,2639,64696,California
San Francisco, County,San Francisco County,1/29/2021,4875,86409,1768,43181,3107,43228,0,0,3528,50096,1311,18128,3528,68224,California
San Francisco, County,San Francisco County,1/30/2021,3826,90235,1844,45025,1982,45210,0,0,3357,52989,468,18596,3361,71585,California
San Francisco, County,San Francisco County,1/31/2021,2376,92611,828,45853,1548,46758,0,0,2224,55062,152,18748,2225,73810,California
San Francisco, County,San Francisco County,2/1/2021,4017,96628,1717,47570,2300,49058,0,0,2939,56925,1077,19825,2940,76750,California
San Francisco, County,San Francisco County,2/2/2021,4577,101205,1823,49393,2754,51812,0,0,2962,58278,1609,21434,2962,79712,California
San Francisco, County,San Francisco County,2/3/2021,5140,106345,2407,51800,2733,54545,0,0,3800,60741,1338,22772,3801,83513,California
San Francisco, County,San Francisco County,2/4/2021,5080,111425,2427,54227,2653,57198,0,0,3889,63442,1188,23960,3889,87402,California
San Francisco, County,San Francisco County,2/5/2021,6059,117484,3265,57492,2794,59992,0,0,4681,66748,1376,25336,4682,92084,California
San Francisco, County,San Francisco County,2/6/2021,5483,122967,3653,61145,1830,61822,0,0,4604,70509,846,26182,4607,96691,California
San Francisco, County,San Francisco County,2/7/2021,4391,127358,3232,64377,1159,62981,0,0,3806,73740,580,26762,3811,100502,California
San Francisco, County,San Francisco County,2/8/2021,6838,134196,4715,69092,2123,65104,0,0,5590,78101,1231,27993,5592,106094,California
San Francisco, County,San Francisco County,2/9/2021,6022,140218,4048,73140,1974,67078,0,0,4435,80952,1586,29579,4437,110531,California
San Francisco, County,San Francisco County,2/10/2021,7041,147259,4289,77429,2752,69830,0,0,5152,84230,1879,31458,5157,115688,California
San Francisco, County,San Francisco County,2/11/2021,6877,154136,4096,81525,2781,72611,0,0,4988,87340,1883,33341,4993,120681,California
San Francisco, County,San Francisco County,2/12/2021,5415,159551,2742,84267,2673,75284,0,0,3526,88980,1887,35228,3527,124208,California
San Francisco, County,San Francisco County,2/13/2021,4469,164020,2626,86893,1843,77127,0,0,3100,90715,1369,36597,3104,127312,California
San Francisco, County,San Francisco County,2/14/2021,3492,167512,2300,89193,1192,78319,0,0,2344,91915,1146,37743,2346,129658,California
San Francisco, County,San Francisco County,2/15/2021,2819,170331,1522,90715,1297,79616,0,0,1689,92477,1127,38870,1689,131347,California
San Francisco, County,San Francisco County,2/16/2021,5232,175563,2865,93580,2367,81983,0,0,3056,93372,2169,41039,3064,134411,California
San Francisco, County,San Francisco County,2/17/2021,5435,180998,2668,96248,2767,84750,0,0,2998,93948,2425,43464,3001,137412,California
San Francisco, County,San Francisco County,2/18/2021,5491,186489,2683,98931,2808,87558,0,0,2843,94154,2643,46107,2849,140261,California
San Francisco, County,San Francisco County,2/19/2021,5757,192246,2702,101633,3055,90613,0,0,2976,94360,2770,48877,2976,143237,California
San Francisco, County,San Francisco County,2/20/2021,4684,196930,2268,103901,2416,93029,0,0,1741,93168,2934,51811,1742,144979,California
San Francisco, County,San Francisco County,2/21/2021,3020,199950,1585,105486,1435,94464,0,0,1326,92812,1683,53494,1327,146306,California
San Francisco, County,San Francisco County,2/22/2021,5549,205499,3436,108922,2113,96577,0,0,2764,92805,2774,56268,2767,149073,California
San Francisco, County,San Francisco County,2/23/2021,5984,211483,3384,112306,2600,99177,0,0,3035,92898,2942,59210,3035,152108,California
San Francisco, County,San Francisco County,2/24/2021,9672,221155,5488,117794,4184,103361,0,0,5148,93543,4505,63715,5150,157258,California
San Francisco, County,San Francisco County,2/25/2021,10683,231838,7464,125258,3219,106580,0,0,6830,96527,3848,67563,6832,164090,California
San Francisco, County,San Francisco County,2/26/2021,13107,244945,8504,133762,4603,111183,0,0,7689,98817,5400,72963,7690,171780,California
San Francisco, County,San Francisco County,2/27/2021,9977,254922,6408,140170,3567,114750,2,2,4945,98757,5008,77971,4948,176728,California
San Francisco, County,San Francisco County,2/28/2021,8402,263324,6004,146174,2398,117148,0,2,4106,98577,4287,82258,4107,180835,California
San Francisco, County,San Francisco County,3/1/2021,12037,275361,8102,154276,3930,121078,5,7,5844,98265,6163,88421,5851,186686,California
San Francisco, County,San Francisco County,3/2/2021,10558,285919,7074,161350,3484,124562,0,7,5943,99607,4602,93023,5944,192630,California
San Francisco, County,San Francisco County,3/3/2021,11934,297853,6949,168299,4984,129546,1,8,6476,100650,5437,98460,6480,199110,California
San Francisco, County,San Francisco County,3/4/2021,9150,307003,5722,174021,3427,132973,1,9,5115,101752,4016,102476,5118,204228,California
San Francisco, County,San Francisco County,3/5/2021,9899,316902,5898,179919,3997,136970,4,13,6051,103978,3830,106306,6056,210284,California
San Francisco, County,San Francisco County,3/6/2021,7478,324380,4811,184730,2451,139421,216,229,4638,105966,2847,109153,4835,215119,California
San Francisco, County,San Francisco County,3/7/2021,5619,329999,4287,189017,1173,140594,159,388,3179,106842,2447,111600,3323,218442,California
San Francisco, County,San Francisco County,3/8/2021,7970,337969,5609,194626,2152,142746,209,597,6223,111483,1774,113374,6415,224857,California
San Francisco, County,San Francisco County,3/9/2021,8615,346584,5652,200278,2529,145275,434,1031,6180,115643,2434,115808,6594,231451,California
San Francisco, County,San Francisco County,3/10/2021,11659,358243,6795,207073,4274,149549,590,1621,7148,118862,4487,120295,7706,239157,California
San Francisco, County,San Francisco County,3/11/2021,10316,368559,6431,213504,2829,152378,1056,2677,6723,123013,3570,123865,7721,246878,California
San Francisco, County,San Francisco County,3/12/2021,11000,379559,6403,219907,3222,155600,1375,4052,6164,125677,4811,128676,7475,254353,California
San Francisco, County,San Francisco County,3/13/2021,6811,386370,3963,223870,1756,157356,1092,5144,4242,128429,2557,131233,5309,259662,California
San Francisco, County,San Francisco County,3/14/2021,7616,393986,4946,228816,2412,159768,258,5402,3978,129040,3615,134848,4226,263888,California
San Francisco, County,San Francisco County,3/15/2021,12214,406200,9335,238151,1931,161699,948,6350,8436,134611,3759,138607,9330,273218,California
San Francisco, County,San Francisco County,3/16/2021,12333,418533,8381,246532,3472,165171,480,6830,8754,140287,3553,142160,9229,282447,California
San Francisco, County,San Francisco County,3/17/2021,13753,432286,8517,255049,4588,169759,648,7478,9740,146670,3978,146138,10361,292808,California
San Francisco, County,San Francisco County,3/18/2021,10390,442676,7104,262153,2646,172405,640,8118,5803,148521,4558,150696,6409,299217,California
San Francisco, County,San Francisco County,3/19/2021,12718,455394,9320,271473,2919,175324,479,8597,6499,149288,6191,156887,6958,306175,California
San Francisco, County,San Francisco County,3/20/2021,9078,464472,6688,278161,1915,177239,475,9072,5188,151087,3856,160743,5655,311830,California
San Francisco, County,San Francisco County,3/21/2021,6738,471210,6176,284337,426,177665,136,9208,3687,151871,3030,163773,3814,315644,California
San Francisco, County,San Francisco County,3/22/2021,10072,481282,7022,291359,2199,179864,851,10059,5117,152876,4932,168705,5937,321581,California
San Francisco, County,San Francisco County,3/23/2021,11510,492792,7669,299028,3189,183053,652,10711,6303,154630,5175,173880,6929,328510,California
San Francisco, County,San Francisco County,3/24/2021,12557,505349,9600,308628,2411,185464,546,11257,6110,154859,6401,180281,6630,335140,California
San Francisco, County,San Francisco County,3/25/2021,12139,517488,8855,317483,2714,188178,570,11827,5740,154836,6320,186601,6297,341437,California
San Francisco, County,San Francisco County,3/26/2021,12186,529674,8435,325918,3520,191698,231,12058,5762,154438,6385,192986,5987,347424,California
San Francisco, County,San Francisco County,3/27/2021,9010,538684,5982,331900,2672,194370,356,12414,3782,153373,5194,198180,4129,351553,California
San Francisco, County,San Francisco County,3/28/2021,6729,545413,5362,337262,1324,195694,43,12457,2913,152535,3790,201970,2952,354505,California
San Francisco, County,San Francisco County,3/29/2021,11773,557186,8082,345344,3499,199193,192,12649,4741,150469,6994,208964,4928,359433,California
San Francisco, County,San Francisco County,3/30/2021,11820,569006,7385,352729,4139,203332,296,12945,5467,149898,6323,215287,5752,365185,California
San Francisco, County,San Francisco County,3/31/2021,12433,581439,8274,361003,3859,207191,300,13245,4888,147568,7507,222794,5177,370362,California
San Francisco, County,San Francisco County,4/1/2021,14143,595582,7484,368487,4927,212118,1732,14977,6163,147352,7937,230731,7721,378083,California
San Francisco, County,San Francisco County,4/2/2021,15008,610590,6623,375110,6481,218599,1904,16881,7022,148175,7958,238689,8781,386864,California
San Francisco, County,San Francisco County,4/3/2021,10674,621264,4963,380073,3872,222471,1839,18720,4899,149058,5751,244440,6634,393498,California
San Francisco, County,San Francisco County,4/4/2021,9103,630367,4834,384907,2596,225067,1673,20393,3673,148900,5409,249849,5251,398749,California
San Francisco, County,San Francisco County,4/5/2021,16235,646602,9898,394805,4429,229496,1908,22301,6288,147085,9913,259762,8098,406847,California
San Francisco, County,San Francisco County,4/6/2021,16237,662839,9575,404380,4577,234073,2085,24386,6235,145326,9969,269731,8210,415057,California
San Francisco, County,San Francisco County,4/7/2021,17016,679855,10115,414495,4630,238703,2271,26657,7020,144553,9969,279700,9196,424253,California
San Francisco, County,San Francisco County,4/8/2021,14350,694205,6818,421313,3059,241762,4473,31130,4830,144163,9476,289176,9086,433339,California
San Francisco, County,San Francisco County,4/9/2021,15981,710186,7716,429029,4871,246633,3394,34524,6728,144946,9213,298389,9996,443335,California
San Francisco, County,San Francisco County,4/10/2021,13438,723624,5733,434762,5915,252548,1790,36314,7182,147614,6223,304612,8891,452226,California
San Francisco, County,San Francisco County,4/11/2021,10115,733739,7557,442319,1358,253906,1200,37514,5241,149150,4855,309467,6391,458617,California
San Francisco, County,San Francisco County,4/12/2021,10730,744469,6954,449273,2607,256513,1169,38683,4940,149462,5762,315229,6074,464691,California
San Francisco, County,San Francisco County,4/13/2021,10926,755395,7404,456677,3507,260020,15,38698,5467,149522,5425,320654,5485,470176,California
San Francisco, County,San Francisco County,4/14/2021,13467,768862,8107,464784,5359,265379,1,38699,6343,148788,7081,327735,6347,476523,California
San Francisco, County,San Francisco County,4/15/2021,13922,782784,9610,474394,4310,269689,2,38701,8019,150949,5866,333601,8027,484550,California
San Francisco, County,San Francisco County,4/16/2021,13168,795952,8831,483225,4293,273982,44,38745,7640,153144,5495,339096,7690,492240,California
San Francisco, County,San Francisco County,4/17/2021,10283,806235,7401,490626,2881,276863,1,38746,7206,157297,3058,342154,7211,499451,California
San Francisco, County,San Francisco County,4/18/2021,6986,813221,5408,496034,1576,278439,2,38748,4327,158990,2639,344793,4332,503783,California
San Francisco, County,San Francisco County,4/19/2021,11133,824354,8312,504346,2815,281254,6,38754,7050,161997,4059,348852,7066,510849,California
San Francisco, County,San Francisco County,4/20/2021,13122,837476,7873,512219,5247,286501,2,38756,8866,166644,4222,353074,8869,519718,California
San Francisco, County,San Francisco County,4/21/2021,12093,849569,8861,521080,3224,289725,8,38764,7278,169151,4782,357856,7289,527007,California
San Francisco, County,San Francisco County,4/22/2021,11235,860804,8370,529450,2864,292589,1,38765,6419,170803,4776,362632,6428,533435,California
San Francisco, County,San Francisco County,4/23/2021,11069,871873,6489,535939,4580,297169,0,38765,6546,172874,4484,367116,6555,539990,California
San Francisco, County,San Francisco County,4/24/2021,8106,879979,5557,541496,2549,299718,0,38765,4770,174340,3313,370429,4779,544769,California
San Francisco, County,San Francisco County,4/25/2021,5118,885097,4400,545896,712,300430,6,38771,2979,175206,2123,372552,2989,547758,California
San Francisco, County,San Francisco County,4/26/2021,8638,893735,6144,552040,2481,302911,13,38784,4293,175218,4310,376862,4322,552080,California
San Francisco, County,San Francisco County,4/27/2021,9086,902821,6172,558212,2742,305653,172,38956,4514,175373,4539,381401,4694,556774,California
San Francisco, County,San Francisco County,4/28/2021,10046,912867,7030,565242,2823,308476,193,39149,5253,176067,4758,386159,5452,562226,California
San Francisco, County,San Francisco County,4/29/2021,9947,922814,5919,571161,3828,312304,200,39349,4885,176138,5030,391189,5101,567327,California
San Francisco, County,San Francisco County,4/30/2021,11481,934295,5676,576837,5599,317903,206,39555,4273,173464,7158,398347,4484,571811,California
San Francisco, County,San Francisco County,5/1/2021,7078,941373,3632,580469,3327,321230,119,39674,1733,170012,5306,403653,1854,573665,California
San Francisco, County,San Francisco County,5/2/2021,5393,946766,3123,583592,2171,323401,99,39773,1002,166737,4379,408032,1104,574769,California
San Francisco, County,San Francisco County,5/3/2021,9907,956673,6775,590367,2966,326367,166,39939,2487,162010,7388,415420,2661,577430,California
San Francisco, County,San Francisco County,5/4/2021,9955,966628,6507,596874,3194,329561,254,40193,2417,157185,7502,422922,2677,580107,California
San Francisco, County,San Francisco County,5/5/2021,9377,976005,6642,603516,2421,331982,314,40507,2305,152784,7025,429947,2624,582731,California
San Francisco, County,San Francisco County,5/6/2021,11134,987139,8917,612433,1739,333721,478,40985,1928,146027,9166,439113,2409,585140,California
San Francisco, County,San Francisco County,5/7/2021,10433,997572,6758,619191,3403,337124,272,41257,1717,139334,8683,447796,1990,587130,California
San Francisco, County,San Francisco County,5/8/2021,9044,1006616,4148,623339,4766,341890,130,41387,1119,132694,7891,455687,1251,588381,California
San Francisco, County,San Francisco County,5/9/2021,6764,1013380,5866,629205,814,342704,84,41471,1076,128185,5663,461350,1154,589535,California
San Francisco, County,San Francisco County,5/10/2021,7484,1020864,5393,634598,1833,344537,258,41729,1015,123024,6433,467783,1272,590807,California
San Francisco, County,San Francisco County,5/11/2021,8331,1029195,6162,640760,1946,346483,223,41952,1497,117953,6790,474573,1719,592526,California
San Francisco, County,San Francisco County,5/12/2021,8491,1037686,6234,646994,1799,348282,458,42410,1509,112971,6945,481518,1963,594489,California
San Francisco, County,San Francisco County,5/13/2021,11520,1049206,8473,655467,2821,351103,226,42636,4212,110144,7273,488791,4446,598935,California
San Francisco, County,San Francisco County,5/14/2021,9669,1058875,6861,662328,2633,353736,175,42811,2999,106695,6632,495423,3183,602118,California
San Francisco, County,San Francisco County,5/15/2021,8188,1067063,6490,668818,1642,355378,56,42867,3220,105031,4951,500374,3287,605405,California
San Francisco, County,San Francisco County,5/16/2021,5337,1072400,4486,673304,791,356169,60,42927,2027,103833,3285,503659,2087,607492,California
San Francisco, County,San Francisco County,5/17/2021,7468,1079868,5555,678859,1748,357917,165,43092,2396,101347,5051,508710,2565,610057,California
San Francisco, County,San Francisco County,5/18/2021,8806,1088674,5049,683908,3582,361499,175,43267,1841,96445,6918,515628,2016,612073,California
San Francisco, County,San Francisco County,5/19/2021,7546,1096220,5582,689490,1728,363227,236,43503,2167,93496,5351,520979,2402,614475,California
San Francisco, County,San Francisco County,5/20/2021,6278,1102498,4212,693702,1811,365038,255,43758,1530,90568,4708,525687,1780,616255,California
San Francisco, County,San Francisco County,5/21/2021,7260,1109758,4109,697811,2965,368003,186,43944,1593,86725,5617,531304,1774,618029,California
San Francisco, County,San Francisco County,5/22/2021,4884,1114642,3679,701490,1115,369118,90,44034,2211,86375,2650,533954,2300,620329,California
San Francisco, County,San Francisco County,5/23/2021,1958,1116600,1500,702990,382,369500,76,44110,855,86213,1092,535046,930,621259,California
San Francisco, County,San Francisco County,5/24/2021,4248,1120848,3012,706002,1074,370574,162,44272,1228,84611,2994,538040,1392,622651,California
San Francisco, County,San Francisco County,5/25/2021,3715,1124563,2413,708415,1078,371652,224,44496,1032,83198,2661,540701,1248,623899,California
San Francisco, County,San Francisco County,5/26/2021,3991,1128554,2571,710986,1274,372926,146,44642,1060,81495,2908,543609,1205,625104,California
San Francisco, County,San Francisco County,5/27/2021,3746,1132300,2160,713146,1409,374335,177,44819,1169,80277,2564,546173,1346,626450,California
San Francisco, County,San Francisco County,5/28/2021,3797,1136097,2161,715307,1474,375809,162,44981,1312,79297,2453,548626,1473,627923,California
San Francisco, County,San Francisco County,5/29/2021,2048,1138145,1476,716783,469,376278,103,45084,795,78958,1231,549857,892,628815,California
San Francisco, County,San Francisco County,5/30/2021,989,1139134,703,717486,249,376527,37,45121,396,78806,585,550442,433,629248,California
San Francisco, County,San Francisco County,5/31/2021,268,1139402,218,717704,43,376570,7,45128,91,78732,172,550614,98,629346,California
San Francisco, County,San Francisco County,6/1/2021,3600,1143002,2177,719881,1233,377803,190,45318,1067,77471,2516,553130,1255,630601,California
San Francisco, County,San Francisco County,6/2/2021,2480,1145482,1791,721672,565,378368,124,45442,813,76752,1651,554781,932,631533,California
San Francisco, County,San Francisco County,6/3/2021,3981,1149463,2728,724400,1049,379417,204,45646,918,74826,3044,557825,1118,632651,California
San Francisco, County,San Francisco County,6/4/2021,5740,1155203,4863,729263,742,380159,135,45781,1235,71723,4470,562295,1367,634018,California
San Francisco, County,San Francisco County,6/5/2021,3771,1158974,3188,732451,435,380594,148,45929,872,69853,2886,565181,1016,635034,California
San Francisco, County,San Francisco County,6/6/2021,2348,1161322,2196,734647,113,380707,39,45968,391,68333,1950,567131,430,635464,California
San Francisco, County,San Francisco County,6/7/2021,3665,1164987,3032,737679,494,381201,139,46107,871,66567,2773,569904,1007,636471,California
San Francisco, County,San Francisco County,6/8/2021,2839,1167826,2231,739910,440,381641,168,46275,796,65499,2025,571929,957,637428,California
San Francisco, County,San Francisco County,6/9/2021,2329,1170155,1863,741773,326,381967,140,46415,657,64635,1658,573587,794,638222,California
San Francisco, County,San Francisco County,6/10/2021,2520,1172675,1924,743697,402,382369,194,46609,744,63812,1762,575349,939,639161,California
San Francisco, County,San Francisco County,6/11/2021,3165,1175840,2498,746195,502,382871,165,46774,925,62682,2216,577565,1086,640247,California
San Francisco, County,San Francisco County,6/12/2021,3037,1178877,2636,748831,273,383144,128,46902,713,61209,2311,579876,838,641085,California
San Francisco, County,San Francisco County,6/13/2021,928,1179805,805,749636,76,383220,47,46949,220,60774,701,580577,266,641351,California
San Francisco, County,San Francisco County,6/14/2021,2513,1182318,2032,751668,330,383550,151,47100,828,60077,1672,582249,975,642326,California
San Francisco, County,San Francisco County,6/15/2021,1930,1184248,1489,753157,306,383856,135,47235,682,59658,1236,583485,817,643143,California
San Francisco, County,San Francisco County,6/16/2021,1886,1186134,1428,754585,261,384117,197,47432,643,59265,1226,584711,833,643976,California
San Francisco, County,San Francisco County,6/17/2021,2002,1188136,1540,756125,260,384377,202,47634,639,58752,1349,586060,836,644812,California
San Francisco, County,San Francisco County,6/18/2021,2355,1190491,1738,757863,442,384819,175,47809,752,58086,1587,587647,921,645733,California
San Francisco, County,San Francisco County,6/19/2021,1426,1191917,1189,759052,125,384944,112,47921,435,57651,978,588625,543,646276,California
San Francisco, County,San Francisco County,6/20/2021,630,1192547,541,759593,56,385000,33,47954,257,57575,366,588991,290,646566,California
San Francisco, County,San Francisco County,6/21/2021,1167,1193714,865,760458,189,385189,113,48067,600,57732,553,589544,710,647276,California
San Francisco, County,San Francisco County,6/22/2021,1593,1195307,1251,761709,230,385419,112,48179,552,57365,1025,590569,658,647934,California
San Francisco, County,San Francisco County,6/23/2021,1494,1196801,1175,762884,178,385597,141,48320,590,57197,892,591461,724,648658,California
San Francisco, County,San Francisco County,6/24/2021,1544,1198345,1132,764016,244,385841,168,48488,511,56857,1014,592475,674,649332,California
San Francisco, County,San Francisco County,6/25/2021,1838,1200183,1485,765501,251,386092,102,48590,664,56470,1152,593627,765,650097,California
San Francisco, County,San Francisco County,6/26/2021,1406,1201589,1254,766755,67,386159,85,48675,494,56146,901,594528,577,650674,California
San Francisco, County,San Francisco County,6/27/2021,560,1202149,497,767252,35,386194,28,48703,228,56075,326,594854,255,650929,California
San Francisco, County,San Francisco County,6/28/2021,1492,1203641,1281,768533,116,386310,95,48798,531,55751,949,595803,625,651554,California
San Francisco, County,San Francisco County,6/29/2021,1389,1205030,1066,769599,220,386530,103,48901,500,55470,877,596680,596,652150,California
San Francisco, County,San Francisco County,6/30/2021,1291,1206321,1057,770656,164,386694,70,48971,499,55251,786,597466,567,652717,California
San Francisco, County,San Francisco County,7/1/2021,1203,1207524,947,771603,176,386870,80,49051,484,55107,706,598172,562,653279,California
San Francisco, County,San Francisco County,7/2/2021,1529,1209053,1222,772825,235,387105,72,49123,600,54857,920,599092,670,653949,California
San Francisco, County,San Francisco County,7/3/2021,896,1209949,752,773577,72,387177,72,49195,335,54706,555,599647,404,654353,California
San Francisco, County,San Francisco County,7/4/2021,13,1209962,11,773588,1,387178,1,49196,5,54704,8,599655,6,654359,California
San Francisco, County,San Francisco County,7/5/2021,960,1210922,842,774430,73,387251,45,49241,388,54574,562,600217,432,654791,California
San Francisco, County,San Francisco County,7/6/2021,1685,1212607,1396,775826,198,387449,91,49332,547,54090,1118,601335,634,655425,California
San Francisco, County,San Francisco County,7/7/2021,1117,1213724,884,776710,137,387586,96,49428,391,53859,714,602049,483,655908,California
San Francisco, County,San Francisco County,7/8/2021,1136,1214860,882,777592,144,387730,110,49538,411,53664,713,602762,518,656426,California
San Francisco, County,San Francisco County,7/9/2021,1301,1216161,1011,778603,198,387928,92,49630,499,53473,780,603542,589,657015,California
San Francisco, County,San Francisco County,7/10/2021,654,1216815,563,779166,48,387976,43,49673,285,53435,358,603900,320,657335,California
San Francisco, County,San Francisco County,7/11/2021,495,1217310,419,779585,54,388030,22,49695,187,53343,300,604200,208,657543,California
San Francisco, County,San Francisco County,7/12/2021,1287,1218597,1037,780622,165,388195,85,49780,496,53148,774,604974,579,658122,California
San Francisco, County,San Francisco County,7/13/2021,975,1219572,766,781388,133,388328,76,49856,406,53070,556,605530,478,658600,California
San Francisco, County,San Francisco County,7/14/2021,1052,1220624,815,782203,155,388483,82,49938,425,52956,617,606147,503,659103,California
San Francisco, County,San Francisco County,7/15/2021,977,1221601,779,782982,150,388633,48,49986,457,52951,506,606653,501,659604,California
San Francisco, County,San Francisco County,7/16/2021,1187,1222788,948,783930,195,388828,44,50030,546,52916,624,607277,589,660193,California
San Francisco, County,San Francisco County,7/17/2021,804,1223592,731,784661,45,388873,28,50058,344,52841,445,607722,370,660563,California
San Francisco, County,San Francisco County,7/18/2021,408,1224000,346,785007,48,388921,14,50072,191,52835,211,607933,205,660768,California
San Francisco, County,San Francisco County,7/19/2021,1196,1225196,994,786001,136,389057,66,50138,561,52840,618,608551,623,661391,California
San Francisco, County,San Francisco County,7/20/2021,939,1226135,752,786753,113,389170,74,50212,462,52915,459,609010,534,661925,California
San Francisco, County,San Francisco County,7/21/2021,1123,1227258,930,787683,139,389309,54,50266,552,52965,553,609563,603,662528,California
San Francisco, County,San Francisco County,7/22/2021,1072,1228330,863,788546,151,389460,58,50324,507,52981,548,610111,564,663092,California
San Francisco, County,San Francisco County,7/23/2021,1197,1229527,954,789500,176,389636,67,50391,557,52987,617,610728,623,663715,California
San Francisco, County,San Francisco County,7/24/2021,795,1230322,676,790176,78,389714,41,50432,334,52921,439,611167,373,664088,California
San Francisco, County,San Francisco County,7/25/2021,358,1230680,310,790486,42,389756,6,50438,224,53027,123,611290,229,664317,California
San Francisco, County,San Francisco County,7/26/2021,1198,1231878,928,791414,183,389939,87,50525,652,53242,522,611812,737,665054,California
San Francisco, County,San Francisco County,7/27/2021,1130,1233008,908,792322,152,390091,70,50595,584,53365,528,612340,651,665705,California
San Francisco, County,San Francisco County,7/28/2021,1132,1234140,890,793212,165,390256,77,50672,600,53535,500,612840,670,666375,California
San Francisco, County,San Francisco County,7/29/2021,1092,1235232,857,794069,167,390423,68,50740,601,53735,466,613306,666,667041,California
San Francisco, County,San Francisco County,7/30/2021,1263,1236495,955,795024,206,390629,102,50842,616,53854,588,613894,707,667748,California
San Francisco, County,San Francisco County,7/31/2021,785,1237280,665,795689,77,390706,43,50885,432,54000,324,614218,470,668218,California
San Francisco, County,San Francisco County,8/1/2021,397,1237677,349,796038,35,390741,13,50898,227,54081,159,614377,240,668458,California
San Francisco, County,San Francisco County,8/2/2021,1270,1238947,1028,797066,166,390907,76,50974,696,54317,534,614911,770,669228,California
San Francisco, County,San Francisco County,8/3/2021,1105,1240052,860,797926,169,391076,76,51050,571,54460,497,615408,640,669868,California
San Francisco, County,San Francisco County,8/4/2021,1191,1241243,946,798872,174,391250,71,51121,564,54497,597,616005,634,670502,California
San Francisco, County,San Francisco County,8/5/2021,1336,1242579,1008,799880,211,391461,117,51238,614,54528,690,616695,721,671223,California
San Francisco, County,San Francisco County,8/6/2021,1455,1244034,1177,801057,223,391684,55,51293,677,54517,742,617437,731,671954,California
San Francisco, County,San Francisco County,8/7/2021,932,1244966,819,801876,70,391754,43,51336,409,54468,497,617934,448,672402,California
San Francisco, County,San Francisco County,8/8/2021,316,1245282,264,802140,48,391802,4,51340,154,54481,145,618079,158,672560,California
San Francisco, County,San Francisco County,8/9/2021,1007,1246289,788,802928,151,391953,68,51408,402,54360,589,618668,468,673028,California
San Francisco, County,San Francisco County,8/10/2021,640,1246929,476,803404,107,392060,57,51465,253,54292,377,619045,309,673337,California
San Joaquin, County,San Joaquin County,12/15/2020,16,16,16,16,0,0,0,0,16,16,0,0,16,16,California
San Joaquin, County,San Joaquin County,12/16/2020,479,495,479,495,0,0,0,0,479,495,0,0,479,495,California
San Joaquin, County,San Joaquin County,12/17/2020,373,868,373,868,0,0,0,0,373,868,0,0,373,868,California
San Joaquin, County,San Joaquin County,12/18/2020,634,1502,626,1494,8,8,0,0,634,1502,0,0,634,1502,California
San Joaquin, County,San Joaquin County,12/19/2020,222,1724,218,1712,4,12,0,0,222,1724,0,0,222,1724,California
San Joaquin, County,San Joaquin County,12/20/2020,126,1850,124,1836,2,14,0,0,126,1850,0,0,126,1850,California
San Joaquin, County,San Joaquin County,12/21/2020,551,2401,547,2383,4,18,0,0,551,2401,0,0,551,2401,California
San Joaquin, County,San Joaquin County,12/22/2020,1012,3413,887,3270,125,143,0,0,1011,3412,0,0,1011,3412,California
San Joaquin, County,San Joaquin County,12/23/2020,1006,4419,946,4216,60,203,0,0,1004,4416,2,2,1006,4418,California
San Joaquin, County,San Joaquin County,12/24/2020,232,4651,202,4418,30,233,0,0,231,4647,1,3,232,4650,California
San Joaquin, County,San Joaquin County,12/25/2020,19,4670,19,4437,0,233,0,0,19,4666,0,3,19,4669,California
San Joaquin, County,San Joaquin County,12/26/2020,105,4775,33,4470,72,305,0,0,105,4771,0,3,105,4774,California
San Joaquin, County,San Joaquin County,12/27/2020,50,4825,36,4506,14,319,0,0,50,4821,0,3,50,4824,California
San Joaquin, County,San Joaquin County,12/28/2020,640,5465,433,4939,207,526,0,0,640,5461,0,3,640,5464,California
San Joaquin, County,San Joaquin County,12/29/2020,811,6276,679,5618,132,658,0,0,810,6270,1,4,810,6274,California
San Joaquin, County,San Joaquin County,12/30/2020,1026,7302,730,6348,296,954,0,0,1024,7294,2,6,1026,7300,California
San Joaquin, County,San Joaquin County,12/31/2020,471,7773,207,6555,264,1218,0,0,470,7763,2,8,471,7771,California
San Joaquin, County,San Joaquin County,1/1/2021,28,7801,16,6571,12,1230,0,0,28,7791,0,8,28,7799,California
San Joaquin, County,San Joaquin County,1/2/2021,273,8074,248,6819,25,1255,0,0,273,8064,0,8,273,8072,California
San Joaquin, County,San Joaquin County,1/3/2021,38,8112,20,6839,18,1273,0,0,37,8100,1,9,37,8109,California
San Joaquin, County,San Joaquin County,1/4/2021,505,8617,357,7196,148,1421,0,0,503,8602,1,10,503,8612,California
San Joaquin, County,San Joaquin County,1/5/2021,1088,9705,721,7917,367,1788,0,0,836,9227,249,259,874,9486,California
San Joaquin, County,San Joaquin County,1/6/2021,1333,11038,798,8715,535,2323,0,0,954,9813,372,631,958,10444,California
San Joaquin, County,San Joaquin County,1/7/2021,1172,12210,761,9476,411,2734,0,0,808,10263,358,989,808,11252,California
San Joaquin, County,San Joaquin County,1/8/2021,1390,13600,981,10457,409,3143,0,0,793,10470,593,1582,800,12052,California
San Joaquin, County,San Joaquin County,1/9/2021,388,13988,305,10762,83,3226,0,0,252,10588,136,1718,254,12306,California
San Joaquin, County,San Joaquin County,1/10/2021,234,14222,124,10886,110,3336,0,0,174,10703,59,1777,174,12480,California
San Joaquin, County,San Joaquin County,1/11/2021,1606,15828,1375,12261,231,3567,0,0,918,11005,685,2462,987,13467,California
San Joaquin, County,San Joaquin County,1/12/2021,1715,17543,1193,13454,522,4089,0,0,856,11082,851,3313,928,14395,California
San Joaquin, County,San Joaquin County,1/13/2021,1629,19172,923,14377,706,4795,0,0,1027,11520,595,3908,1033,15428,California
San Joaquin, County,San Joaquin County,1/14/2021,1984,21156,997,15374,987,5782,0,0,1614,12814,343,4251,1637,17065,California
San Joaquin, County,San Joaquin County,1/15/2021,1688,22844,566,15940,1122,6904,0,0,1425,14020,245,4496,1451,18516,California
San Joaquin, County,San Joaquin County,1/16/2021,1149,23993,184,16124,965,7869,0,0,1115,15102,33,4529,1115,19631,California
San Joaquin, County,San Joaquin County,1/17/2021,1643,25636,143,16267,1500,9369,0,0,1592,16646,51,4580,1595,21226,California
San Joaquin, County,San Joaquin County,1/18/2021,754,26390,246,16513,508,9877,0,0,630,17156,120,4700,630,21856,California
San Joaquin, County,San Joaquin County,1/19/2021,2010,28400,908,17421,1102,10979,0,0,1314,17791,689,5389,1324,23180,California
San Joaquin, County,San Joaquin County,1/20/2021,2245,30645,1303,18724,942,11921,0,0,1578,18719,658,6047,1586,24766,California
San Joaquin, County,San Joaquin County,1/21/2021,2131,32776,911,19635,1220,13141,0,0,1721,20047,402,6449,1730,26496,California
San Joaquin, County,San Joaquin County,1/22/2021,2117,34893,921,20556,1196,14337,0,0,1954,21846,157,6606,1956,28452,California
San Joaquin, County,San Joaquin County,1/23/2021,909,35802,395,20951,514,14851,0,0,617,22176,289,6895,619,29071,California
San Joaquin, County,San Joaquin County,1/24/2021,373,36175,140,21091,233,15084,0,0,350,22506,20,6915,350,29421,California
San Joaquin, County,San Joaquin County,1/25/2021,2129,38304,1175,22266,954,16038,0,0,1530,23447,594,7509,1535,30956,California
San Joaquin, County,San Joaquin County,1/26/2021,2364,40668,1121,23387,1243,17281,0,0,1714,24538,636,8145,1727,32683,California
San Joaquin, County,San Joaquin County,1/27/2021,1841,42509,778,24165,1063,18344,0,0,1324,25357,511,8656,1330,34013,California
San Joaquin, County,San Joaquin County,1/28/2021,2268,44777,806,24971,1462,19806,0,0,1552,26211,709,9365,1563,35576,California
San Joaquin, County,San Joaquin County,1/29/2021,2341,47118,1072,26043,1269,21075,0,0,1943,27775,389,9754,1953,37529,California
San Joaquin, County,San Joaquin County,1/30/2021,2194,49312,360,26403,1834,22909,0,0,2007,29598,186,9940,2009,39538,California
San Joaquin, County,San Joaquin County,1/31/2021,1558,50870,173,26576,1385,24294,0,0,1483,31011,72,10012,1485,41023,California
San Joaquin, County,San Joaquin County,2/1/2021,2567,53437,1318,27894,1249,25543,0,0,1756,31960,809,10821,1758,42781,California
San Joaquin, County,San Joaquin County,2/2/2021,2694,56131,1189,29083,1505,27048,0,0,2040,33414,590,11411,2044,44825,California
San Joaquin, County,San Joaquin County,2/3/2021,3166,59297,1245,30328,1921,28969,0,0,2260,34787,898,12309,2271,47096,California
San Joaquin, County,San Joaquin County,2/4/2021,3598,62895,1799,32127,1799,30768,0,0,2674,36550,919,13228,2682,49778,California
San Joaquin, County,San Joaquin County,2/5/2021,3251,66146,1761,33888,1490,32258,0,0,2367,38078,854,14082,2382,52160,California
San Joaquin, County,San Joaquin County,2/6/2021,1019,67165,659,34547,360,32618,0,0,865,38793,151,14233,866,53026,California
San Joaquin, County,San Joaquin County,2/7/2021,633,67798,497,35044,136,32754,0,0,422,39011,205,14438,423,53449,California
San Joaquin, County,San Joaquin County,2/8/2021,1936,69734,1051,36095,885,33639,0,0,1555,40225,349,14787,1563,55012,California
San Joaquin, County,San Joaquin County,2/9/2021,2303,72037,1160,37255,1143,34782,0,0,1670,41347,552,15339,1674,56686,California
San Joaquin, County,San Joaquin County,2/10/2021,2813,74850,1271,38526,1542,36324,0,0,1462,41500,1311,16650,1464,58150,California
San Joaquin, County,San Joaquin County,2/11/2021,3085,77935,1476,40002,1609,37933,0,0,1737,41961,1282,17932,1743,59893,California
San Joaquin, County,San Joaquin County,2/12/2021,3017,80952,1152,41154,1865,39798,0,0,1659,42307,1317,19249,1663,61556,California
San Joaquin, County,San Joaquin County,2/13/2021,2157,83109,414,41568,1743,41541,0,0,870,41915,1269,20518,877,62433,California
San Joaquin, County,San Joaquin County,2/14/2021,1935,85044,266,41834,1669,43210,0,0,707,41430,1193,21711,708,63141,California
San Joaquin, County,San Joaquin County,2/15/2021,2086,87130,831,42665,1255,44465,0,0,1246,41882,798,22509,1250,64391,California
San Joaquin, County,San Joaquin County,2/16/2021,3377,90507,1411,44076,1966,46431,0,0,1865,42269,1489,23998,1876,66267,California
San Joaquin, County,San Joaquin County,2/17/2021,3604,94111,1312,45388,2292,48723,0,0,1980,42675,1578,25576,1984,68251,California
San Joaquin, County,San Joaquin County,2/18/2021,3584,97695,1423,46811,2161,50884,0,0,1988,43136,1533,27109,1994,70245,California
San Joaquin, County,San Joaquin County,2/19/2021,4425,102120,2459,49270,1966,52850,0,0,2444,43678,1903,29012,2445,72690,California
San Joaquin, County,San Joaquin County,2/20/2021,1625,103745,701,49971,924,53774,0,0,1090,44238,530,29542,1090,73780,California
San Joaquin, County,San Joaquin County,2/21/2021,723,104468,532,50503,191,53965,0,0,437,44397,281,29823,440,74220,California
San Joaquin, County,San Joaquin County,2/22/2021,3835,108303,2620,53123,1215,55180,0,0,2633,45880,1153,30976,2636,76856,California
San Joaquin, County,San Joaquin County,2/23/2021,4666,112969,2704,55827,1962,57142,0,0,2769,46842,1816,32792,2778,79634,California
San Joaquin, County,San Joaquin County,2/24/2021,6004,118973,3508,59335,2496,59638,0,0,4224,49345,1725,34517,4228,83862,California
San Joaquin, County,San Joaquin County,2/25/2021,6840,125813,4086,63421,2754,62392,0,0,4222,51052,2531,37048,4238,88100,California
San Joaquin, County,San Joaquin County,2/26/2021,5783,131596,2976,66397,2807,65199,0,0,3850,53035,1875,38923,3858,91958,California
San Joaquin, County,San Joaquin County,2/27/2021,5656,137252,1755,68152,3900,69099,1,1,2689,52838,2897,41820,2700,94658,California
San Joaquin, County,San Joaquin County,2/28/2021,3176,140428,1159,69311,2017,71116,0,1,2084,53872,1055,42875,2089,96747,California
San Joaquin, County,San Joaquin County,3/1/2021,4598,145026,1886,71197,2709,73825,3,4,2478,54303,2060,44935,2491,99238,California
San Joaquin, County,San Joaquin County,3/2/2021,4483,149509,1742,72939,2741,76566,0,4,2804,55519,1641,46576,2857,102095,California
San Joaquin, County,San Joaquin County,3/3/2021,6108,155617,3530,76469,2576,79142,2,6,4390,58235,1675,48251,4391,106486,California
San Joaquin, County,San Joaquin County,3/4/2021,5948,161565,2328,78797,3617,82759,3,9,3889,60101,2028,50279,3894,110380,California
San Joaquin, County,San Joaquin County,3/5/2021,4842,166407,1950,80747,2887,85646,5,14,3321,61968,1464,51743,3331,113711,California
San Joaquin, County,San Joaquin County,3/6/2021,3382,169789,2221,82968,1030,86676,131,145,2766,64263,605,52348,2900,116611,California
San Joaquin, County,San Joaquin County,3/7/2021,1323,171112,578,83546,643,87319,102,247,969,64983,335,52683,1055,117666,California
San Joaquin, County,San Joaquin County,3/8/2021,3339,174451,1294,84840,1908,89227,137,384,2170,66150,1140,53823,2307,119973,California
San Joaquin, County,San Joaquin County,3/9/2021,4375,178826,1891,86731,2352,91579,132,516,2768,67507,1550,55373,2907,122880,California
San Joaquin, County,San Joaquin County,3/10/2021,5039,183865,2553,89284,2345,93924,141,657,3521,69680,1490,56863,3663,126543,California
San Joaquin, County,San Joaquin County,3/11/2021,5367,189232,2497,91781,2265,96189,605,1262,3029,71001,2313,59176,3634,130177,California
San Joaquin, County,San Joaquin County,3/12/2021,6733,195965,3271,95052,3121,99310,341,1603,4227,73109,2464,61640,4572,134749,California
San Joaquin, County,San Joaquin County,3/13/2021,3267,199232,1528,96580,1613,100923,126,1729,2325,74642,928,62568,2461,137210,California
San Joaquin, County,San Joaquin County,3/14/2021,2194,201426,684,97264,1206,102129,304,2033,1033,74829,1153,63721,1340,138550,California
San Joaquin, County,San Joaquin County,3/15/2021,6220,207646,3552,100816,2257,104386,411,2444,3197,75486,2968,66689,3625,142175,California
San Joaquin, County,San Joaquin County,3/16/2021,7093,214739,3977,104793,2856,107242,260,2704,4122,76948,2928,69617,4390,146565,California
San Joaquin, County,San Joaquin County,3/17/2021,8101,222840,4784,109577,3247,110489,70,2774,4429,77854,3598,73215,4504,151069,California
San Joaquin, County,San Joaquin County,3/18/2021,7863,230703,4586,114163,2765,113254,512,3286,3858,78297,3931,77146,4374,155443,California
San Joaquin, County,San Joaquin County,3/19/2021,8169,238872,4723,118886,2898,116152,548,3834,4890,80551,3243,80389,5497,160940,California
San Joaquin, County,San Joaquin County,3/20/2021,3748,242620,2166,121052,1339,117491,243,4077,1838,80759,1886,82275,2094,163034,California
San Joaquin, County,San Joaquin County,3/21/2021,2167,244787,1530,122582,428,117919,209,4286,1164,81223,978,83253,1442,164476,California
San Joaquin, County,San Joaquin County,3/22/2021,4230,249017,2113,124695,1701,119620,416,4702,2492,82434,1702,84955,2913,167389,California
San Joaquin, County,San Joaquin County,3/23/2021,5561,254578,2713,127408,2681,122301,167,4869,3822,84732,1698,86653,3996,171385,California
San Joaquin, County,San Joaquin County,3/24/2021,7076,261654,4327,131735,2656,124957,93,4962,3101,84028,3905,90558,3201,174586,California
San Joaquin, County,San Joaquin County,3/25/2021,5839,267493,3410,135145,2381,127338,48,5010,3447,85184,2342,92900,3498,178084,California
San Joaquin, County,San Joaquin County,3/26/2021,6557,274050,2640,137785,3762,131100,155,5165,3361,85610,3113,96013,3539,181623,California
San Joaquin, County,San Joaquin County,3/27/2021,4737,278787,2664,140449,1998,133098,75,5240,1813,84618,2891,98904,1899,183522,California
San Joaquin, County,San Joaquin County,3/28/2021,2782,281569,1846,142295,912,134010,24,5264,1267,84533,1491,100395,1406,184928,California
San Joaquin, County,San Joaquin County,3/29/2021,4220,285789,2218,144513,1977,135987,25,5289,2119,84626,2069,102464,2162,187090,California
San Joaquin, County,San Joaquin County,3/30/2021,6486,292275,3227,147740,3166,139153,93,5382,3548,85399,2886,105350,3659,190749,California
San Joaquin, County,San Joaquin County,3/31/2021,6911,299186,4223,151963,2626,141779,62,5444,3508,85638,3356,108706,3595,194344,California
San Joaquin, County,San Joaquin County,4/1/2021,6741,305927,3056,155019,3592,145371,93,5537,2985,85073,3706,112412,3141,197485,California
San Joaquin, County,San Joaquin County,4/2/2021,6607,312534,2922,157941,3184,148555,501,6038,2609,84271,3944,116356,3142,200627,California
San Joaquin, County,San Joaquin County,4/3/2021,4254,316788,2424,160365,1506,150061,324,6362,2034,84444,2199,118555,2372,202999,California
San Joaquin, County,San Joaquin County,4/4/2021,2321,319109,1382,161747,730,150791,209,6571,1545,85461,762,119317,1779,204778,California
San Joaquin, County,San Joaquin County,4/5/2021,5042,324151,2898,164645,1900,152691,244,6815,2732,86178,2267,121584,2984,207762,California
San Joaquin, County,San Joaquin County,4/6/2021,7413,331564,4611,169256,2521,155212,281,7096,3474,86081,3865,125449,3768,211530,California
San Joaquin, County,San Joaquin County,4/7/2021,8558,340122,4620,173876,2345,157557,1593,8689,3592,86353,4922,130371,5194,216724,California
San Joaquin, County,San Joaquin County,4/8/2021,9030,349152,4798,178674,2060,159617,2172,10861,3411,86359,5575,135946,5581,222305,California
San Joaquin, County,San Joaquin County,4/9/2021,9216,358368,4434,183108,3204,162821,1578,12439,3373,85519,5802,141748,4962,227267,California
San Joaquin, County,San Joaquin County,4/10/2021,5289,363657,1677,184785,1694,164515,1918,14357,1795,85756,3473,145221,3710,230977,California
San Joaquin, County,San Joaquin County,4/11/2021,4334,367991,1796,186581,1372,165887,1166,15523,1993,86582,2327,147548,3153,234130,California
San Joaquin, County,San Joaquin County,4/12/2021,6257,374248,2533,189114,2168,168055,1556,17079,2464,86847,3756,151304,4021,238151,California
San Joaquin, County,San Joaquin County,4/13/2021,7764,382012,4444,193558,3311,171366,9,17088,4711,88561,3014,154318,4728,242879,California
San Joaquin, County,San Joaquin County,4/14/2021,7813,389825,3966,197524,3844,175210,3,17091,4679,90153,3101,157419,4693,247572,California
San Joaquin, County,San Joaquin County,4/15/2021,8099,397924,4814,202338,3284,178494,1,17092,4455,91028,3590,161009,4465,252037,California
San Joaquin, County,San Joaquin County,4/16/2021,7974,405898,4329,206667,3641,182135,4,17096,4774,92660,3160,164169,4792,256829,California
San Joaquin, County,San Joaquin County,4/17/2021,5248,411146,2856,209523,2390,184525,2,17098,3713,94875,1516,165685,3731,260560,California
San Joaquin, County,San Joaquin County,4/18/2021,2771,413917,1660,211183,1111,185636,0,17098,1468,95066,1283,166968,1474,262034,California
San Joaquin, County,San Joaquin County,4/19/2021,5372,419289,2864,214047,2507,188143,1,17099,2788,95324,2544,169512,2802,264836,California
San Joaquin, County,San Joaquin County,4/20/2021,6536,425825,3509,217556,3026,191169,1,17100,3059,94954,3440,172952,3070,267906,California
San Joaquin, County,San Joaquin County,4/21/2021,6144,431969,3519,221075,2624,193793,1,17101,3142,95172,2933,175885,3151,271057,California
San Joaquin, County,San Joaquin County,4/22/2021,5636,437605,3364,224439,2270,196063,2,17103,3173,95944,2420,178305,3192,274249,California
San Joaquin, County,San Joaquin County,4/23/2021,6280,443885,3075,227514,3204,199267,1,17104,3916,97536,2333,180638,3925,278174,California
San Joaquin, County,San Joaquin County,4/24/2021,5336,449221,3676,231190,1658,200925,2,17106,3449,99144,1855,182493,3463,281637,California
San Joaquin, County,San Joaquin County,4/25/2021,3106,452327,2620,233810,486,201411,0,17106,2049,100174,1024,183517,2054,283691,California
San Joaquin, County,San Joaquin County,4/26/2021,4298,456625,2781,236591,1513,202924,4,17110,2197,100301,2080,185597,2207,285898,California
San Joaquin, County,San Joaquin County,4/27/2021,4896,461521,2824,239415,2010,204934,62,17172,2056,99620,2808,188405,2127,288025,California
San Joaquin, County,San Joaquin County,4/28/2021,5951,467472,3573,242988,2295,207229,83,17255,2891,99587,3017,191422,2984,291009,California
San Joaquin, County,San Joaquin County,4/29/2021,5241,472713,3085,246073,2098,209327,58,17313,2646,99740,2562,193984,2715,293724,California
San Joaquin, County,San Joaquin County,4/30/2021,5306,478019,2632,248705,2607,211934,67,17380,2702,99946,2573,196557,2779,296503,California
San Joaquin, County,San Joaquin County,5/1/2021,3411,481430,1954,250659,1400,213334,57,17437,2163,100942,1237,197794,2233,298736,California
San Joaquin, County,San Joaquin County,5/2/2021,2354,483784,1645,252304,652,213986,57,17494,1184,101019,1165,198959,1242,299978,California
San Joaquin, County,San Joaquin County,5/3/2021,3499,487283,2365,254669,1055,215041,79,17573,1439,100505,2040,200999,1526,301504,California
San Joaquin, County,San Joaquin County,5/4/2021,5166,492449,3475,258144,1530,216571,161,17734,1880,99299,3257,204256,2051,303555,California
San Joaquin, County,San Joaquin County,5/5/2021,5451,497900,3779,261923,1508,218079,164,17898,2404,98868,3007,207263,2576,306131,California
San Joaquin, County,San Joaquin County,5/6/2021,4966,502866,3357,265280,1478,219557,131,18029,2135,98335,2811,210074,2278,308409,California
San Joaquin, County,San Joaquin County,5/7/2021,5409,508275,3186,268466,2069,221626,154,18183,2057,97241,3320,213394,2226,310635,California
San Joaquin, County,San Joaquin County,5/8/2021,3441,511716,2263,270729,1075,222701,103,18286,1294,96522,2126,215520,1407,312042,California
San Joaquin, County,San Joaquin County,5/9/2021,1536,513252,882,271611,584,223285,70,18356,528,96122,1004,216524,604,312646,California
San Joaquin, County,San Joaquin County,5/10/2021,2994,516246,1598,273209,1270,224555,126,18482,957,95197,2015,218539,1090,313736,California
San Joaquin, County,San Joaquin County,5/11/2021,4318,520564,2265,275474,1933,226488,120,18602,1301,93652,2997,221536,1452,315188,California
San Joaquin, County,San Joaquin County,5/12/2021,4583,525147,2207,277681,2248,228736,128,18730,1401,92035,3158,224694,1541,316729,California
San Joaquin, County,San Joaquin County,5/13/2021,4945,530092,2916,280597,1940,230676,89,18819,1886,90985,3039,227733,1989,318718,California
San Joaquin, County,San Joaquin County,5/14/2021,5985,536077,3614,284211,2262,232938,109,18928,2455,90058,3495,231228,2568,321286,California
San Joaquin, County,San Joaquin County,5/15/2021,5293,541370,3158,287369,2054,234992,81,19009,1662,88208,3596,234824,1746,323032,California
San Joaquin, County,San Joaquin County,5/16/2021,3633,545003,2856,290225,728,235720,49,19058,1475,87599,2141,236965,1532,324564,California
San Joaquin, County,San Joaquin County,5/17/2021,4198,549201,2512,292737,1588,237308,98,19156,1795,87120,2382,239347,1903,326467,California
San Joaquin, County,San Joaquin County,5/18/2021,4040,553241,2336,295073,1589,238897,115,19271,1872,86964,2146,241493,1990,328457,California
San Joaquin, County,San Joaquin County,5/19/2021,4847,558088,2828,297901,1884,240781,135,19406,2034,86365,2778,244271,2179,330636,California
San Joaquin, County,San Joaquin County,5/20/2021,4047,562135,2428,300329,1511,242292,108,19514,1741,85938,2279,246550,1852,332488,California
San Joaquin, County,San Joaquin County,5/21/2021,5157,567292,3047,303376,1986,244278,124,19638,2320,85589,2802,249352,2453,334941,California
San Joaquin, County,San Joaquin County,5/22/2021,4104,571396,2580,305956,1428,245706,96,19734,1838,85285,2250,251602,1946,336887,California
San Joaquin, County,San Joaquin County,5/23/2021,2556,573952,2096,308052,415,246121,45,19779,1469,85730,1073,252675,1518,338405,California
San Joaquin, County,San Joaquin County,5/24/2021,3125,577077,1833,309885,1198,247319,94,19873,1451,85623,1657,254332,1550,339955,California
San Joaquin, County,San Joaquin County,5/25/2021,3166,580243,1964,311849,1054,248373,148,20021,1459,85549,1680,256012,1606,341561,California
San Joaquin, County,San Joaquin County,5/26/2021,3945,584188,2433,314282,1438,249811,74,20095,1604,84908,2323,258335,1682,343243,California
San Joaquin, County,San Joaquin County,5/27/2021,3166,587354,1726,316008,1354,251165,86,20181,1280,84408,1868,260203,1368,344611,California
San Joaquin, County,San Joaquin County,5/28/2021,3176,590530,1708,317716,1377,252542,91,20272,1472,84304,1677,261880,1573,346184,California
San Joaquin, County,San Joaquin County,5/29/2021,2165,592695,1199,318915,931,253473,35,20307,922,84029,1237,263117,962,347146,California
San Joaquin, County,San Joaquin County,5/30/2021,980,593675,524,319439,430,253903,26,20333,399,83883,575,263692,429,347575,California
San Joaquin, County,San Joaquin County,5/31/2021,626,594301,265,319704,354,254257,7,20340,241,83750,381,264073,248,347823,California
San Joaquin, County,San Joaquin County,6/1/2021,2503,596804,1510,321214,892,255149,101,20441,1188,83741,1304,265377,1295,349118,California
San Joaquin, County,San Joaquin County,6/2/2021,2760,599564,1627,322841,1078,256227,55,20496,1142,83340,1600,266977,1199,350317,California
San Joaquin, County,San Joaquin County,6/3/2021,2871,602435,1778,324619,1036,257263,57,20553,1061,82671,1791,268768,1122,351439,California
San Joaquin, County,San Joaquin County,6/4/2021,3178,605613,1952,326571,1121,258384,105,20658,1061,81753,2086,270854,1168,352607,California
San Joaquin, County,San Joaquin County,6/5/2021,2529,608142,1926,328497,537,258921,66,20724,1149,81686,1286,272140,1219,353826,California
San Joaquin, County,San Joaquin County,6/6/2021,1109,609251,892,329389,179,259100,38,20762,430,81494,661,272801,469,354295,California
San Joaquin, County,San Joaquin County,6/7/2021,2852,612103,2105,331494,705,259805,42,20804,981,80663,1863,274664,1032,355327,California
San Joaquin, County,San Joaquin County,6/8/2021,2800,614903,2122,333616,633,260438,45,20849,884,79695,1900,276564,932,356259,California
San Joaquin, County,San Joaquin County,6/9/2021,2895,617798,2022,335638,829,261267,44,20893,996,78854,1882,278446,1041,357300,California
San Joaquin, County,San Joaquin County,6/10/2021,2698,620496,1955,337593,673,261940,70,20963,1013,78259,1678,280124,1083,358383,California
San Joaquin, County,San Joaquin County,6/11/2021,2998,623494,2078,339671,802,262742,118,21081,986,77362,2002,282126,1105,359488,California
San Joaquin, County,San Joaquin County,6/12/2021,1871,625365,1410,341081,431,263173,30,21111,627,76806,1234,283360,678,360166,California
San Joaquin, County,San Joaquin County,6/13/2021,1082,626447,830,341911,204,263377,48,21159,500,76779,577,283937,550,360716,California
San Joaquin, County,San Joaquin County,6/14/2021,2238,628685,1495,343406,668,264045,75,21234,935,76502,1287,285224,1010,361726,California
San Joaquin, County,San Joaquin County,6/15/2021,2275,630960,1512,344918,686,264731,77,21311,879,76084,1377,286601,959,362685,California
San Joaquin, County,San Joaquin County,6/16/2021,2814,633774,2043,346961,690,265421,81,21392,920,75204,1880,288481,1000,363685,California
San Joaquin, County,San Joaquin County,6/17/2021,2637,636411,1875,348836,698,266119,64,21456,899,74441,1726,290207,963,364648,California
San Joaquin, County,San Joaquin County,6/18/2021,2896,639307,1941,350777,880,266999,75,21531,1195,74043,1670,291877,1272,365920,California
San Joaquin, County,San Joaquin County,6/19/2021,1401,640708,872,351649,269,267268,260,21791,503,73917,889,292766,763,366683,California
San Joaquin, County,San Joaquin County,6/20/2021,668,641376,529,352178,112,267380,27,21818,299,73879,363,293129,325,367008,California
San Joaquin, County,San Joaquin County,6/21/2021,1632,643008,965,353143,559,267939,108,21926,825,74012,800,293929,933,367941,California
San Joaquin, County,San Joaquin County,6/22/2021,1922,644930,1267,354410,583,268522,72,21998,827,73831,1080,295009,899,368840,California
San Joaquin, County,San Joaquin County,6/23/2021,1990,646920,1313,355723,601,269123,76,22074,785,73507,1187,296196,863,369703,California
San Joaquin, County,San Joaquin County,6/24/2021,1991,648911,1358,357081,538,269661,95,22169,879,73431,1049,297245,973,370676,California
San Joaquin, County,San Joaquin County,6/25/2021,1738,650649,1113,358194,547,270208,78,22247,773,73327,956,298201,852,371528,California
San Joaquin, County,San Joaquin County,6/26/2021,1084,651733,813,359007,221,270429,50,22297,520,73346,553,298754,572,372100,California
San Joaquin, County,San Joaquin County,6/27/2021,577,652310,437,359444,99,270528,41,22338,266,73347,305,299059,306,372406,California
San Joaquin, County,San Joaquin County,6/28/2021,1451,653761,1023,360467,361,270889,67,22405,664,73322,755,299814,730,373136,California
San Joaquin, County,San Joaquin County,6/29/2021,1485,655246,948,361415,461,271350,76,22481,671,73259,805,300619,742,373878,California
San Joaquin, County,San Joaquin County,6/30/2021,1521,656767,1031,362446,412,271762,78,22559,648,73119,865,301484,725,374603,California
San Joaquin, County,San Joaquin County,7/1/2021,1595,658362,1100,363546,399,272161,96,22655,695,73021,888,302372,790,375393,California
San Joaquin, County,San Joaquin County,7/2/2021,1561,659923,1078,364624,430,272591,53,22708,721,72963,833,303205,775,376168,California
San Joaquin, County,San Joaquin County,7/3/2021,705,660628,512,365136,166,272757,27,22735,389,73065,314,303519,416,376584,California
San Joaquin, County,San Joaquin County,7/4/2021,137,660765,90,365226,34,272791,13,22748,59,73060,78,303597,73,376657,California
San Joaquin, County,San Joaquin County,7/5/2021,814,661579,576,365802,194,272985,44,22792,400,73094,410,304007,444,377101,California
San Joaquin, County,San Joaquin County,7/6/2021,1345,662924,884,366686,405,273390,56,22848,577,72977,753,304760,636,377737,California
San Joaquin, County,San Joaquin County,7/7/2021,1338,664262,984,367670,288,273678,66,22914,624,72962,708,305468,693,378430,California
San Joaquin, County,San Joaquin County,7/8/2021,1372,665634,971,368641,345,274023,56,22970,647,72945,720,306188,703,379133,California
San Joaquin, County,San Joaquin County,7/9/2021,1540,667174,1132,369773,348,274371,60,23030,696,72862,841,307029,758,379891,California
San Joaquin, County,San Joaquin County,7/10/2021,908,668082,729,370502,143,274514,36,23066,393,72787,510,307539,435,380326,California
San Joaquin, County,San Joaquin County,7/11/2021,553,668635,429,370931,102,274616,22,23088,292,72844,258,307797,315,380641,California
San Joaquin, County,San Joaquin County,7/12/2021,1319,669954,876,371807,400,275016,43,23131,614,72824,681,308478,661,381302,California
San Joaquin, County,San Joaquin County,7/13/2021,1122,671076,731,372538,348,275364,43,23174,597,72948,518,308996,642,381944,California
San Joaquin, County,San Joaquin County,7/14/2021,1125,672201,848,373386,235,275599,42,23216,568,73013,550,309546,615,382559,California
San Joaquin, County,San Joaquin County,7/15/2021,1316,673517,969,374355,314,275913,33,23249,651,73044,657,310203,688,383247,California
San Joaquin, County,San Joaquin County,7/16/2021,1456,674973,1041,375396,362,276275,53,23302,747,73144,703,310906,803,384050,California
San Joaquin, County,San Joaquin County,7/17/2021,795,675768,613,376009,167,276442,15,23317,430,73231,360,311266,447,384497,California
San Joaquin, County,San Joaquin County,7/18/2021,503,676271,395,376404,84,276526,24,23341,262,73281,236,311502,286,384783,California
San Joaquin, County,San Joaquin County,7/19/2021,1266,677537,897,377301,332,276858,37,23378,668,73392,596,312098,707,385490,California
San Joaquin, County,San Joaquin County,7/20/2021,1235,678772,837,378138,360,277218,38,23416,665,73530,567,312665,705,386195,California
San Joaquin, County,San Joaquin County,7/21/2021,1346,680118,1004,379142,313,277531,29,23445,751,73723,586,313251,779,386974,California
San Joaquin, County,San Joaquin County,7/22/2021,1528,681646,1117,380259,369,277900,42,23487,900,74042,625,313876,944,387918,California
San Joaquin, County,San Joaquin County,7/23/2021,1519,683165,1086,381345,400,278300,33,23520,885,74337,630,314506,925,388843,California
San Joaquin, County,San Joaquin County,7/24/2021,825,683990,625,381970,186,278486,14,23534,475,74481,347,314853,491,389334,California
San Joaquin, County,San Joaquin County,7/25/2021,498,684488,392,382362,83,278569,23,23557,361,74733,133,314986,385,389719,California
San Joaquin, County,San Joaquin County,7/26/2021,1296,685784,883,383245,368,278937,45,23602,775,75041,513,315499,821,390540,California
San Joaquin, County,San Joaquin County,7/27/2021,1776,687560,1278,384523,429,279366,69,23671,1177,75699,592,316091,1250,391790,California
San Joaquin, County,San Joaquin County,7/28/2021,1512,689072,1191,385714,286,279652,35,23706,956,76143,552,316643,996,392786,California
San Joaquin, County,San Joaquin County,7/29/2021,1651,690723,1234,386948,381,280033,36,23742,1071,76676,576,317219,1109,393895,California
San Joaquin, County,San Joaquin County,7/30/2021,1865,692588,1390,388338,434,280467,41,23783,1169,77200,691,317910,1215,395110,California
San Joaquin, County,San Joaquin County,7/31/2021,946,693534,717,389055,196,280663,33,23816,601,77491,342,318252,633,395743,California
San Joaquin, County,San Joaquin County,8/1/2021,581,694115,470,389525,93,280756,18,23834,376,77683,203,318455,395,396138,California
San Joaquin, County,San Joaquin County,8/2/2021,1495,695610,1103,390628,334,281090,58,23892,944,78137,549,319004,1003,397141,California
San Joaquin, County,San Joaquin County,8/3/2021,1408,697018,974,391602,386,281476,48,23940,872,78528,528,319532,919,398060,California
San Joaquin, County,San Joaquin County,8/4/2021,1407,698425,1058,392660,306,281782,43,23983,860,78893,540,320072,905,398965,California
San Joaquin, County,San Joaquin County,8/5/2021,1568,699993,1120,393780,392,282174,56,24039,986,79370,571,320643,1048,400013,California
San Joaquin, County,San Joaquin County,8/6/2021,1861,701854,1398,395178,406,282580,57,24096,1123,79818,735,321378,1183,401196,California
San Joaquin, County,San Joaquin County,8/7/2021,1058,702912,833,396011,194,282774,31,24127,655,80107,397,321775,686,401882,California
San Joaquin, County,San Joaquin County,8/8/2021,525,703437,373,396384,145,282919,7,24134,313,80221,208,321983,322,402204,California
San Joaquin, County,San Joaquin County,8/9/2021,1024,704461,599,396983,389,283308,36,24170,610,80466,410,322393,655,402859,California
San Joaquin, County,San Joaquin County,8/10/2021,734,705195,420,397403,283,283591,31,24201,436,80651,293,322686,478,403337,California
San Luis Obispo, County,San Luis Obispo County,12/15/2020,1,1,1,1,0,0,0,0,1,1,0,0,1,1,California
San Luis Obispo, County,San Luis Obispo County,12/16/2020,4,5,4,5,0,0,0,0,4,5,0,0,4,5,California
San Luis Obispo, County,San Luis Obispo County,12/17/2020,201,206,201,206,0,0,0,0,201,206,0,0,201,206,California
San Luis Obispo, County,San Luis Obispo County,12/18/2020,226,432,226,432,0,0,0,0,226,432,0,0,226,432,California
San Luis Obispo, County,San Luis Obispo County,12/19/2020,164,596,164,596,0,0,0,0,164,596,0,0,164,596,California
San Luis Obispo, County,San Luis Obispo County,12/20/2020,221,817,221,817,0,0,0,0,221,817,0,0,221,817,California
San Luis Obispo, County,San Luis Obispo County,12/21/2020,550,1367,549,1366,1,1,0,0,550,1367,0,0,550,1367,California
San Luis Obispo, County,San Luis Obispo County,12/22/2020,310,1677,306,1672,4,5,0,0,309,1675,1,1,309,1676,California
San Luis Obispo, County,San Luis Obispo County,12/23/2020,684,2361,369,2041,315,320,0,0,684,2359,0,1,684,2360,California
San Luis Obispo, County,San Luis Obispo County,12/24/2020,196,2557,19,2060,177,497,0,0,196,2555,0,1,196,2556,California
San Luis Obispo, County,San Luis Obispo County,12/25/2020,2,2559,1,2061,1,498,0,0,2,2557,0,1,2,2558,California
San Luis Obispo, County,San Luis Obispo County,12/26/2020,92,2651,13,2074,79,577,0,0,92,2649,0,1,92,2650,California
San Luis Obispo, County,San Luis Obispo County,12/27/2020,76,2727,0,2074,76,653,0,0,76,2725,0,1,76,2726,California
San Luis Obispo, County,San Luis Obispo County,12/28/2020,884,3611,434,2508,450,1103,0,0,884,3609,0,1,884,3610,California
San Luis Obispo, County,San Luis Obispo County,12/29/2020,903,4514,504,3012,399,1502,0,0,903,4512,0,1,903,4513,California
San Luis Obispo, County,San Luis Obispo County,12/30/2020,1171,5685,679,3691,492,1994,0,0,1171,5683,0,1,1171,5684,California
San Luis Obispo, County,San Luis Obispo County,12/31/2020,110,5795,4,3695,106,2100,0,0,110,5793,0,1,110,5794,California
San Luis Obispo, County,San Luis Obispo County,1/1/2021,28,5823,15,3710,13,2113,0,0,28,5821,0,1,28,5822,California
San Luis Obispo, County,San Luis Obispo County,1/2/2021,34,5857,7,3717,27,2140,0,0,34,5855,0,1,34,5856,California
San Luis Obispo, County,San Luis Obispo County,1/3/2021,17,5874,6,3723,11,2151,0,0,17,5872,0,1,17,5873,California
San Luis Obispo, County,San Luis Obispo County,1/4/2021,681,6555,525,4248,156,2307,0,0,681,6553,0,1,681,6554,California
San Luis Obispo, County,San Luis Obispo County,1/5/2021,981,7536,756,5004,225,2532,0,0,978,7528,3,4,978,7532,California
San Luis Obispo, County,San Luis Obispo County,1/6/2021,727,8263,478,5482,249,2781,0,0,716,8234,10,14,716,8248,California
San Luis Obispo, County,San Luis Obispo County,1/7/2021,1120,9383,942,6424,178,2959,0,0,678,8470,442,456,678,8926,California
San Luis Obispo, County,San Luis Obispo County,1/8/2021,891,10274,809,7233,82,3041,0,0,516,8612,374,830,516,9442,California
San Luis Obispo, County,San Luis Obispo County,1/9/2021,208,10482,197,7430,11,3052,0,0,29,8462,179,1009,29,9471,California
San Luis Obispo, County,San Luis Obispo County,1/10/2021,12,10494,8,7438,4,3056,0,0,8,8466,4,1013,8,9479,California
San Luis Obispo, County,San Luis Obispo County,1/11/2021,563,11057,512,7950,51,3107,0,0,298,8500,264,1277,298,9777,California
San Luis Obispo, County,San Luis Obispo County,1/12/2021,616,11673,387,8337,229,3336,0,0,321,8540,294,1571,334,10111,California
San Luis Obispo, County,San Luis Obispo County,1/13/2021,892,12565,264,8601,628,3964,0,0,652,8954,238,1809,652,10763,California
San Luis Obispo, County,San Luis Obispo County,1/14/2021,726,13291,238,8839,488,4452,0,0,605,9445,114,1923,605,11368,California
San Luis Obispo, County,San Luis Obispo County,1/15/2021,733,14024,289,9128,444,4896,0,0,557,9829,173,2096,557,11925,California
San Luis Obispo, County,San Luis Obispo County,1/16/2021,108,14132,87,9215,21,4917,0,0,96,9913,12,2108,96,12021,California
San Luis Obispo, County,San Luis Obispo County,1/17/2021,63,14195,56,9271,7,4924,0,0,63,9976,0,2108,63,12084,California
San Luis Obispo, County,San Luis Obispo County,1/18/2021,1383,15578,397,9668,986,5910,0,0,1115,10823,268,2376,1115,13199,California
San Luis Obispo, County,San Luis Obispo County,1/19/2021,1581,17159,417,10085,1164,7074,0,0,1168,11579,413,2789,1169,14368,California
San Luis Obispo, County,San Luis Obispo County,1/20/2021,1897,19056,600,10685,1297,8371,0,0,1305,12295,590,3379,1306,15674,California
San Luis Obispo, County,San Luis Obispo County,1/21/2021,1581,20637,473,11158,1108,9479,0,0,1207,13133,370,3749,1208,16882,California
San Luis Obispo, County,San Luis Obispo County,1/22/2021,1523,22160,511,11669,1012,10491,0,0,1206,14025,314,4063,1206,18088,California
San Luis Obispo, County,San Luis Obispo County,1/23/2021,312,22472,292,11961,20,10511,0,0,296,14305,16,4079,296,18384,California
San Luis Obispo, County,San Luis Obispo County,1/24/2021,444,22916,238,12199,206,10717,0,0,438,14736,7,4086,438,18822,California
San Luis Obispo, County,San Luis Obispo County,1/25/2021,2079,24995,606,12805,1473,12190,0,0,1246,15149,833,4919,1246,20068,California
San Luis Obispo, County,San Luis Obispo County,1/26/2021,2013,27008,712,13517,1301,13491,0,0,1141,15418,872,5791,1141,21209,California
San Luis Obispo, County,San Luis Obispo County,1/27/2021,1615,28623,292,13809,1323,14814,0,0,1157,16117,458,6249,1157,22366,California
San Luis Obispo, County,San Luis Obispo County,1/28/2021,1505,30128,346,14155,1159,15973,0,0,1240,17093,264,6513,1240,23606,California
San Luis Obispo, County,San Luis Obispo County,1/29/2021,1760,31888,695,14850,1065,17038,0,0,1464,18261,296,6809,1464,25070,California
San Luis Obispo, County,San Luis Obispo County,1/30/2021,41,31929,19,14869,22,17060,0,0,30,18281,10,6819,30,25100,California
San Luis Obispo, County,San Luis Obispo County,1/31/2021,237,32166,21,14890,216,17276,0,0,235,18514,2,6821,235,25335,California
San Luis Obispo, County,San Luis Obispo County,2/1/2021,1721,33887,746,15636,975,18251,0,0,1409,19611,312,7133,1409,26744,California
San Luis Obispo, County,San Luis Obispo County,2/2/2021,1909,35796,685,16321,1224,19475,0,0,1529,20761,380,7513,1530,28274,California
San Luis Obispo, County,San Luis Obispo County,2/3/2021,1723,37519,732,17053,991,20466,0,0,1299,21636,424,7937,1299,29573,California
San Luis Obispo, County,San Luis Obispo County,2/4/2021,1674,39193,809,17862,865,21331,0,0,1102,22166,572,8509,1102,30675,California
San Luis Obispo, County,San Luis Obispo County,2/5/2021,1623,40816,718,18580,905,22236,0,0,1074,22691,549,9058,1074,31749,California
San Luis Obispo, County,San Luis Obispo County,2/6/2021,179,40995,104,18684,75,22311,0,0,97,22707,81,9139,97,31846,California
San Luis Obispo, County,San Luis Obispo County,2/7/2021,123,41118,78,18762,45,22356,0,0,71,22727,52,9191,72,31918,California
San Luis Obispo, County,San Luis Obispo County,2/8/2021,867,41985,475,19237,392,22748,0,0,500,22861,366,9557,500,32418,California
San Luis Obispo, County,San Luis Obispo County,2/9/2021,1131,43116,449,19686,682,23430,0,0,548,22840,569,10126,548,32966,California
San Luis Obispo, County,San Luis Obispo County,2/10/2021,1451,44567,498,20184,953,24383,0,0,532,22458,914,11040,532,33498,California
San Luis Obispo, County,San Luis Obispo County,2/11/2021,1343,45910,851,21035,492,24875,0,0,664,22445,677,11717,664,34162,California
San Luis Obispo, County,San Luis Obispo County,2/12/2021,794,46704,368,21403,426,25301,0,0,417,22485,377,12094,417,34579,California
San Luis Obispo, County,San Luis Obispo County,2/13/2021,398,47102,134,21537,264,25565,0,0,286,22660,111,12205,286,34865,California
San Luis Obispo, County,San Luis Obispo County,2/14/2021,323,47425,46,21583,277,25842,0,0,282,22902,41,12246,283,35148,California
San Luis Obispo, County,San Luis Obispo County,2/15/2021,734,48159,141,21724,593,26435,0,0,478,23126,254,12500,478,35626,California
San Luis Obispo, County,San Luis Obispo County,2/16/2021,3002,51161,1205,22929,1797,28232,0,0,1370,22865,1631,14131,1370,36996,California
San Luis Obispo, County,San Luis Obispo County,2/17/2021,2811,53972,1269,24198,1542,29774,0,0,1027,22116,1776,15907,1027,38023,California
San Luis Obispo, County,San Luis Obispo County,2/18/2021,2848,56820,1476,25674,1372,31146,0,0,1136,21551,1702,17609,1137,39160,California
San Luis Obispo, County,San Luis Obispo County,2/19/2021,1472,58292,1351,27025,121,31267,0,0,1139,22359,331,17940,1139,40299,California
San Luis Obispo, County,San Luis Obispo County,2/20/2021,264,58556,88,27113,176,31443,0,0,223,22541,41,17981,223,40522,California
San Luis Obispo, County,San Luis Obispo County,2/21/2021,59,58615,55,27168,4,31447,0,0,30,22542,29,18010,30,40552,California
San Luis Obispo, County,San Luis Obispo County,2/22/2021,2446,61061,1892,29060,554,32001,0,0,1479,23058,964,18974,1480,42032,California
San Luis Obispo, County,San Luis Obispo County,2/23/2021,1876,62937,1758,30818,118,32119,0,0,1364,23913,510,19484,1365,43397,California
San Luis Obispo, County,San Luis Obispo County,2/24/2021,2688,65625,1328,32146,1360,33479,0,0,839,22908,1844,21328,839,44236,California
San Luis Obispo, County,San Luis Obispo County,2/25/2021,2176,67801,1274,33420,902,34381,0,0,1231,23203,937,22265,1232,45468,California
San Luis Obispo, County,San Luis Obispo County,2/26/2021,2705,70506,1180,34600,1525,35906,0,0,1354,23218,1339,23604,1354,46822,California
San Luis Obispo, County,San Luis Obispo County,2/27/2021,611,71117,376,34976,235,36141,0,0,555,23718,55,23659,555,47377,California
San Luis Obispo, County,San Luis Obispo County,2/28/2021,602,71719,70,35046,532,36673,0,0,173,23464,427,24086,173,47550,California
San Luis Obispo, County,San Luis Obispo County,3/1/2021,3041,74760,1901,36947,1138,37811,2,2,2090,24606,951,25037,2093,49643,California
San Luis Obispo, County,San Luis Obispo County,3/2/2021,3107,77867,1944,38891,1163,38974,0,2,1933,25371,1169,26206,1934,51577,California
San Luis Obispo, County,San Luis Obispo County,3/3/2021,2392,80259,367,39258,2025,40999,0,2,869,24727,1514,27720,870,52447,California
San Luis Obispo, County,San Luis Obispo County,3/4/2021,2249,82508,1182,40440,1067,42066,0,2,1212,24910,1032,28752,1215,53662,California
San Luis Obispo, County,San Luis Obispo County,3/5/2021,2327,84835,1032,41472,1223,43289,72,74,1312,25295,999,29751,1384,55046,California
San Luis Obispo, County,San Luis Obispo County,3/6/2021,845,85680,313,41785,426,43715,106,180,621,25791,224,29975,720,55766,California
San Luis Obispo, County,San Luis Obispo County,3/7/2021,236,85916,34,41819,97,43812,105,285,90,25836,145,30120,190,55956,California
San Luis Obispo, County,San Luis Obispo County,3/8/2021,2772,88688,764,42583,1689,45501,319,604,1562,26508,1205,31325,1877,57833,California
San Luis Obispo, County,San Luis Obispo County,3/9/2021,2994,91682,997,43580,1747,47248,250,854,1540,26847,1450,32775,1789,59622,California
San Luis Obispo, County,San Luis Obispo County,3/10/2021,3224,94906,1244,44824,1693,48941,287,1141,1830,27573,1390,34165,2116,61738,California
San Luis Obispo, County,San Luis Obispo County,3/11/2021,3392,98298,1338,46162,1731,50672,323,1464,1825,28168,1553,35718,2148,63886,California
San Luis Obispo, County,San Luis Obispo County,3/12/2021,3244,101542,1263,47425,1644,52316,337,1801,1625,28516,1612,37330,1960,65846,California
San Luis Obispo, County,San Luis Obispo County,3/13/2021,915,102457,264,47689,542,52858,109,1910,542,28792,372,37702,648,66494,California
San Luis Obispo, County,San Luis Obispo County,3/14/2021,516,102973,57,47746,348,53206,111,2021,135,28659,379,38081,246,66740,California
San Luis Obispo, County,San Luis Obispo County,3/15/2021,3080,106053,1109,48855,1873,55079,98,2119,1529,28743,1547,39628,1631,68371,California
San Luis Obispo, County,San Luis Obispo County,3/16/2021,2864,108917,1513,50368,1240,56319,111,2230,1440,28875,1417,41045,1549,69920,California
San Luis Obispo, County,San Luis Obispo County,3/17/2021,3480,112397,1456,51824,1759,58078,265,2495,2010,29694,1455,42500,2274,72194,California
San Luis Obispo, County,San Luis Obispo County,3/18/2021,2893,115290,1473,53297,1206,59284,214,2709,1374,29768,1511,44011,1585,73779,California
San Luis Obispo, County,San Luis Obispo County,3/19/2021,2626,117916,1584,54881,718,60002,324,3033,958,29397,1655,45666,1284,75063,California
San Luis Obispo, County,San Luis Obispo County,3/20/2021,851,118767,507,55388,306,60308,38,3071,381,29347,469,46135,419,75482,California
San Luis Obispo, County,San Luis Obispo County,3/21/2021,196,118963,49,55437,142,60450,5,3076,162,29480,33,46168,166,75648,California
San Luis Obispo, County,San Luis Obispo County,3/22/2021,2800,121763,1189,56626,1563,62013,48,3124,1940,30613,855,47023,1988,77636,California
San Luis Obispo, County,San Luis Obispo County,3/23/2021,3391,125154,2254,58880,1107,63120,30,3154,2235,31728,1150,48173,2265,79901,California
San Luis Obispo, County,San Luis Obispo County,3/24/2021,3624,128778,2223,61103,1315,64435,86,3240,2681,33558,936,49109,2766,82667,California
San Luis Obispo, County,San Luis Obispo County,3/25/2021,3749,132527,2358,63461,1379,65814,12,3252,2673,35173,1069,50178,2684,85351,California
San Luis Obispo, County,San Luis Obispo County,3/26/2021,3392,135919,1845,65306,1060,66874,487,3739,1880,36034,1505,51683,2366,87717,California
San Luis Obispo, County,San Luis Obispo County,3/27/2021,1009,136928,507,65813,411,67285,91,3830,445,36009,561,52244,536,88253,California
San Luis Obispo, County,San Luis Obispo County,3/28/2021,630,137558,160,65973,414,67699,56,3886,416,36270,212,52456,473,88726,California
San Luis Obispo, County,San Luis Obispo County,3/29/2021,2661,140219,1337,67310,1192,68891,132,4018,1683,37124,962,53418,1816,90542,California
San Luis Obispo, County,San Luis Obispo County,3/30/2021,3567,143786,1962,69272,1466,70357,139,4157,2350,38403,1209,54627,2488,93030,California
San Luis Obispo, County,San Luis Obispo County,3/31/2021,3920,147706,2500,71772,1273,71630,147,4304,2507,39654,1399,56026,2650,95680,California
San Luis Obispo, County,San Luis Obispo County,4/1/2021,3962,151668,2514,74286,1331,72961,117,4421,2742,41317,1194,57220,2857,98537,California
San Luis Obispo, County,San Luis Obispo County,4/2/2021,1756,153424,682,74968,754,73715,320,4741,944,41769,809,58029,1261,99798,California
San Luis Obispo, County,San Luis Obispo County,4/3/2021,1119,154543,557,75525,434,74149,128,4869,494,41772,617,58646,620,100418,California
San Luis Obispo, County,San Luis Obispo County,4/4/2021,385,154928,133,75658,212,74361,40,4909,237,41901,148,58794,277,100695,California
San Luis Obispo, County,San Luis Obispo County,4/5/2021,3672,158600,1954,77612,1601,75962,117,5026,2048,42445,1620,60414,2164,102859,California
San Luis Obispo, County,San Luis Obispo County,4/6/2021,4193,162793,2222,79834,1645,77607,326,5352,1987,42558,2197,62611,2310,105169,California
San Luis Obispo, County,San Luis Obispo County,4/7/2021,4329,167122,2363,82197,1599,79206,367,5719,2481,43572,1831,64442,2845,108014,California
San Luis Obispo, County,San Luis Obispo County,4/8/2021,4032,171154,2212,84409,1406,80612,414,6133,2148,44259,1873,66315,2560,110574,California
San Luis Obispo, County,San Luis Obispo County,4/9/2021,3722,174876,1762,86171,1182,81794,778,6911,1493,44307,2216,68531,2264,112838,California
San Luis Obispo, County,San Luis Obispo County,4/10/2021,1699,176575,570,86741,458,82252,671,7582,496,44268,1200,69731,1161,113999,California
San Luis Obispo, County,San Luis Obispo County,4/11/2021,322,176897,68,86809,186,82438,68,7650,129,44272,192,69923,196,114195,California
San Luis Obispo, County,San Luis Obispo County,4/12/2021,3503,180400,1755,88564,1585,84023,163,7813,1406,43748,2092,72015,1568,115763,California
San Luis Obispo, County,San Luis Obispo County,4/13/2021,3776,184176,2178,90742,1597,85620,1,7814,1993,43965,1778,73793,1995,117758,California
San Luis Obispo, County,San Luis Obispo County,4/14/2021,3605,187781,2063,92805,1537,87157,5,7819,1742,43870,1841,75634,1746,119504,California
San Luis Obispo, County,San Luis Obispo County,4/15/2021,3835,191616,2492,95297,1342,88499,1,7820,2021,44104,1790,77424,2024,121528,California
San Luis Obispo, County,San Luis Obispo County,4/16/2021,3710,195326,2257,97554,1449,89948,4,7824,1757,43923,1940,79364,1759,123287,California
San Luis Obispo, County,San Luis Obispo County,4/17/2021,1101,196427,434,97988,665,90613,2,7826,711,44247,389,79753,713,124000,California
San Luis Obispo, County,San Luis Obispo County,4/18/2021,330,196757,105,98093,224,90837,1,7827,116,44153,210,79963,116,124116,California
San Luis Obispo, County,San Luis Obispo County,4/19/2021,3263,200020,1367,99460,1858,92695,38,7865,1101,43138,2155,82118,1140,125256,California
San Luis Obispo, County,San Luis Obispo County,4/20/2021,3671,203691,2039,101499,1632,94327,0,7865,1302,42085,2355,84473,1302,126558,California
San Luis Obispo, County,San Luis Obispo County,4/21/2021,4065,207756,1867,103366,2196,96523,2,7867,1622,41291,2421,86894,1627,128185,California
San Luis Obispo, County,San Luis Obispo County,4/22/2021,4671,212427,2101,105467,2570,99093,0,7867,1407,39460,3240,90134,1409,129594,California
San Luis Obispo, County,San Luis Obispo County,4/23/2021,1454,213881,843,106310,607,99700,4,7871,730,39475,720,90854,735,130329,California
San Luis Obispo, County,San Luis Obispo County,4/24/2021,1096,214977,443,106753,629,100329,24,7895,514,39425,588,91442,538,130867,California
San Luis Obispo, County,San Luis Obispo County,4/25/2021,524,215501,167,106920,357,100686,0,7895,116,39138,403,91845,116,130983,California
San Luis Obispo, County,San Luis Obispo County,4/26/2021,1090,216591,398,107318,674,101360,18,7913,397,38871,681,92526,414,131397,California
San Luis Obispo, County,San Luis Obispo County,4/27/2021,3949,220540,2010,109328,1858,103218,81,7994,1515,38042,2424,94950,1595,132992,California
San Luis Obispo, County,San Luis Obispo County,4/28/2021,3852,224392,2133,111461,1648,104866,71,8065,1325,36927,2511,97461,1396,134388,California
San Luis Obispo, County,San Luis Obispo County,4/29/2021,3783,228175,2144,113605,1570,106436,69,8134,1238,35709,2526,99987,1308,135696,California
San Luis Obispo, County,San Luis Obispo County,4/30/2021,3047,231222,1711,115316,1261,107697,75,8209,913,34592,2105,102092,988,136684,California
San Luis Obispo, County,San Luis Obispo County,5/1/2021,500,231722,170,115486,286,107983,44,8253,110,34361,383,102475,152,136836,California
San Luis Obispo, County,San Luis Obispo County,5/2/2021,176,231898,56,115542,100,108083,20,8273,44,34293,132,102607,64,136900,California
San Luis Obispo, County,San Luis Obispo County,5/3/2021,916,232814,301,115843,505,108588,110,8383,229,33945,684,103291,336,137236,California
San Luis Obispo, County,San Luis Obispo County,5/4/2021,3047,235861,1972,117815,1003,109591,72,8455,893,32761,2146,105437,962,138198,California
San Luis Obispo, County,San Luis Obispo County,5/5/2021,2906,238767,1909,119724,924,110515,73,8528,674,31298,2210,107647,747,138945,California
San Luis Obispo, County,San Luis Obispo County,5/6/2021,2885,241652,1951,121675,871,111386,63,8591,708,29913,2155,109802,770,139715,California
San Luis Obispo, County,San Luis Obispo County,5/7/2021,2408,244060,1799,123474,533,111919,76,8667,592,28786,1796,111598,669,140384,California
San Luis Obispo, County,San Luis Obispo County,5/8/2021,610,244670,346,123820,236,112155,28,8695,203,28630,387,111985,231,140615,California
San Luis Obispo, County,San Luis Obispo County,5/9/2021,163,244833,39,123859,104,112259,20,8715,43,28574,119,112104,63,140678,California
San Luis Obispo, County,San Luis Obispo County,5/10/2021,750,245583,167,124026,529,112788,54,8769,157,28197,586,112690,209,140887,California
San Luis Obispo, County,San Luis Obispo County,5/11/2021,1221,246804,597,124623,548,113336,76,8845,385,27829,829,113519,461,141348,California
San Luis Obispo, County,San Luis Obispo County,5/12/2021,2541,249345,1634,126257,822,114158,85,8930,693,26778,1828,115347,777,142125,California
San Luis Obispo, County,San Luis Obispo County,5/13/2021,1197,250542,724,126981,409,114567,64,8994,495,26640,696,116043,558,142683,California
San Luis Obispo, County,San Luis Obispo County,5/14/2021,2304,252846,1668,128649,582,115149,54,9048,938,26284,1347,117390,991,143674,California
San Luis Obispo, County,San Luis Obispo County,5/15/2021,999,253845,457,129106,507,115656,35,9083,465,26254,531,117921,501,144175,California
San Luis Obispo, County,San Luis Obispo County,5/16/2021,307,254152,163,129269,138,115794,6,9089,173,26300,133,118054,179,144354,California
San Luis Obispo, County,San Luis Obispo County,5/17/2021,1718,255870,994,130263,662,116456,62,9151,671,25999,1035,119089,734,145088,California
San Luis Obispo, County,San Luis Obispo County,5/18/2021,1927,257797,1172,131435,719,117175,36,9187,726,25567,1195,120284,763,145851,California
San Luis Obispo, County,San Luis Obispo County,5/19/2021,1474,259271,629,132064,781,117956,64,9251,401,24965,1064,121348,462,146313,California
San Luis Obispo, County,San Luis Obispo County,5/20/2021,1160,260431,502,132566,620,118576,38,9289,337,24527,813,122161,375,146688,California
San Luis Obispo, County,San Luis Obispo County,5/21/2021,1115,261546,574,133140,496,119072,45,9334,512,24493,591,122752,557,147245,California
San Luis Obispo, County,San Luis Obispo County,5/22/2021,703,262249,330,133470,344,119416,29,9363,345,24517,350,123102,374,147619,California
San Luis Obispo, County,San Luis Obispo County,5/23/2021,150,262399,69,133539,75,119491,6,9369,52,24478,97,123199,58,147677,California
San Luis Obispo, County,San Luis Obispo County,5/24/2021,580,262979,267,133806,268,119759,45,9414,207,24361,369,123568,252,147929,California
San Luis Obispo, County,San Luis Obispo County,5/25/2021,884,263863,430,134236,426,120185,28,9442,345,24202,531,124099,372,148301,California
San Luis Obispo, County,San Luis Obispo County,5/26/2021,2152,266015,996,135232,1096,121281,60,9502,657,23430,1488,125587,716,149017,California
San Luis Obispo, County,San Luis Obispo County,5/27/2021,1893,267908,675,135907,1184,122465,34,9536,490,22559,1395,126982,524,149541,California
San Luis Obispo, County,San Luis Obispo County,5/28/2021,933,268841,475,136382,427,122892,31,9567,487,22633,444,127426,518,150059,California
San Luis Obispo, County,San Luis Obispo County,5/29/2021,380,269221,152,136534,216,123108,12,9579,205,22677,174,127600,218,150277,California
San Luis Obispo, County,San Luis Obispo County,5/30/2021,90,269311,36,136570,46,123154,8,9587,36,22668,52,127652,43,150320,California
San Luis Obispo, County,San Luis Obispo County,5/31/2021,42,269353,6,136576,23,123177,13,9600,16,22672,24,127676,28,150348,California
San Luis Obispo, County,San Luis Obispo County,6/1/2021,763,270116,324,136900,406,123583,33,9633,271,22490,486,128162,304,150652,California
San Luis Obispo, County,San Luis Obispo County,6/2/2021,644,270760,291,137191,310,123893,43,9676,182,22258,456,128618,224,150876,California
San Luis Obispo, County,San Luis Obispo County,6/3/2021,910,271670,449,137640,428,124321,33,9709,244,21871,664,129282,277,151153,California
San Luis Obispo, County,San Luis Obispo County,6/4/2021,2492,274162,1526,139166,923,125244,43,9752,705,20843,1774,131056,746,151899,California
San Luis Obispo, County,San Luis Obispo County,6/5/2021,671,274833,291,139457,358,125602,22,9774,327,20849,343,131399,349,152248,California
San Luis Obispo, County,San Luis Obispo County,6/6/2021,190,275023,135,139592,46,125648,9,9783,49,20766,141,131540,58,152306,California
San Luis Obispo, County,San Luis Obispo County,6/7/2021,550,275573,358,139950,148,125796,44,9827,154,20571,393,131933,198,152504,California
San Luis Obispo, County,San Luis Obispo County,6/8/2021,811,276384,528,140478,243,126039,40,9867,246,20296,561,132494,286,152790,California
San Luis Obispo, County,San Luis Obispo County,6/9/2021,643,277027,359,140837,253,126292,31,9898,190,20068,449,132943,221,153011,California
San Luis Obispo, County,San Luis Obispo County,6/10/2021,760,277787,364,141201,356,126648,40,9938,219,19789,538,133481,259,153270,California
San Luis Obispo, County,San Luis Obispo County,6/11/2021,943,278730,540,141741,365,127013,38,9976,335,19560,603,134084,374,153644,California
San Luis Obispo, County,San Luis Obispo County,6/12/2021,395,279125,269,142010,122,127135,4,9980,165,19500,229,134313,169,153813,California
San Luis Obispo, County,San Luis Obispo County,6/13/2021,162,279287,93,142103,66,127201,3,9983,44,19430,117,134430,47,153860,California
San Luis Obispo, County,San Luis Obispo County,6/14/2021,467,279754,303,142406,126,127327,38,10021,129,19261,334,134764,165,154025,California
San Luis Obispo, County,San Luis Obispo County,6/15/2021,642,280396,398,142804,205,127532,39,10060,234,19130,403,135167,272,154297,California
San Luis Obispo, County,San Luis Obispo County,6/16/2021,628,281024,368,143172,224,127756,36,10096,182,18908,438,135605,216,154513,California
San Luis Obispo, County,San Luis Obispo County,6/17/2021,603,281627,343,143515,234,127990,26,10122,197,18726,405,136010,223,154736,California
San Luis Obispo, County,San Luis Obispo County,6/18/2021,798,282425,507,144022,242,128232,49,10171,278,18538,516,136526,328,155064,California
San Luis Obispo, County,San Luis Obispo County,6/19/2021,271,282696,152,144174,104,128336,15,10186,103,18491,165,136691,118,155182,California
San Luis Obispo, County,San Luis Obispo County,6/20/2021,113,282809,74,144248,31,128367,8,10194,46,18479,66,136757,54,155236,California
San Luis Obispo, County,San Luis Obispo County,6/21/2021,355,283164,224,144472,102,128469,29,10223,154,18464,198,136955,183,155419,California
San Luis Obispo, County,San Luis Obispo County,6/22/2021,625,283789,361,144833,229,128698,35,10258,274,18424,349,137304,309,155728,California
San Luis Obispo, County,San Luis Obispo County,6/23/2021,508,284297,281,145114,207,128905,20,10278,244,18424,264,137568,264,155992,California
San Luis Obispo, County,San Luis Obispo County,6/24/2021,476,284773,267,145381,182,129087,27,10305,211,18401,261,137829,238,156230,California
San Luis Obispo, County,San Luis Obispo County,6/25/2021,532,285305,210,145591,296,129383,26,10331,210,18319,316,138145,234,156464,California
San Luis Obispo, County,San Luis Obispo County,6/26/2021,280,285585,151,145742,111,129494,18,10349,124,18306,155,138300,142,156606,California
San Luis Obispo, County,San Luis Obispo County,6/27/2021,149,285734,98,145840,47,129541,4,10353,78,18318,70,138370,82,156688,California
San Luis Obispo, County,San Luis Obispo County,6/28/2021,344,286078,247,146087,81,129622,16,10369,130,18253,210,138580,145,156833,California
San Luis Obispo, County,San Luis Obispo County,6/29/2021,483,286561,312,146399,151,129773,20,10389,200,18195,277,138857,219,157052,California
San Luis Obispo, County,San Luis Obispo County,6/30/2021,456,287017,255,146654,163,129936,38,10427,163,18104,291,139148,200,157252,California
San Luis Obispo, County,San Luis Obispo County,7/1/2021,472,287489,311,146965,143,130079,18,10445,208,18069,261,139409,226,157478,California
San Luis Obispo, County,San Luis Obispo County,7/2/2021,434,287923,206,147171,204,130283,24,10469,173,18009,257,139666,197,157675,California
San Luis Obispo, County,San Luis Obispo County,7/3/2021,425,288348,178,147349,239,130522,8,10477,122,17839,301,139967,131,157806,California
San Luis Obispo, County,San Luis Obispo County,7/4/2021,28,288376,16,147365,11,130533,1,10478,11,17834,17,139984,12,157818,California
San Luis Obispo, County,San Luis Obispo County,7/5/2021,170,288546,94,147459,65,130598,11,10489,82,17841,84,140068,91,157909,California
San Luis Obispo, County,San Luis Obispo County,7/6/2021,480,289026,299,147758,148,130746,33,10522,197,17791,280,140348,230,158139,California
San Luis Obispo, County,San Luis Obispo County,7/7/2021,403,289429,222,147980,130,130876,51,10573,160,17759,240,140588,208,158347,California
San Luis Obispo, County,San Luis Obispo County,7/8/2021,397,289826,238,148218,147,131023,12,10585,182,17740,213,140801,194,158541,California
San Luis Obispo, County,San Luis Obispo County,7/9/2021,436,290262,209,148427,201,131224,26,10611,167,17667,266,141067,193,158734,California
San Luis Obispo, County,San Luis Obispo County,7/10/2021,198,290460,129,148556,63,131287,6,10617,84,17644,113,141180,90,158824,California
San Luis Obispo, County,San Luis Obispo County,7/11/2021,75,290535,46,148602,22,131309,7,10624,38,17653,36,141216,45,158869,California
San Luis Obispo, County,San Luis Obispo County,7/12/2021,273,290808,216,148818,50,131359,7,10631,117,17623,154,141370,124,158993,California
San Luis Obispo, County,San Luis Obispo County,7/13/2021,399,291207,270,149088,121,131480,8,10639,155,17549,237,141607,163,159156,California
San Luis Obispo, County,San Luis Obispo County,7/14/2021,436,291643,271,149359,120,131600,45,10684,187,17533,248,141855,232,159388,California
San Luis Obispo, County,San Luis Obispo County,7/15/2021,346,291989,198,149557,143,131743,5,10689,158,17511,185,142040,163,159551,California
San Luis Obispo, County,San Luis Obispo County,7/16/2021,394,292383,186,149743,185,131928,23,10712,211,17570,175,142215,234,159785,California
San Luis Obispo, County,San Luis Obispo County,7/17/2021,174,292557,91,149834,78,132006,5,10717,84,17571,88,142303,89,159874,California
San Luis Obispo, County,San Luis Obispo County,7/18/2021,124,292681,84,149918,30,132036,10,10727,60,17578,63,142366,70,159944,California
San Luis Obispo, County,San Luis Obispo County,7/19/2021,375,293056,253,150171,96,132132,26,10753,182,17593,190,142556,205,160149,California
San Luis Obispo, County,San Luis Obispo County,7/20/2021,519,293575,304,150475,195,132327,20,10773,266,17631,248,142804,286,160435,California
San Luis Obispo, County,San Luis Obispo County,7/21/2021,381,293956,202,150677,146,132473,33,10806,208,17703,169,142973,241,160676,California
San Luis Obispo, County,San Luis Obispo County,7/22/2021,357,294313,162,150839,176,132649,19,10825,177,17719,180,143153,196,160872,California
San Luis Obispo, County,San Luis Obispo County,7/23/2021,463,294776,278,151117,169,132818,16,10841,253,17782,206,143359,269,161141,California
San Luis Obispo, County,San Luis Obispo County,7/24/2021,321,295097,217,151334,90,132908,14,10855,172,17823,145,143504,186,161327,California
San Luis Obispo, County,San Luis Obispo County,7/25/2021,101,295198,54,151388,45,132953,2,10857,56,17837,44,143548,58,161385,California
San Luis Obispo, County,San Luis Obispo County,7/26/2021,384,295582,230,151618,123,133076,31,10888,229,17947,149,143697,259,161644,California
San Luis Obispo, County,San Luis Obispo County,7/27/2021,395,295977,217,151835,146,133222,32,10920,195,17978,196,143893,227,161871,California
San Luis Obispo, County,San Luis Obispo County,7/28/2021,502,296479,326,152161,140,133362,36,10956,274,18064,224,144117,310,162181,California
San Luis Obispo, County,San Luis Obispo County,7/29/2021,399,296878,198,152359,157,133519,44,11000,220,18155,172,144289,263,162444,California
San Luis Obispo, County,San Luis Obispo County,7/30/2021,493,297371,253,152612,213,133732,27,11027,282,18259,205,144494,309,162753,California
San Luis Obispo, County,San Luis Obispo County,7/31/2021,241,297612,131,152743,99,133831,11,11038,129,18287,112,144606,140,162893,California
San Luis Obispo, County,San Luis Obispo County,8/1/2021,155,297767,119,152862,36,133867,0,11038,117,18367,37,144643,117,163010,California
San Luis Obispo, County,San Luis Obispo County,8/2/2021,438,298205,271,153133,149,134016,18,11056,287,18526,144,144787,303,163313,California
San Luis Obispo, County,San Luis Obispo County,8/3/2021,533,298738,364,153497,153,134169,16,11072,305,18624,223,145010,321,163634,California
San Luis Obispo, County,San Luis Obispo County,8/4/2021,485,299223,330,153827,125,134294,30,11102,268,18713,209,145219,298,163932,California
San Luis Obispo, County,San Luis Obispo County,8/5/2021,434,299657,241,154068,163,134457,30,11132,271,18855,159,145378,301,164233,California
San Luis Obispo, County,San Luis Obispo County,8/6/2021,450,300107,250,154318,179,134636,21,11153,261,18958,180,145558,283,164516,California
San Luis Obispo, County,San Luis Obispo County,8/7/2021,323,300430,224,154542,85,134721,14,11167,209,19073,109,145667,224,164740,California
San Luis Obispo, County,San Luis Obispo County,8/8/2021,195,300625,128,154670,43,134764,24,11191,127,19161,63,145730,151,164891,California
San Luis Obispo, County,San Luis Obispo County,8/9/2021,409,301034,291,154961,102,134866,16,11207,264,19301,141,145871,281,165172,California
San Luis Obispo, County,San Luis Obispo County,8/10/2021,196,301230,152,155113,33,134899,11,11218,111,19340,83,145954,122,165294,California
San Mateo, County,San Mateo County,12/15/2020,26,26,26,26,0,0,0,0,26,26,0,0,26,26,California
San Mateo, County,San Mateo County,12/16/2020,118,144,118,144,0,0,0,0,118,144,0,0,118,144,California
San Mateo, County,San Mateo County,12/17/2020,176,320,176,320,0,0,0,0,176,320,0,0,176,320,California
San Mateo, County,San Mateo County,12/18/2020,769,1089,767,1087,2,2,0,0,769,1089,0,0,769,1089,California
San Mateo, County,San Mateo County,12/19/2020,505,1594,505,1592,0,2,0,0,505,1594,0,0,505,1594,California
San Mateo, County,San Mateo County,12/20/2020,502,2096,501,2093,1,3,0,0,502,2096,0,0,502,2096,California
San Mateo, County,San Mateo County,12/21/2020,1137,3233,1136,3229,1,4,0,0,1137,3233,0,0,1137,3233,California
San Mateo, County,San Mateo County,12/22/2020,1511,4744,1503,4732,8,12,0,0,1510,4742,1,1,1510,4743,California
San Mateo, County,San Mateo County,12/23/2020,1543,6287,1358,6090,185,197,0,0,1543,6285,0,1,1543,6286,California
San Mateo, County,San Mateo County,12/24/2020,867,7154,611,6701,256,453,0,0,867,7152,0,1,867,7153,California
San Mateo, County,San Mateo County,12/25/2020,114,7268,110,6811,4,457,0,0,114,7266,0,1,114,7267,California
San Mateo, County,San Mateo County,12/26/2020,560,7828,420,7231,140,597,0,0,560,7826,0,1,560,7827,California
San Mateo, County,San Mateo County,12/27/2020,298,8126,166,7397,132,729,0,0,298,8124,0,1,298,8125,California
San Mateo, County,San Mateo County,12/28/2020,1062,9188,718,8115,344,1073,0,0,1062,9186,0,1,1062,9187,California
San Mateo, County,San Mateo County,12/29/2020,1253,10441,834,8949,419,1492,0,0,1253,10439,0,1,1253,10440,California
San Mateo, County,San Mateo County,12/30/2020,1335,11776,828,9777,507,1999,0,0,1335,11774,0,1,1335,11775,California
San Mateo, County,San Mateo County,12/31/2020,708,12484,227,10004,481,2480,0,0,707,12480,1,2,707,12482,California
San Mateo, County,San Mateo County,1/1/2021,114,12598,78,10082,36,2516,0,0,114,12594,0,2,114,12596,California
San Mateo, County,San Mateo County,1/2/2021,392,12990,267,10349,125,2641,0,0,392,12986,0,2,392,12988,California
San Mateo, County,San Mateo County,1/3/2021,280,13270,204,10553,76,2717,0,0,277,13260,3,5,277,13265,California
San Mateo, County,San Mateo County,1/4/2021,1053,14323,679,11232,374,3091,0,0,1053,14313,0,5,1053,14318,California
San Mateo, County,San Mateo County,1/5/2021,1208,15531,714,11946,494,3585,0,0,1174,15454,34,39,1175,15493,California
San Mateo, County,San Mateo County,1/6/2021,1472,17003,969,12915,503,4088,0,0,1279,16544,190,229,1280,16773,California
San Mateo, County,San Mateo County,1/7/2021,1449,18452,808,13723,641,4729,0,0,1145,17392,297,526,1145,17918,California
San Mateo, County,San Mateo County,1/8/2021,1871,20323,1215,14938,656,5385,0,0,1159,17843,708,1234,1159,19077,California
San Mateo, County,San Mateo County,1/9/2021,1168,21491,771,15709,397,5782,0,0,714,18104,454,1688,715,19792,California
San Mateo, County,San Mateo County,1/10/2021,701,22192,574,16283,127,5909,0,0,263,17929,438,2126,263,20055,California
San Mateo, County,San Mateo County,1/11/2021,2621,24813,1508,17791,1113,7022,0,0,1545,18401,1076,3202,1548,21603,California
San Mateo, County,San Mateo County,1/12/2021,3439,28252,1926,19717,1513,8535,0,0,2224,19420,1210,4412,2229,23832,California
San Mateo, County,San Mateo County,1/13/2021,3407,31659,1664,21381,1743,10278,0,0,2369,20753,1038,5450,2371,26203,California
San Mateo, County,San Mateo County,1/14/2021,3815,35474,1628,23009,2187,12465,0,0,3108,23161,705,6155,3113,29316,California
San Mateo, County,San Mateo County,1/15/2021,4343,39817,1729,24738,2614,15079,0,0,3778,26385,556,6711,3780,33096,California
San Mateo, County,San Mateo County,1/16/2021,3104,42921,774,25512,2330,17409,0,0,2774,28831,329,7040,2775,35871,California
San Mateo, County,San Mateo County,1/17/2021,1321,44242,315,25827,1006,18415,0,0,1068,29647,252,7292,1068,36939,California
San Mateo, County,San Mateo County,1/18/2021,1366,45608,542,26369,824,19239,0,0,985,30254,378,7670,985,37924,California
San Mateo, County,San Mateo County,1/19/2021,2803,48411,1799,28168,1004,20243,0,0,1918,31291,881,8551,1918,39842,California
San Mateo, County,San Mateo County,1/20/2021,2981,51392,1732,29900,1249,21492,0,0,2116,32546,862,9413,2117,41959,California
San Mateo, County,San Mateo County,1/21/2021,2916,54308,1355,31255,1561,23053,0,0,2305,34246,608,10021,2308,44267,California
San Mateo, County,San Mateo County,1/22/2021,2839,57147,1162,32417,1677,24730,0,0,2536,36483,300,10321,2537,46804,California
San Mateo, County,San Mateo County,1/23/2021,2870,60017,1672,34089,1198,25928,0,0,2512,38637,358,10679,2512,49316,California
San Mateo, County,San Mateo County,1/24/2021,1502,61519,371,34460,1131,27059,0,0,1197,39531,304,10983,1198,50514,California
San Mateo, County,San Mateo County,1/25/2021,4396,65915,3133,37593,1263,28322,0,0,3499,42141,893,11876,3503,54017,California
San Mateo, County,San Mateo County,1/26/2021,4331,70246,3004,40597,1327,29649,0,0,3396,44606,932,12808,3397,57414,California
San Mateo, County,San Mateo County,1/27/2021,2813,73059,1473,42070,1340,30989,0,0,1789,45376,1020,13828,1790,59204,California
San Mateo, County,San Mateo County,1/28/2021,2816,75875,1370,43440,1446,32435,0,0,1953,46483,846,14674,1953,61157,California
San Mateo, County,San Mateo County,1/29/2021,3004,78879,1368,44808,1636,34071,0,0,2149,47783,852,15526,2152,63309,California
San Mateo, County,San Mateo County,1/30/2021,3506,82385,1491,46299,2015,36086,0,0,3047,50374,457,15983,3048,66357,California
San Mateo, County,San Mateo County,1/31/2021,1681,84066,898,47197,783,36869,0,0,1516,51728,162,16145,1516,67873,California
San Mateo, County,San Mateo County,2/1/2021,2931,86997,1352,48549,1579,38448,0,0,2204,53212,722,16867,2206,70079,California
San Mateo, County,San Mateo County,2/2/2021,3207,90204,1738,50287,1469,39917,0,0,2171,54351,1032,17899,2171,72250,California
San Mateo, County,San Mateo County,2/3/2021,5010,95214,2055,52342,2955,42872,0,0,3858,57062,1148,19047,3859,76109,California
San Mateo, County,San Mateo County,2/4/2021,6209,101423,2502,54844,3707,46579,0,0,4917,60697,1286,20333,4921,81030,California
San Mateo, County,San Mateo County,2/5/2021,6813,108236,2545,57389,4268,50847,0,0,4970,63843,1824,22157,4970,86000,California
San Mateo, County,San Mateo County,2/6/2021,3286,111522,1923,59312,1363,52210,0,0,2619,65802,662,22819,2621,88621,California
San Mateo, County,San Mateo County,2/7/2021,1888,113410,1344,60656,544,52754,0,0,1697,67310,189,23008,1697,90318,California
San Mateo, County,San Mateo County,2/8/2021,5293,118703,2266,62922,3027,55781,0,0,3114,68310,2114,25122,3114,93432,California
San Mateo, County,San Mateo County,2/9/2021,6134,124837,3168,66090,2966,58747,0,0,3278,68742,2846,27968,3278,96710,California
San Mateo, County,San Mateo County,2/10/2021,6579,131416,3311,69401,3268,62015,0,0,3295,68772,3265,31233,3295,100005,California
San Mateo, County,San Mateo County,2/11/2021,7094,138510,3608,73009,3486,65501,0,0,3780,69247,3307,34540,3782,103787,California
San Mateo, County,San Mateo County,2/12/2021,6686,145196,3010,76019,3676,69177,0,0,4724,72019,1954,36494,4726,108513,California
San Mateo, County,San Mateo County,2/13/2021,6241,151437,4139,80158,2102,71279,0,0,2653,71091,3581,40075,2653,111166,California
San Mateo, County,San Mateo County,2/14/2021,4747,156184,3128,83286,1619,72898,0,0,1986,70325,2753,42828,1987,113153,California
San Mateo, County,San Mateo County,2/15/2021,3157,159341,1453,84739,1704,74602,0,0,1772,70721,1377,44205,1773,114926,California
San Mateo, County,San Mateo County,2/16/2021,7188,166529,1891,86630,5297,79899,0,0,5305,74148,1880,46085,5307,120233,California
San Mateo, County,San Mateo County,2/17/2021,7120,173649,1957,88587,5163,85062,0,0,5055,77147,2057,48142,5056,125289,California
San Mateo, County,San Mateo County,2/18/2021,6787,180436,4703,93290,2084,87146,0,0,4512,79394,2269,50411,4516,129805,California
San Mateo, County,San Mateo County,2/19/2021,7884,188320,5871,99161,2013,89159,0,0,5830,83182,2044,52455,5832,135637,California
San Mateo, County,San Mateo County,2/20/2021,3851,192171,2470,101631,1381,90540,0,0,2370,84081,1472,53927,2371,138008,California
San Mateo, County,San Mateo County,2/21/2021,2681,194852,1826,103457,855,91395,0,0,1591,84590,1083,55010,1592,139600,California
San Mateo, County,San Mateo County,2/22/2021,4626,199478,3365,106822,1261,92656,0,0,2905,85782,1714,56724,2906,142506,California
San Mateo, County,San Mateo County,2/23/2021,4494,203972,3231,110053,1263,93919,0,0,2597,86495,1884,58608,2597,145103,California
San Mateo, County,San Mateo County,2/24/2021,7603,211575,3412,113465,4191,98110,0,0,5025,88955,2566,61174,5026,150129,California
San Mateo, County,San Mateo County,2/25/2021,9675,221250,4291,117756,5384,103494,0,0,6334,91969,3321,64495,6335,156464,California
San Mateo, County,San Mateo County,2/26/2021,10292,231542,3966,121722,6326,109820,0,0,7095,95890,3176,67671,7097,163561,California
San Mateo, County,San Mateo County,2/27/2021,7216,238758,3717,125439,3499,113319,0,0,3877,96446,3327,70998,3883,167444,California
San Mateo, County,San Mateo County,2/28/2021,4591,243349,2830,128269,1761,115080,0,0,2752,97372,1827,72825,2753,170197,California
San Mateo, County,San Mateo County,3/1/2021,6224,249573,3915,132184,2304,117384,5,5,3059,97291,3147,75972,3066,173263,California
San Mateo, County,San Mateo County,3/2/2021,6388,255961,4528,136712,1859,119243,1,6,3675,98266,2703,78675,3678,176941,California
San Mateo, County,San Mateo County,3/3/2021,8778,264739,4072,140784,4704,123947,2,8,3727,96963,5033,83708,3730,180671,California
San Mateo, County,San Mateo County,3/4/2021,8820,273559,4120,144904,4696,128643,4,12,3926,96026,4868,88576,3931,184602,California
San Mateo, County,San Mateo County,3/5/2021,9574,283133,6383,151287,3187,131830,4,16,6686,99855,2864,91440,6693,191295,California
San Mateo, County,San Mateo County,3/6/2021,8031,291164,5586,156873,2267,134097,178,194,5877,103770,2139,93579,6054,197349,California
San Mateo, County,San Mateo County,3/7/2021,3690,294854,2441,159314,1095,135192,154,348,2123,104486,1563,95142,2279,199628,California
San Mateo, County,San Mateo County,3/8/2021,4584,299438,2560,161874,1786,136978,238,586,3307,106755,1270,96412,3539,203167,California
San Mateo, County,San Mateo County,3/9/2021,5489,304927,2875,164749,2317,139295,297,883,3841,109248,1634,98046,4127,207294,California
San Mateo, County,San Mateo County,3/10/2021,7293,312220,2930,167679,4062,143357,301,1184,4852,111965,2426,100472,5143,212437,California
San Mateo, County,San Mateo County,3/11/2021,9151,321371,5737,173416,3016,146373,398,1582,3648,110530,5467,105939,4032,216469,California
San Mateo, County,San Mateo County,3/12/2021,10638,332009,6713,180129,3535,149908,390,1972,3592,107474,7023,112962,3967,220436,California
San Mateo, County,San Mateo County,3/13/2021,8287,340296,3516,183645,3131,153039,1640,3612,4045,108902,4225,117187,5653,226089,California
San Mateo, County,San Mateo County,3/14/2021,5005,345301,3388,187033,1513,154552,104,3716,2657,109318,2340,119527,2756,228845,California
San Mateo, County,San Mateo County,3/15/2021,7190,352491,4644,191677,2365,156917,181,3897,3723,109764,3456,122983,3902,232747,California
San Mateo, County,San Mateo County,3/16/2021,12004,364495,4403,196080,7477,164394,124,4021,4794,107498,7187,130170,4921,237668,California
San Mateo, County,San Mateo County,3/17/2021,10950,375445,4465,200545,6338,170732,147,4168,4886,106496,6031,136201,5029,242697,California
San Mateo, County,San Mateo County,3/18/2021,7394,382839,4171,204716,3030,173762,193,4361,4364,108029,3019,139220,4552,247249,California
San Mateo, County,San Mateo County,3/19/2021,7539,390378,4881,209597,1986,175748,672,5033,3593,108360,3930,143150,4261,251510,California
San Mateo, County,San Mateo County,3/20/2021,8546,398924,6596,216193,1609,177357,341,5374,5419,111008,3110,146260,5758,257268,California
San Mateo, County,San Mateo County,3/21/2021,4261,403185,3248,219441,784,178141,229,5603,2264,111507,1983,148243,2482,259750,California
San Mateo, County,San Mateo County,3/22/2021,5336,408521,3648,223089,1270,179411,418,6021,2791,112184,2528,150771,3205,262955,California
San Mateo, County,San Mateo County,3/23/2021,9954,418475,4568,227657,5192,184603,194,6215,4397,111253,5522,156293,4591,267546,California
San Mateo, County,San Mateo County,3/24/2021,9598,428073,5510,233167,3943,188546,145,6360,4044,109963,5476,161769,4186,271732,California
San Mateo, County,San Mateo County,3/25/2021,10279,438352,5009,238176,4957,193503,313,6673,4373,108855,5795,167564,4687,276419,California
San Mateo, County,San Mateo County,3/26/2021,11393,449745,7828,246004,3393,196896,172,6845,4226,106134,7118,174682,4397,280816,California
San Mateo, County,San Mateo County,3/27/2021,10690,460435,8197,254201,2384,199280,109,6954,4741,105049,5927,180609,4842,285658,California
San Mateo, County,San Mateo County,3/28/2021,4271,464706,2774,256975,1386,200666,111,7065,1966,104832,2292,182901,2075,287733,California
San Mateo, County,San Mateo County,3/29/2021,6101,470807,3779,260754,2067,202733,255,7320,2690,104383,3388,186289,2939,290672,California
San Mateo, County,San Mateo County,3/30/2021,7236,478043,4096,264850,2988,205721,152,7472,3864,105041,3356,189645,4014,294686,California
San Mateo, County,San Mateo County,3/31/2021,7371,485414,4629,269479,2595,208316,147,7619,3851,105539,3500,193145,3998,298684,California
San Mateo, County,San Mateo County,4/1/2021,10712,496126,5274,274753,4218,212534,1220,8839,5788,107615,4864,198009,6940,305624,California
San Mateo, County,San Mateo County,4/2/2021,10990,507116,5226,279979,4096,216630,1668,10507,5732,109738,5235,203244,7358,312982,California
San Mateo, County,San Mateo County,4/3/2021,10090,517206,5773,285752,2467,219097,1850,12357,5125,111716,4953,208197,6931,319913,California
San Mateo, County,San Mateo County,4/4/2021,5443,522649,2625,288377,1565,220662,1253,13610,1714,110942,3713,211910,2939,322852,California
San Mateo, County,San Mateo County,4/5/2021,9013,531662,4785,293162,2496,223158,1732,15342,3884,111402,5109,217019,5569,328421,California
San Mateo, County,San Mateo County,4/6/2021,13362,545024,8266,301428,3237,226395,1859,17201,7577,115035,5765,222784,9398,337819,California
San Mateo, County,San Mateo County,4/7/2021,11451,556475,5305,306733,4459,230854,1687,18888,4850,114959,6582,229366,6506,344325,California
San Mateo, County,San Mateo County,4/8/2021,10274,566749,5078,311811,2571,233425,2625,21513,4573,116433,5679,235045,7153,351478,California
San Mateo, County,San Mateo County,4/9/2021,11428,578177,5568,317379,3370,236795,2490,24003,5158,117766,6263,241308,7596,359074,California
San Mateo, County,San Mateo County,4/10/2021,11424,589601,5781,323160,4181,240976,1462,25465,4722,117245,6666,247974,6145,365219,California
San Mateo, County,San Mateo County,4/11/2021,6708,596309,3310,326470,884,241860,2514,27979,2345,117718,4356,252330,4829,370048,California
San Mateo, County,San Mateo County,4/12/2021,7391,603700,4501,330971,1907,243767,983,28962,3558,118435,3809,256139,4526,374574,California
San Mateo, County,San Mateo County,4/13/2021,8320,612020,5172,336143,3137,246904,11,28973,4411,118966,3894,260033,4425,378999,California
San Mateo, County,San Mateo County,4/14/2021,8497,620517,5542,341685,2954,249858,1,28974,4381,119259,4097,264130,4390,383389,California
San Mateo, County,San Mateo County,4/15/2021,11356,631873,7534,349219,3820,253678,2,28976,7406,122755,3914,268044,7410,390799,California
San Mateo, County,San Mateo County,4/16/2021,10116,641989,6957,356176,3141,256819,18,28994,6358,125409,3728,271772,6382,397181,California
San Mateo, County,San Mateo County,4/17/2021,9984,651973,6645,362821,3337,260156,2,28996,6195,127839,3777,275549,6207,403388,California
San Mateo, County,San Mateo County,4/18/2021,5776,657749,2898,365719,2877,263033,1,28997,3875,129835,1886,277435,3882,407270,California
San Mateo, County,San Mateo County,4/19/2021,8494,666243,5527,371246,2967,266000,0,28997,5503,132379,2972,280407,5516,412786,California
San Mateo, County,San Mateo County,4/20/2021,10817,677060,6193,377439,4623,270623,1,28998,6901,135401,3891,284298,6913,419699,California
San Mateo, County,San Mateo County,4/21/2021,9972,687032,6944,384383,3026,273649,2,29000,6171,137806,3773,288071,6178,425877,California
San Mateo, County,San Mateo County,4/22/2021,10326,697358,6994,391377,3330,276979,2,29002,5741,139014,4543,292614,5751,431628,California
San Mateo, County,San Mateo County,4/23/2021,10062,707420,6755,398132,3307,280286,0,29002,5658,140318,4372,296986,5676,437304,California
San Mateo, County,San Mateo County,4/24/2021,11501,718921,8205,406337,3295,283581,1,29003,5909,140680,5558,302544,5920,443224,California
San Mateo, County,San Mateo County,4/25/2021,5617,724538,3900,410237,1715,285296,2,29005,4012,143118,1587,304131,4025,447249,California
San Mateo, County,San Mateo County,4/26/2021,6972,731510,5052,415289,1911,287207,9,29014,4035,144256,2921,307052,4059,451308,California
San Mateo, County,San Mateo County,4/27/2021,11656,743166,8220,423509,3279,290486,157,29171,4768,142341,6851,313903,4936,456244,California
San Mateo, County,San Mateo County,4/28/2021,8282,751448,4824,428333,3251,293737,207,29378,4424,143142,3837,317740,4638,460882,California
San Mateo, County,San Mateo County,4/29/2021,8527,759975,4091,432424,4261,297998,175,29553,3866,142570,4627,322367,4055,464937,California
San Mateo, County,San Mateo County,4/30/2021,8506,768481,5395,437819,2948,300946,163,29716,3649,141577,4826,327193,3833,468770,California
San Mateo, County,San Mateo County,5/1/2021,6281,774762,4212,442031,1951,302897,118,29834,2745,140942,3514,330707,2879,471649,California
San Mateo, County,San Mateo County,5/2/2021,3231,777993,1766,443797,1392,304289,73,29907,1168,140137,2052,332759,1247,472896,California
San Mateo, County,San Mateo County,5/3/2021,6192,784185,4620,448417,1424,305713,148,30055,1870,137851,4307,337066,2021,474917,California
San Mateo, County,San Mateo County,5/4/2021,7769,791954,5377,453794,2216,307929,176,30231,2577,135447,5175,342241,2771,477688,California
San Mateo, County,San Mateo County,5/5/2021,7304,799258,4876,458670,2265,310194,163,30394,2444,133226,4829,347070,2608,480296,California
San Mateo, County,San Mateo County,5/6/2021,9088,808346,7147,465817,1761,311955,180,30574,1797,127938,7269,354339,1981,482277,California
San Mateo, County,San Mateo County,5/7/2021,8483,816829,6101,471918,2094,314049,288,30862,1867,123524,6585,360924,2171,484448,California
San Mateo, County,San Mateo County,5/8/2021,7077,823906,4399,476317,2437,316486,241,31103,1955,120620,5104,366028,2200,486648,California
San Mateo, County,San Mateo County,5/9/2021,3178,827084,2476,478793,630,317116,72,31175,943,119413,2223,368251,1016,487664,California
San Mateo, County,San Mateo County,5/10/2021,4917,832001,3551,482344,1193,318309,173,31348,747,116186,4156,372407,929,488593,California
San Mateo, County,San Mateo County,5/11/2021,7410,839411,5622,487966,1659,319968,129,31477,1752,112434,5635,378042,1883,490476,California
San Mateo, County,San Mateo County,5/12/2021,7191,846602,5202,493168,1774,321742,215,31692,1440,108356,5734,383776,1656,492132,California
San Mateo, County,San Mateo County,5/13/2021,9855,856457,7398,500566,2361,324103,96,31788,3457,105558,6363,390139,3565,495697,California
San Mateo, County,San Mateo County,5/14/2021,8622,865079,6384,506950,2121,326224,117,31905,2594,102275,6003,396142,2720,498417,California
San Mateo, County,San Mateo County,5/15/2021,10775,875854,8454,515404,2220,328444,101,32006,4783,101206,5973,402115,4904,503321,California
San Mateo, County,San Mateo County,5/16/2021,7380,883234,5261,520665,2048,330492,71,32077,2302,98526,5054,407169,2374,505695,California
San Mateo, County,San Mateo County,5/17/2021,7273,890507,5168,525833,1995,332487,110,32187,2152,95696,5099,412268,2269,507964,California
San Mateo, County,San Mateo County,5/18/2021,8601,899108,5954,531787,2549,335036,98,32285,3092,93512,5381,417649,3197,511161,California
San Mateo, County,San Mateo County,5/19/2021,8011,907119,5979,537766,1909,336945,123,32408,3610,92904,4345,421994,3737,514898,California
San Mateo, County,San Mateo County,5/20/2021,5855,912974,3662,541428,2058,339003,135,32543,2220,91657,3606,425600,2359,517257,California
San Mateo, County,San Mateo County,5/21/2021,7077,920051,4821,546249,2111,341114,145,32688,1881,88511,5174,430774,2028,519285,California
San Mateo, County,San Mateo County,5/22/2021,6460,926511,4400,550649,1992,343106,68,32756,2679,87501,3759,434533,2749,522034,California
San Mateo, County,San Mateo County,5/23/2021,3168,929679,1804,552453,1274,344380,90,32846,1203,86843,1951,436484,1293,523327,California
San Mateo, County,San Mateo County,5/24/2021,3707,933386,2452,554905,1107,345487,148,32994,1247,85805,2433,438917,1395,524722,California
San Mateo, County,San Mateo County,5/25/2021,4789,938175,3014,557919,1598,347085,177,33171,1568,84355,3198,442115,1748,526470,California
San Mateo, County,San Mateo County,5/26/2021,5742,943917,3099,561018,2523,349608,120,33291,1787,82331,3931,446046,1907,528377,California
San Mateo, County,San Mateo County,5/27/2021,3800,947717,2201,563219,1497,351105,102,33393,1195,81048,2576,448622,1293,529670,California
San Mateo, County,San Mateo County,5/28/2021,3504,951221,2198,565417,1220,352325,86,33479,1306,80285,2154,450776,1391,531061,California
San Mateo, County,San Mateo County,5/29/2021,3263,954484,2306,567723,904,353229,53,33532,1242,79589,1989,452765,1293,532354,California
San Mateo, County,San Mateo County,5/30/2021,1663,956147,1123,568846,479,353708,61,33593,651,79300,1001,453766,712,533066,California
San Mateo, County,San Mateo County,5/31/2021,439,956586,277,569123,154,353862,8,33601,159,79191,276,454042,167,533233,California
San Mateo, County,San Mateo County,6/1/2021,3344,959930,1982,571105,1267,355129,95,33696,956,77869,2372,456414,1050,534283,California
San Mateo, County,San Mateo County,6/2/2021,2780,962710,1843,572948,856,355985,81,33777,1061,77308,1701,458115,1140,535423,California
San Mateo, County,San Mateo County,6/3/2021,3848,966558,3024,575972,710,356695,114,33891,836,75259,2996,461111,947,536370,California
San Mateo, County,San Mateo County,6/4/2021,4133,970691,3183,579155,855,357550,95,33986,1114,73460,2997,464108,1198,537568,California
San Mateo, County,San Mateo County,6/5/2021,5201,975892,4544,583699,558,358108,99,34085,955,70301,4213,468321,1054,538622,California
San Mateo, County,San Mateo County,6/6/2021,2542,978434,2091,585790,389,358497,62,34147,475,68791,2044,470365,534,539156,California
San Mateo, County,San Mateo County,6/7/2021,3120,981554,2615,588405,423,358920,82,34229,689,67137,2422,472787,768,539924,California
San Mateo, County,San Mateo County,6/8/2021,4104,985658,3465,591870,533,359453,106,34335,964,65104,3104,475891,1071,540995,California
San Mateo, County,San Mateo County,6/9/2021,4156,989814,3579,595449,508,359961,69,34404,613,62254,3531,479422,681,541676,California
San Mateo, County,San Mateo County,6/10/2021,2998,992812,2431,597880,451,360412,116,34520,738,60865,2243,481665,854,542530,California
San Mateo, County,San Mateo County,6/11/2021,2885,995697,2314,600194,458,360870,113,34633,921,59947,1952,483617,1034,543564,California
San Mateo, County,San Mateo County,6/12/2021,3173,998870,2826,603020,266,361136,81,34714,770,58409,2388,486005,850,544414,California
San Mateo, County,San Mateo County,6/13/2021,1460,1000330,1100,604120,297,361433,63,34777,350,57730,1092,487097,413,544827,California
San Mateo, County,San Mateo County,6/14/2021,2456,1002786,2123,606243,250,361683,83,34860,705,56800,1718,488815,788,545615,California
San Mateo, County,San Mateo County,6/15/2021,2250,1005036,1788,608031,343,362026,119,34979,669,56024,1564,490379,788,546403,California
San Mateo, County,San Mateo County,6/16/2021,2448,1007484,2028,610059,262,362288,158,35137,666,55106,1738,492117,820,547223,California
San Mateo, County,San Mateo County,6/17/2021,1973,1009457,1636,611695,250,362538,87,35224,696,54665,1225,493342,784,548007,California
San Mateo, County,San Mateo County,6/18/2021,2125,1011582,1777,613472,268,362806,80,35304,610,53856,1495,494837,686,548693,California
San Mateo, County,San Mateo County,6/19/2021,1794,1013376,1574,615046,163,362969,57,35361,598,53384,1125,495962,653,549346,California
San Mateo, County,San Mateo County,6/20/2021,772,1014148,702,615748,59,363028,11,35372,288,53232,451,496413,299,549645,California
San Mateo, County,San Mateo County,6/21/2021,1254,1015402,938,616686,239,363267,77,35449,582,53227,666,497079,661,550306,California
San Mateo, County,San Mateo County,6/22/2021,1589,1016991,1290,617976,208,363475,91,35540,592,52928,981,498060,682,550988,California
San Mateo, County,San Mateo County,6/23/2021,1850,1018841,1571,619547,177,363652,102,35642,623,52458,1195,499255,725,551713,California
San Mateo, County,San Mateo County,6/24/2021,1474,1020315,1097,620644,275,363927,102,35744,531,52166,922,500177,630,552343,California
San Mateo, County,San Mateo County,6/25/2021,1792,1022107,1489,622133,225,364152,78,35822,662,51791,1115,501292,740,553083,California
San Mateo, County,San Mateo County,6/26/2021,1253,1023360,1055,623188,140,364292,58,35880,493,51600,742,502034,551,553634,California
San Mateo, County,San Mateo County,6/27/2021,658,1024018,534,623722,78,364370,46,35926,291,51572,365,502399,337,553971,California
San Mateo, County,San Mateo County,6/28/2021,1247,1025265,1066,624788,106,364476,75,36001,491,51395,742,503141,565,554536,California
San Mateo, County,San Mateo County,6/29/2021,1437,1026702,1157,625945,196,364672,84,36085,489,51025,939,504080,569,555105,California
San Mateo, County,San Mateo County,6/30/2021,1279,1027981,1048,626993,131,364803,100,36185,572,51002,694,504774,671,555776,California
San Mateo, County,San Mateo County,7/1/2021,1242,1029223,1051,628044,128,364931,63,36248,503,50853,714,505488,565,556341,California
San Mateo, County,San Mateo County,7/2/2021,1477,1030700,1228,629272,174,365105,75,36323,563,50588,903,506391,638,556979,California
San Mateo, County,San Mateo County,7/3/2021,1066,1031766,907,630179,117,365222,42,36365,418,50411,635,507026,458,557437,California
San Mateo, County,San Mateo County,7/4/2021,49,1031815,43,630222,0,365222,6,36371,23,50415,25,507051,29,557466,California
San Mateo, County,San Mateo County,7/5/2021,821,1032636,689,630911,105,365327,27,36398,355,50336,458,507509,379,557845,California
San Mateo, County,San Mateo County,7/6/2021,1341,1033977,1107,632018,147,365474,87,36485,543,50175,788,508297,627,558472,California
San Mateo, County,San Mateo County,7/7/2021,1138,1035115,925,632943,133,365607,80,36565,410,49950,714,509011,489,558961,California
San Mateo, County,San Mateo County,7/8/2021,1166,1036281,945,633888,157,365764,64,36629,377,49612,780,509791,442,559403,California
San Mateo, County,San Mateo County,7/9/2021,1171,1037452,921,634809,171,365935,79,36708,538,49605,621,510412,614,560017,California
San Mateo, County,San Mateo County,7/10/2021,828,1038280,672,635481,109,366044,47,36755,323,49478,495,510907,368,560385,California
San Mateo, County,San Mateo County,7/11/2021,483,1038763,388,635869,62,366106,33,36788,210,49458,262,511169,242,560627,California
San Mateo, County,San Mateo County,7/12/2021,1078,1039841,934,636803,106,366212,38,36826,399,49221,674,511843,437,561064,California
San Mateo, County,San Mateo County,7/13/2021,1044,1040885,835,637638,151,366363,58,36884,434,49114,599,512442,492,561556,California
San Mateo, County,San Mateo County,7/14/2021,1093,1041978,924,638562,115,366478,54,36938,450,48984,635,513077,505,562061,California
San Mateo, County,San Mateo County,7/15/2021,1028,1043006,813,639375,150,366628,65,37003,421,48869,599,513676,484,562545,California
San Mateo, County,San Mateo County,7/16/2021,1090,1044096,877,640252,158,366786,55,37058,466,48773,616,514292,520,563065,California
San Mateo, County,San Mateo County,7/17/2021,896,1044992,773,641025,87,366873,36,37094,414,48753,470,514762,450,563515,California
San Mateo, County,San Mateo County,7/18/2021,531,1045523,443,641468,69,366942,19,37113,252,48760,264,515026,271,563786,California
San Mateo, County,San Mateo County,7/19/2021,1097,1046620,914,642382,127,367069,56,37169,512,48754,574,515600,568,564354,California
San Mateo, County,San Mateo County,7/20/2021,1045,1047665,819,643201,162,367231,64,37233,474,48744,547,516147,537,564891,California
San Mateo, County,San Mateo County,7/21/2021,1142,1048807,919,644120,154,367385,69,37302,579,48842,550,516697,648,565539,California
San Mateo, County,San Mateo County,7/22/2021,1145,1049952,894,645014,179,367564,72,37374,525,48832,606,517303,596,566135,California
San Mateo, County,San Mateo County,7/23/2021,1051,1051003,842,645856,162,367726,47,37421,536,48914,501,517804,583,566718,California
San Mateo, County,San Mateo County,7/24/2021,950,1051953,792,646648,117,367843,41,37462,438,48901,491,518295,478,567196,California
San Mateo, County,San Mateo County,7/25/2021,404,1052357,314,646962,58,367901,32,37494,272,49076,129,518424,304,567500,California
San Mateo, County,San Mateo County,7/26/2021,959,1053316,741,647703,158,368059,60,37554,561,49312,384,518808,620,568120,California
San Mateo, County,San Mateo County,7/27/2021,1175,1054491,980,648683,133,368192,62,37616,599,49410,561,519369,659,568779,California
San Mateo, County,San Mateo County,7/28/2021,1008,1055499,789,649472,134,368326,85,37701,527,49551,470,519839,611,569390,California
San Mateo, County,San Mateo County,7/29/2021,1037,1056536,842,650314,128,368454,67,37768,553,49698,473,520312,620,570010,California
San Mateo, County,San Mateo County,7/30/2021,1155,1057691,931,651245,169,368623,55,37823,583,49787,547,520859,636,570646,California
San Mateo, County,San Mateo County,7/31/2021,863,1058554,699,651944,125,368748,39,37862,484,49947,363,521222,523,571169,California
San Mateo, County,San Mateo County,8/1/2021,553,1059107,475,652419,48,368796,30,37892,315,50063,229,521451,345,571514,California
San Mateo, County,San Mateo County,8/2/2021,1002,1060109,820,653239,120,368916,62,37954,587,50310,400,521851,647,572161,California
San Mateo, County,San Mateo County,8/3/2021,1135,1061244,908,654147,159,369075,68,38022,647,50549,476,522327,715,572876,California
San Mateo, County,San Mateo County,8/4/2021,1156,1062400,956,655103,143,369218,57,38079,648,50766,486,522813,703,573579,California
San Mateo, County,San Mateo County,8/5/2021,1172,1063572,982,656085,131,369349,59,38138,662,50992,493,523306,719,574298,California
San Mateo, County,San Mateo County,8/6/2021,1161,1064733,911,656996,165,369514,85,38223,633,51207,500,523806,715,575013,California
San Mateo, County,San Mateo County,8/7/2021,1000,1065733,839,657835,103,369617,58,38281,567,51410,422,524228,625,575638,California
San Mateo, County,San Mateo County,8/8/2021,422,1066155,349,658184,56,369673,17,38298,224,51469,181,524409,240,575878,California
San Mateo, County,San Mateo County,8/9/2021,880,1067035,713,658897,123,369796,44,38342,440,51530,423,524832,484,576362,California
San Mateo, County,San Mateo County,8/10/2021,632,1067667,524,659421,56,369852,52,38394,326,51608,297,525129,375,576737,California
Santa Barbara, County,Santa Barbara County,12/15/2020,2,2,2,2,0,0,0,0,2,2,0,0,2,2,California
Santa Barbara, County,Santa Barbara County,12/16/2020,2,4,2,4,0,0,0,0,2,4,0,0,2,4,California
Santa Barbara, County,Santa Barbara County,12/17/2020,162,166,162,166,0,0,0,0,162,166,0,0,162,166,California
Santa Barbara, County,Santa Barbara County,12/18/2020,396,562,395,561,1,1,0,0,396,562,0,0,396,562,California
Santa Barbara, County,Santa Barbara County,12/19/2020,327,889,327,888,0,1,0,0,327,889,0,0,327,889,California
Santa Barbara, County,Santa Barbara County,12/20/2020,233,1122,233,1121,0,1,0,0,233,1122,0,0,233,1122,California
Santa Barbara, County,Santa Barbara County,12/21/2020,658,1780,656,1777,2,3,0,0,658,1780,0,0,658,1780,California
Santa Barbara, County,Santa Barbara County,12/22/2020,255,2035,253,2030,2,5,0,0,255,2035,0,0,255,2035,California
Santa Barbara, County,Santa Barbara County,12/23/2020,328,2363,209,2239,119,124,0,0,328,2363,0,0,328,2363,California
Santa Barbara, County,Santa Barbara County,12/24/2020,90,2453,41,2280,49,173,0,0,90,2453,0,0,90,2453,California
Santa Barbara, County,Santa Barbara County,12/25/2020,0,2453,0,2280,0,173,0,0,0,2453,0,0,0,2453,California
Santa Barbara, County,Santa Barbara County,12/26/2020,329,2782,70,2350,259,432,0,0,329,2782,0,0,329,2782,California
Santa Barbara, County,Santa Barbara County,12/27/2020,63,2845,1,2351,62,494,0,0,63,2845,0,0,63,2845,California
Santa Barbara, County,Santa Barbara County,12/28/2020,359,3204,226,2577,133,627,0,0,359,3204,0,0,359,3204,California
Santa Barbara, County,Santa Barbara County,12/29/2020,565,3769,362,2939,203,830,0,0,565,3769,0,0,565,3769,California
Santa Barbara, County,Santa Barbara County,12/30/2020,584,4353,398,3337,186,1016,0,0,584,4353,0,0,584,4353,California
Santa Barbara, County,Santa Barbara County,12/31/2020,242,4595,114,3451,128,1144,0,0,242,4595,0,0,242,4595,California
Santa Barbara, County,Santa Barbara County,1/1/2021,123,4718,117,3568,6,1150,0,0,123,4718,0,0,123,4718,California
Santa Barbara, County,Santa Barbara County,1/2/2021,602,5320,235,3803,367,1517,0,0,602,5320,0,0,602,5320,California
Santa Barbara, County,Santa Barbara County,1/3/2021,23,5343,15,3818,8,1525,0,0,23,5343,0,0,23,5343,California
Santa Barbara, County,Santa Barbara County,1/4/2021,304,5647,242,4060,62,1587,0,0,303,5646,0,0,303,5646,California
Santa Barbara, County,Santa Barbara County,1/5/2021,759,6406,382,4442,377,1964,0,0,729,6345,30,30,729,6375,California
Santa Barbara, County,Santa Barbara County,1/6/2021,662,7068,278,4720,384,2348,0,0,556,6796,105,135,556,6931,California
Santa Barbara, County,Santa Barbara County,1/7/2021,1037,8105,716,5436,321,2669,0,0,482,6727,551,686,482,7413,California
Santa Barbara, County,Santa Barbara County,1/8/2021,1209,9314,851,6287,358,3027,0,0,705,6928,504,1190,705,8118,California
Santa Barbara, County,Santa Barbara County,1/9/2021,571,9885,296,6583,275,3302,0,0,321,6999,250,1440,321,8439,California
Santa Barbara, County,Santa Barbara County,1/10/2021,63,9948,50,6633,13,3315,0,0,45,7026,18,1458,45,8484,California
Santa Barbara, County,Santa Barbara County,1/11/2021,855,10803,686,7319,169,3484,0,0,621,7414,233,1691,621,9105,California
Santa Barbara, County,Santa Barbara County,1/12/2021,1441,12244,647,7966,794,4278,0,0,1278,8529,163,1854,1278,10383,California
Santa Barbara, County,Santa Barbara County,1/13/2021,1226,13470,275,8241,951,5229,0,0,1096,9496,130,1984,1097,11480,California
Santa Barbara, County,Santa Barbara County,1/14/2021,1262,14732,143,8384,1119,6348,0,0,1204,10644,57,2041,1205,12685,California
Santa Barbara, County,Santa Barbara County,1/15/2021,1817,16549,430,8814,1387,7735,0,0,1732,12293,83,2124,1732,14417,California
Santa Barbara, County,Santa Barbara County,1/16/2021,1279,17828,203,9017,1076,8811,0,0,1238,13491,40,2164,1238,15655,California
Santa Barbara, County,Santa Barbara County,1/17/2021,127,17955,24,9041,103,8914,0,0,124,13612,3,2167,124,15779,California
Santa Barbara, County,Santa Barbara County,1/18/2021,1151,19106,422,9463,729,9643,0,0,964,14389,187,2354,964,16743,California
Santa Barbara, County,Santa Barbara County,1/19/2021,1664,20770,572,10035,1092,10735,0,0,1381,15490,280,2634,1381,18124,California
Santa Barbara, County,Santa Barbara County,1/20/2021,2242,23012,663,10698,1579,12314,0,0,1815,16880,426,3060,1816,19940,California
Santa Barbara, County,Santa Barbara County,1/21/2021,3209,26221,1924,12622,1285,13599,0,0,3041,19756,167,3227,3043,22983,California
Santa Barbara, County,Santa Barbara County,1/22/2021,2958,29179,1801,14423,1157,14756,0,0,2782,22366,173,3400,2783,25766,California
Santa Barbara, County,Santa Barbara County,1/23/2021,1741,30920,1108,15531,633,15389,0,0,1222,23070,518,3918,1222,26988,California
Santa Barbara, County,Santa Barbara County,1/24/2021,845,31765,746,16277,99,15488,0,0,834,23894,10,3928,834,27822,California
Santa Barbara, County,Santa Barbara County,1/25/2021,1243,33008,495,16772,748,16236,0,0,1010,24671,233,4161,1010,28832,California
Santa Barbara, County,Santa Barbara County,1/26/2021,2094,35102,511,17283,1583,17819,0,0,1711,26001,381,4542,1711,30543,California
Santa Barbara, County,Santa Barbara County,1/27/2021,1168,36270,398,17681,770,18589,0,0,903,26642,264,4806,905,31448,California
Santa Barbara, County,Santa Barbara County,1/28/2021,905,37175,299,17980,606,19195,0,0,687,27116,213,5019,687,32135,California
Santa Barbara, County,Santa Barbara County,1/29/2021,1353,38528,528,18508,825,20020,0,0,986,27741,363,5382,988,33123,California
Santa Barbara, County,Santa Barbara County,1/30/2021,1903,40431,1411,19919,492,20512,0,0,1480,28801,420,5802,1480,34603,California
Santa Barbara, County,Santa Barbara County,1/31/2021,1463,41894,1211,21130,252,20764,0,0,1422,30182,41,5843,1422,36025,California
Santa Barbara, County,Santa Barbara County,2/1/2021,955,42849,524,21654,431,21195,0,0,554,30335,401,6244,554,36579,California
Santa Barbara, County,Santa Barbara County,2/2/2021,1817,44666,685,22339,1132,22327,0,0,1051,30622,764,7008,1051,37630,California
Santa Barbara, County,Santa Barbara County,2/3/2021,1973,46639,1086,23425,887,23214,0,0,1516,31692,446,7454,1516,39146,California
Santa Barbara, County,Santa Barbara County,2/4/2021,2818,49457,1885,25310,933,24147,0,0,2516,33913,296,7750,2517,41663,California
Santa Barbara, County,Santa Barbara County,2/5/2021,2931,52388,2080,27390,851,24998,0,0,2273,35531,655,8405,2273,43936,California
Santa Barbara, County,Santa Barbara County,2/6/2021,1210,53598,334,27724,876,25874,0,0,792,35906,418,8823,793,44729,California
Santa Barbara, County,Santa Barbara County,2/7/2021,309,53907,266,27990,43,25917,0,0,270,36139,37,8860,270,44999,California
Santa Barbara, County,Santa Barbara County,2/8/2021,951,54858,304,28294,647,26564,0,0,661,36510,290,9150,661,45660,California
Santa Barbara, County,Santa Barbara County,2/9/2021,2459,57317,322,28616,2137,28701,0,0,1126,36315,1321,10471,1126,46786,California
Santa Barbara, County,Santa Barbara County,2/10/2021,2781,60098,1503,30119,1278,29979,0,0,742,35035,2023,12494,743,47529,California
Santa Barbara, County,Santa Barbara County,2/11/2021,4242,64340,2828,32947,1414,31393,0,0,646,32099,3582,16076,646,48175,California
Santa Barbara, County,Santa Barbara County,2/12/2021,3320,67660,943,33890,2377,33770,0,0,778,30341,2536,18612,778,48953,California
Santa Barbara, County,Santa Barbara County,2/13/2021,1255,68915,345,34235,910,34680,0,0,570,30228,683,19295,570,49523,California
Santa Barbara, County,Santa Barbara County,2/14/2021,343,69258,44,34279,299,34979,0,0,292,30471,51,19346,294,49817,California
Santa Barbara, County,Santa Barbara County,2/15/2021,986,70244,351,34630,635,35614,0,0,497,30484,486,19832,499,50316,California
Santa Barbara, County,Santa Barbara County,2/16/2021,2190,72434,465,35095,1725,37339,0,0,730,29759,1455,21287,730,51046,California
Santa Barbara, County,Santa Barbara County,2/17/2021,1465,73899,336,35431,1129,38468,0,0,522,29346,938,22225,525,51571,California
Santa Barbara, County,Santa Barbara County,2/18/2021,3292,77191,2678,38109,614,39082,0,0,1538,29171,1714,23939,1539,53110,California
Santa Barbara, County,Santa Barbara County,2/19/2021,3622,80813,2663,40772,959,40041,0,0,2339,30231,1280,25219,2340,55450,California
Santa Barbara, County,Santa Barbara County,2/20/2021,2337,83150,1538,42310,799,40840,0,0,1757,31419,570,25789,1758,57208,California
Santa Barbara, County,Santa Barbara County,2/21/2021,149,83299,119,42429,30,40870,0,0,65,31402,82,25871,65,57273,California
Santa Barbara, County,Santa Barbara County,2/22/2021,987,84286,269,42698,718,41588,0,0,285,30987,700,26571,285,57558,California
Santa Barbara, County,Santa Barbara County,2/23/2021,3372,87658,1118,43816,2254,43842,0,0,438,28495,2931,29502,439,57997,California
Santa Barbara, County,Santa Barbara County,2/24/2021,3385,91043,1161,44977,2224,46066,0,0,755,26637,2613,32115,755,58752,California
Santa Barbara, County,Santa Barbara County,2/25/2021,3640,94683,2025,47002,1615,47681,0,0,1042,25096,2587,34702,1046,59798,California
Santa Barbara, County,Santa Barbara County,2/26/2021,3853,98536,2307,49309,1546,49227,0,0,2080,25417,1760,36462,2081,61879,California
Santa Barbara, County,Santa Barbara County,2/27/2021,1763,100299,588,49897,1175,50402,0,0,935,25534,822,37284,939,62818,California
Santa Barbara, County,Santa Barbara County,2/28/2021,1167,101466,233,50130,934,51336,0,0,958,26294,200,37484,960,63778,California
Santa Barbara, County,Santa Barbara County,3/1/2021,1756,103222,533,50663,1221,52557,2,2,1185,26933,550,38034,1189,64967,California
Santa Barbara, County,Santa Barbara County,3/2/2021,2769,105991,455,51118,2313,54870,1,3,2241,28661,515,38549,2243,67210,California
Santa Barbara, County,Santa Barbara County,3/3/2021,4791,110782,2192,53310,2597,57467,2,5,4171,32227,611,39160,4177,71387,California
Santa Barbara, County,Santa Barbara County,3/4/2021,3572,114354,2395,55705,1177,58644,0,5,2988,34643,574,39734,2990,74377,California
Santa Barbara, County,Santa Barbara County,3/5/2021,4054,118408,2267,57972,1727,60371,60,65,3276,37208,772,40506,3337,77714,California
Santa Barbara, County,Santa Barbara County,3/6/2021,2515,120923,758,58730,1535,61906,222,287,1723,38360,787,41293,1939,79653,California
Santa Barbara, County,Santa Barbara County,3/7/2021,718,121641,128,58858,347,62253,243,530,418,38722,299,41592,661,80314,California
Santa Barbara, County,Santa Barbara County,3/8/2021,1614,123255,383,59241,872,63125,359,889,809,39088,798,42390,1164,81478,California
Santa Barbara, County,Santa Barbara County,3/9/2021,2816,126071,354,59595,1685,64810,777,1666,749,38536,2063,44453,1511,82989,California
Santa Barbara, County,Santa Barbara County,3/10/2021,2788,128859,558,60153,1173,65983,1057,2723,1064,38928,1717,46170,2109,85098,California
Santa Barbara, County,Santa Barbara County,3/11/2021,5597,134456,3030,63183,1450,67433,1117,3840,2272,39000,3305,49475,3377,88475,California
Santa Barbara, County,Santa Barbara County,3/12/2021,3745,138201,2130,65313,1178,68611,437,4277,2203,40097,1534,51009,2631,91106,California
Santa Barbara, County,Santa Barbara County,3/13/2021,3548,141749,1967,67280,1373,69984,208,4485,2711,42186,830,51839,2919,94025,California
Santa Barbara, County,Santa Barbara County,3/14/2021,842,142591,419,67699,367,70351,56,4541,515,42434,324,52163,572,94597,California
Santa Barbara, County,Santa Barbara County,3/15/2021,2125,144716,703,68402,1128,71479,294,4835,1272,43151,845,53008,1562,96159,California
Santa Barbara, County,Santa Barbara County,3/16/2021,3742,148458,1187,69589,2215,73694,340,5175,2743,45243,992,54000,3084,99243,California
Santa Barbara, County,Santa Barbara County,3/17/2021,3345,151803,989,70578,1952,75646,404,5579,2344,46988,998,54998,2743,101986,California
Santa Barbara, County,Santa Barbara County,3/18/2021,5295,157098,2809,73387,2282,77928,204,5783,4044,49999,1234,56232,4245,106231,California
Santa Barbara, County,Santa Barbara County,3/19/2021,4502,161600,2785,76172,1380,79308,337,6120,3042,51921,1454,57686,3376,109607,California
Santa Barbara, County,Santa Barbara County,3/20/2021,2243,163843,845,77017,1375,80683,23,6143,1366,52440,872,58558,1391,110998,California
Santa Barbara, County,Santa Barbara County,3/21/2021,1187,165030,387,77404,768,81451,32,6175,852,52992,331,58889,883,111881,California
Santa Barbara, County,Santa Barbara County,3/22/2021,2796,167826,1933,79337,817,82268,46,6221,2206,54663,581,59470,2252,114133,California
Santa Barbara, County,Santa Barbara County,3/23/2021,4506,172332,2287,81624,2116,84384,103,6324,3702,57672,794,60264,3803,117936,California
Santa Barbara, County,Santa Barbara County,3/24/2021,5465,177797,3164,84788,1530,85914,771,7095,2927,58847,2515,62779,3690,121626,California
Santa Barbara, County,Santa Barbara County,3/25/2021,5612,183409,3290,88078,2120,88034,202,7297,2708,58873,2885,65664,2911,124537,California
Santa Barbara, County,Santa Barbara County,3/26/2021,5133,188542,3246,91324,1578,89612,309,7606,2114,58296,2999,68663,2422,126959,California
Santa Barbara, County,Santa Barbara County,3/27/2021,3005,191547,1242,92566,1718,91330,45,7651,1572,58484,1428,70091,1616,128575,California
Santa Barbara, County,Santa Barbara County,3/28/2021,2814,194361,1674,94240,1112,92442,28,7679,1871,59446,938,71029,1900,130475,California
Santa Barbara, County,Santa Barbara County,3/29/2021,4065,198426,2092,96332,1900,94342,73,7752,3214,61888,845,71874,3287,133762,California
Santa Barbara, County,Santa Barbara County,3/30/2021,6835,205261,3533,99865,3151,97493,151,7903,4493,64208,2322,74196,4642,138404,California
Santa Barbara, County,Santa Barbara County,3/31/2021,8705,213966,5532,105397,3106,100599,67,7970,4973,65538,3709,77905,5039,143443,California
Santa Barbara, County,Santa Barbara County,4/1/2021,7086,221052,5234,110631,1590,102189,262,8232,4163,67069,2894,80799,4425,147868,California
Santa Barbara, County,Santa Barbara County,4/2/2021,6671,227723,4576,115207,1501,103690,594,8826,3352,67705,3308,84107,3944,151812,California
Santa Barbara, County,Santa Barbara County,4/3/2021,3833,231556,2121,117328,1643,105333,69,8895,2515,68975,1312,85419,2582,154394,California
Santa Barbara, County,Santa Barbara County,4/4/2021,916,232472,448,117776,428,105761,40,8935,497,69095,417,85836,537,154931,California
Santa Barbara, County,Santa Barbara County,4/5/2021,3513,235985,2311,120087,934,106695,268,9203,2185,70231,1317,87153,2453,157384,California
Santa Barbara, County,Santa Barbara County,4/6/2021,5531,241516,2854,122941,2115,108810,562,9765,3369,72015,2140,89293,3924,161308,California
Santa Barbara, County,Santa Barbara County,4/7/2021,6056,247572,3302,126243,2212,111022,542,10307,4104,74717,1942,91235,4644,165952,California
Santa Barbara, County,Santa Barbara County,4/8/2021,7453,255025,5067,131310,655,111677,1731,12038,3438,75877,4004,95239,5164,171116,California
Santa Barbara, County,Santa Barbara County,4/9/2021,7351,262376,4880,136190,1104,112781,1367,13405,3292,76481,4048,99287,4652,175768,California
Santa Barbara, County,Santa Barbara County,4/10/2021,6730,269106,4666,140856,1446,114227,618,14023,4575,79525,2144,101431,5188,180956,California
Santa Barbara, County,Santa Barbara County,4/11/2021,2690,271796,1970,142826,418,114645,302,14325,1857,80853,825,102256,2153,183109,California
Santa Barbara, County,Santa Barbara County,4/12/2021,4419,276215,2838,145664,1026,115671,555,14880,1901,80799,2509,104765,2455,185564,California
Santa Barbara, County,Santa Barbara County,4/13/2021,6391,282606,4189,149853,2196,117867,6,14886,2625,79671,3758,108523,2630,188194,California
Santa Barbara, County,Santa Barbara County,4/14/2021,6831,289437,4432,154285,2397,120264,2,14888,4242,81338,2579,111102,4246,192440,California
Santa Barbara, County,Santa Barbara County,4/15/2021,7017,296454,4117,158402,2899,123163,1,14889,3766,81867,3239,114341,3768,196208,California
Santa Barbara, County,Santa Barbara County,4/16/2021,6444,302898,3782,162184,2652,125815,10,14899,4430,84315,1991,116332,4439,200647,California
Santa Barbara, County,Santa Barbara County,4/17/2021,5358,308256,3878,166062,1480,127295,0,14899,4086,87145,1256,117588,4086,204733,California
Santa Barbara, County,Santa Barbara County,4/18/2021,2200,310456,1534,167596,666,127961,0,14899,377,85710,1813,119401,378,205111,California
Santa Barbara, County,Santa Barbara County,4/19/2021,3290,313746,2268,169864,1016,128977,6,14905,1031,84495,2251,121652,1036,206147,California
Santa Barbara, County,Santa Barbara County,4/20/2021,5968,319714,3991,173855,1975,130952,2,14907,1654,81854,4295,125947,1654,207801,California
Santa Barbara, County,Santa Barbara County,4/21/2021,5621,325335,3725,177580,1896,132848,0,14907,1777,79811,3822,129769,1779,209580,California
Santa Barbara, County,Santa Barbara County,4/22/2021,5225,330560,2619,180199,2605,135453,1,14908,1501,77613,3703,133472,1505,211085,California
Santa Barbara, County,Santa Barbara County,4/23/2021,5738,336298,3978,184177,1760,137213,0,14908,2016,75925,3704,137176,2016,213101,California
Santa Barbara, County,Santa Barbara County,4/24/2021,4522,340820,2946,187123,1571,138784,5,14913,1649,74727,2853,140029,1655,214756,California
Santa Barbara, County,Santa Barbara County,4/25/2021,1876,342696,1209,188332,667,139451,0,14913,502,73865,1364,141393,502,215258,California
Santa Barbara, County,Santa Barbara County,4/26/2021,3306,346002,2014,190346,1271,140722,21,14934,578,71747,2718,144111,600,215858,California
Santa Barbara, County,Santa Barbara County,4/27/2021,4064,350066,2239,192585,1721,142443,104,15038,1195,70189,2856,146967,1298,217156,California
Santa Barbara, County,Santa Barbara County,4/28/2021,4960,355026,2883,195468,1960,144403,117,15155,1417,68205,3522,150489,1538,218694,California
Santa Barbara, County,Santa Barbara County,4/29/2021,5376,360402,3897,199365,1247,145650,232,15387,1477,66034,3880,154369,1709,220403,California
Santa Barbara, County,Santa Barbara County,4/30/2021,5052,365454,3783,203148,1104,146754,165,15552,1427,64021,3604,157973,1591,221994,California
Santa Barbara, County,Santa Barbara County,5/1/2021,5338,370792,4124,207272,1179,147933,35,15587,909,60556,4411,162384,946,222940,California
Santa Barbara, County,Santa Barbara County,5/2/2021,1145,371937,673,207945,343,148276,129,15716,314,60171,829,163213,444,223384,California
Santa Barbara, County,Santa Barbara County,5/3/2021,2224,374161,1487,209432,598,148874,139,15855,444,58981,1772,164985,582,223966,California
Santa Barbara, County,Santa Barbara County,5/4/2021,3366,377527,1714,211146,1578,150452,74,15929,1167,58039,2182,167167,1240,225206,California
Santa Barbara, County,Santa Barbara County,5/5/2021,5541,383068,3723,214869,1669,152121,149,16078,649,53964,4874,172041,799,226005,California
Santa Barbara, County,Santa Barbara County,5/6/2021,5145,388213,3980,218849,1059,153180,106,16184,993,50928,4134,176175,1098,227103,California
Santa Barbara, County,Santa Barbara County,5/7/2021,4721,392934,3700,222549,841,154021,180,16364,1004,48410,3700,179875,1182,228285,California
Santa Barbara, County,Santa Barbara County,5/8/2021,4383,397317,3251,225800,1031,155052,101,16465,919,45984,3447,183322,1021,229306,California
Santa Barbara, County,Santa Barbara County,5/9/2021,705,398022,111,225911,554,155606,40,16505,465,46253,237,183559,506,229812,California
Santa Barbara, County,Santa Barbara County,5/10/2021,1381,399403,673,226584,625,156231,83,16588,386,45730,992,184551,469,230281,California
Santa Barbara, County,Santa Barbara County,5/11/2021,1952,401355,850,227434,805,157036,297,16885,451,44981,1491,186042,742,231023,California
Santa Barbara, County,Santa Barbara County,5/12/2021,2100,403455,746,228180,1126,158162,228,17113,523,44170,1562,187604,751,231774,California
Santa Barbara, County,Santa Barbara County,5/13/2021,3943,407398,2825,231005,918,159080,200,17313,1238,42918,2689,190293,1437,233211,California
Santa Barbara, County,Santa Barbara County,5/14/2021,4178,411576,2530,233535,1554,160634,94,17407,1622,42095,2540,192833,1717,234928,California
Santa Barbara, County,Santa Barbara County,5/15/2021,3567,415143,2597,236132,949,161583,21,17428,1855,42272,1700,194533,1877,236805,California
Santa Barbara, County,Santa Barbara County,5/16/2021,1152,416295,530,236662,507,162090,115,17543,540,42320,607,195140,655,237460,California
Santa Barbara, County,Santa Barbara County,5/17/2021,1649,417944,935,237597,651,162741,63,17606,864,42467,779,195919,926,238386,California
Santa Barbara, County,Santa Barbara County,5/18/2021,1875,419819,1176,238773,601,163342,98,17704,982,42672,876,196795,1081,239467,California
Santa Barbara, County,Santa Barbara County,5/19/2021,1783,421602,977,239750,765,164107,41,17745,812,42564,961,197756,853,240320,California
Santa Barbara, County,Santa Barbara County,5/20/2021,1757,423359,957,240707,682,164789,118,17863,876,42692,867,198623,995,241315,California
Santa Barbara, County,Santa Barbara County,5/21/2021,3478,426837,2349,243056,1074,165863,55,17918,1260,41805,2203,200826,1316,242631,California
Santa Barbara, County,Santa Barbara County,5/22/2021,2491,429328,1728,244784,719,166582,44,17962,1406,42179,1079,201905,1453,244084,California
Santa Barbara, County,Santa Barbara County,5/23/2021,777,430105,349,245133,397,166979,31,17993,424,42282,352,202257,455,244539,California
Santa Barbara, County,Santa Barbara County,5/24/2021,1021,431126,596,245729,362,167341,63,18056,486,42303,528,202785,549,245088,California
Santa Barbara, County,Santa Barbara County,5/25/2021,1412,432538,572,246301,771,168112,69,18125,464,41893,943,203728,533,245621,California
Santa Barbara, County,Santa Barbara County,5/26/2021,3024,435562,1716,248017,1187,169299,121,18246,836,40676,2172,205900,955,246576,California
Santa Barbara, County,Santa Barbara County,5/27/2021,1970,437532,1212,249229,615,169914,143,18389,826,40510,1136,207036,970,247546,California
Santa Barbara, County,Santa Barbara County,5/28/2021,1510,439042,703,249932,654,170568,153,18542,612,40381,894,207930,765,248311,California
Santa Barbara, County,Santa Barbara County,5/29/2021,912,439954,325,250257,550,171118,37,18579,367,40244,541,208471,404,248715,California
Santa Barbara, County,Santa Barbara County,5/30/2021,516,440470,181,250438,236,171354,99,18678,185,40200,328,208799,284,248999,California
Santa Barbara, County,Santa Barbara County,5/31/2021,98,440568,44,250482,44,171398,10,18688,25,40162,72,208871,34,249033,California
Santa Barbara, County,Santa Barbara County,6/1/2021,1138,441706,592,251074,489,171887,57,18745,443,39974,689,209560,501,249534,California
Santa Barbara, County,Santa Barbara County,6/2/2021,982,442688,584,251658,315,172202,83,18828,424,39926,554,210114,506,250040,California
Santa Barbara, County,Santa Barbara County,6/3/2021,2061,444749,1548,253206,457,172659,56,18884,619,39166,1433,211547,673,250713,California
Santa Barbara, County,Santa Barbara County,6/4/2021,1461,446210,671,253877,650,173309,140,19024,485,38821,966,212513,621,251334,California
Santa Barbara, County,Santa Barbara County,6/5/2021,2921,449131,2215,256092,654,173963,52,19076,479,36921,2430,214943,530,251864,California
Santa Barbara, County,Santa Barbara County,6/6/2021,925,450056,487,256579,419,174382,19,19095,226,36470,696,215639,245,252109,California
Santa Barbara, County,Santa Barbara County,6/7/2021,1170,451226,831,257410,287,174669,52,19147,299,35953,868,216507,351,252460,California
Santa Barbara, County,Santa Barbara County,6/8/2021,1116,452342,714,258124,370,175039,32,19179,291,35455,820,217327,322,252782,California
Santa Barbara, County,Santa Barbara County,6/9/2021,1031,453373,702,258826,245,175284,84,19263,321,35154,706,218033,405,253187,California
Santa Barbara, County,Santa Barbara County,6/10/2021,2392,455765,2072,260898,247,175531,73,19336,521,33880,1868,219901,594,253781,California
Santa Barbara, County,Santa Barbara County,6/11/2021,1313,457078,610,261508,599,176130,104,19440,391,33459,917,220818,496,254277,California
Santa Barbara, County,Santa Barbara County,6/12/2021,891,457969,599,262107,269,176399,23,19463,233,33067,647,221465,255,254532,California
Santa Barbara, County,Santa Barbara County,6/13/2021,494,458463,306,262413,91,176490,97,19560,125,32922,367,221832,222,254754,California
Santa Barbara, County,Santa Barbara County,6/14/2021,1261,459724,858,263271,326,176816,77,19637,337,32420,915,222747,413,255167,California
Santa Barbara, County,Santa Barbara County,6/15/2021,1154,460878,761,264032,356,177172,37,19674,401,32111,746,223493,437,255604,California
Santa Barbara, County,Santa Barbara County,6/16/2021,935,461813,651,264683,237,177409,47,19721,355,31937,574,224067,400,256004,California
Santa Barbara, County,Santa Barbara County,6/17/2021,1879,463692,1547,266230,243,177652,89,19810,624,31398,1250,225317,711,256715,California
Santa Barbara, County,Santa Barbara County,6/18/2021,1117,464809,720,266950,298,177950,99,19909,366,31115,748,226065,465,257180,California
Santa Barbara, County,Santa Barbara County,6/19/2021,541,465350,363,267313,146,178096,32,19941,250,31109,288,226353,282,257462,California
Santa Barbara, County,Santa Barbara County,6/20/2021,370,465720,212,267525,148,178244,10,19951,153,31055,216,226569,162,257624,California
Santa Barbara, County,Santa Barbara County,6/21/2021,529,466249,265,267790,211,178455,53,20004,274,31133,249,226818,327,257951,California
Santa Barbara, County,Santa Barbara County,6/22/2021,773,467022,500,268290,242,178697,31,20035,303,31001,465,227283,333,258284,California
Santa Barbara, County,Santa Barbara County,6/23/2021,785,467807,568,268858,185,178882,32,20067,337,30926,443,227726,368,258652,California
Santa Barbara, County,Santa Barbara County,6/24/2021,1367,469174,1149,270007,154,179036,64,20131,580,30787,780,228506,641,259293,California
Santa Barbara, County,Santa Barbara County,6/25/2021,978,470152,626,270633,290,179326,62,20193,455,30783,519,229025,515,259808,California
Santa Barbara, County,Santa Barbara County,6/26/2021,510,470662,356,270989,123,179449,31,20224,200,30704,310,229335,231,260039,California
Santa Barbara, County,Santa Barbara County,6/27/2021,402,471064,263,271252,76,179525,63,20287,194,30757,204,229539,257,260296,California
Santa Barbara, County,Santa Barbara County,6/28/2021,465,471529,303,271555,128,179653,34,20321,235,30796,230,229769,269,260565,California
Santa Barbara, County,Santa Barbara County,6/29/2021,567,472096,382,271937,170,179823,15,20336,274,30797,287,230056,288,260853,California
Santa Barbara, County,Santa Barbara County,6/30/2021,652,472748,463,272400,150,179973,39,20375,314,30821,329,230385,353,261206,California
Santa Barbara, County,Santa Barbara County,7/1/2021,1063,473811,793,273193,121,180094,149,20524,409,30726,652,231037,557,261763,California
Santa Barbara, County,Santa Barbara County,7/2/2021,781,474592,521,273714,204,180298,56,20580,383,30769,396,231433,439,262202,California
Santa Barbara, County,Santa Barbara County,7/3/2021,352,474944,221,273935,119,180417,12,20592,154,30741,194,231627,166,262368,California
Santa Barbara, County,Santa Barbara County,7/4/2021,25,474969,15,273950,10,180427,0,20592,9,30734,16,231643,9,262377,California
Santa Barbara, County,Santa Barbara County,7/5/2021,494,475463,320,274270,155,180582,19,20611,224,30708,269,231912,243,262620,California
Santa Barbara, County,Santa Barbara County,7/6/2021,567,476030,400,274670,127,180709,40,20651,203,30592,359,232271,243,262863,California
Santa Barbara, County,Santa Barbara County,7/7/2021,592,476622,418,275088,128,180837,46,20697,265,30580,325,232596,313,263176,California
Santa Barbara, County,Santa Barbara County,7/8/2021,994,477616,850,275938,110,180947,34,20731,431,30485,559,233155,464,263640,California
Santa Barbara, County,Santa Barbara County,7/9/2021,734,478350,505,276443,164,181111,65,20796,291,30407,433,233588,355,263995,California
Santa Barbara, County,Santa Barbara County,7/10/2021,423,478773,311,276754,87,181198,25,20821,160,30333,259,233847,185,264180,California
Santa Barbara, County,Santa Barbara County,7/11/2021,235,479008,177,276931,46,181244,12,20833,95,30301,138,233985,106,264286,California
Santa Barbara, County,Santa Barbara County,7/12/2021,510,479518,311,277242,174,181418,25,20858,209,30234,301,234286,234,264520,California
Santa Barbara, County,Santa Barbara County,7/13/2021,428,479946,294,277536,126,181544,8,20866,204,30227,219,234505,212,264732,California
Santa Barbara, County,Santa Barbara County,7/14/2021,530,480476,355,277891,163,181707,12,20878,217,30147,309,234814,229,264961,California
Santa Barbara, County,Santa Barbara County,7/15/2021,910,481386,764,278655,133,181840,13,20891,369,29992,536,235350,381,265342,California
Santa Barbara, County,Santa Barbara County,7/16/2021,775,482161,547,279202,195,182035,33,20924,364,29985,401,235751,394,265736,California
Santa Barbara, County,Santa Barbara County,7/17/2021,417,482578,296,279498,118,182153,3,20927,224,30023,189,235940,227,265963,California
Santa Barbara, County,Santa Barbara County,7/18/2021,369,482947,280,279778,60,182213,29,20956,200,30086,166,236106,229,266192,California
Santa Barbara, County,Santa Barbara County,7/19/2021,685,483632,341,280119,208,182421,136,21092,280,30098,404,236510,416,266608,California
Santa Barbara, County,Santa Barbara County,7/20/2021,665,484297,438,280557,182,182603,45,21137,348,30178,313,236823,393,267001,California
Santa Barbara, County,Santa Barbara County,7/21/2021,710,485007,551,281108,144,182747,15,21152,394,30277,309,237132,408,267409,California
Santa Barbara, County,Santa Barbara County,7/22/2021,965,485972,763,281871,160,182907,42,21194,473,30309,482,237614,514,267923,California
Santa Barbara, County,Santa Barbara County,7/23/2021,943,486915,571,282442,251,183158,121,21315,474,30443,461,238075,595,268518,California
Santa Barbara, County,Santa Barbara County,7/24/2021,501,487416,371,282813,111,183269,19,21334,289,30544,206,238281,307,268825,California
Santa Barbara, County,Santa Barbara County,7/25/2021,284,487700,200,283013,78,183347,6,21340,197,30665,82,238363,203,269028,California
Santa Barbara, County,Santa Barbara County,7/26/2021,678,488378,439,283452,217,183564,22,21362,415,30841,260,238623,436,269464,California
Santa Barbara, County,Santa Barbara County,7/27/2021,728,489106,442,283894,216,183780,70,21432,424,31033,301,238924,493,269957,California
Santa Barbara, County,Santa Barbara County,7/28/2021,813,489919,611,284505,173,183953,29,21461,514,31287,289,239213,543,270500,California
Santa Barbara, County,Santa Barbara County,7/29/2021,995,490914,813,285318,151,184104,31,21492,560,31452,426,239639,591,271091,California
Santa Barbara, County,Santa Barbara County,7/30/2021,892,491806,573,285891,271,184375,48,21540,505,31625,378,240017,551,271642,California
Santa Barbara, County,Santa Barbara County,7/31/2021,453,492259,329,286220,115,184490,9,21549,295,31775,154,240171,304,271946,California
Santa Barbara, County,Santa Barbara County,8/1/2021,477,492736,381,286601,94,184584,2,21551,367,32036,108,240279,369,272315,California
Santa Barbara, County,Santa Barbara County,8/2/2021,731,493467,474,287075,241,184825,16,21567,481,32288,245,240524,497,272812,California
Santa Barbara, County,Santa Barbara County,8/3/2021,663,494130,449,287524,194,185019,20,21587,431,32515,224,240748,451,273263,California
Santa Barbara, County,Santa Barbara County,8/4/2021,799,494929,571,288095,205,185224,23,21610,531,32807,261,241009,553,273816,California
Santa Barbara, County,Santa Barbara County,8/5/2021,791,495720,583,288678,156,185380,52,21662,490,33059,289,241298,541,274357,California
Santa Barbara, County,Santa Barbara County,8/6/2021,1056,496776,781,289459,219,185599,56,21718,695,33466,344,241642,751,275108,California
Santa Barbara, County,Santa Barbara County,8/7/2021,571,497347,428,289887,135,185734,8,21726,383,33672,185,241827,391,275499,California
Santa Barbara, County,Santa Barbara County,8/8/2021,486,497833,395,290282,80,185814,11,21737,308,33816,174,242001,318,275817,California
Santa Barbara, County,Santa Barbara County,8/9/2021,665,498498,448,290730,186,186000,31,21768,419,34026,239,242240,449,276266,California
Santa Barbara, County,Santa Barbara County,8/10/2021,243,498741,180,290910,50,186050,13,21781,141,34079,101,242341,154,276420,California
Santa Clara, County,Santa Clara County,12/15/2020,67,67,67,67,0,0,0,0,67,67,0,0,67,67,California
Santa Clara, County,Santa Clara County,12/16/2020,157,224,157,224,0,0,0,0,157,224,0,0,157,224,California
Santa Clara, County,Santa Clara County,12/17/2020,421,645,421,645,0,0,0,0,421,645,0,0,421,645,California
Santa Clara, County,Santa Clara County,12/18/2020,1768,2413,1767,2412,1,1,0,0,1768,2413,0,0,1768,2413,California
Santa Clara, County,Santa Clara County,12/19/2020,2114,4527,2114,4526,0,1,0,0,2113,4526,0,0,2113,4526,California
Santa Clara, County,Santa Clara County,12/20/2020,1922,6449,1921,6447,1,2,0,0,1919,6445,0,0,1919,6445,California
Santa Clara, County,Santa Clara County,12/21/2020,2685,9134,2684,9131,1,3,0,0,2682,9126,1,1,2682,9127,California
Santa Clara, County,Santa Clara County,12/22/2020,3168,12302,3159,12290,9,12,0,0,3164,12287,3,4,3164,12291,California
Santa Clara, County,Santa Clara County,12/23/2020,3305,15607,3107,15397,198,210,0,0,3303,15589,1,5,3303,15594,California
Santa Clara, County,Santa Clara County,12/24/2020,1913,17520,1716,17113,197,407,0,0,1907,17494,2,7,1907,17501,California
Santa Clara, County,Santa Clara County,12/25/2020,356,17876,355,17468,1,408,0,0,356,17850,0,7,356,17857,California
Santa Clara, County,Santa Clara County,12/26/2020,1280,19156,1041,18509,239,647,0,0,1279,19129,0,7,1279,19136,California
Santa Clara, County,Santa Clara County,12/27/2020,660,19816,517,19026,143,790,0,0,660,19789,0,7,660,19796,California
Santa Clara, County,Santa Clara County,12/28/2020,2384,22200,1756,20782,628,1418,0,0,2384,22173,0,7,2384,22180,California
Santa Clara, County,Santa Clara County,12/29/2020,2414,24614,1540,22322,874,2292,0,0,2414,24587,0,7,2414,24594,California
Santa Clara, County,Santa Clara County,12/30/2020,3032,27646,1917,24239,1115,3407,0,0,3029,27613,3,10,3029,27623,California
Santa Clara, County,Santa Clara County,12/31/2020,1245,28891,395,24634,850,4257,0,0,1244,28856,1,11,1244,28867,California
Santa Clara, County,Santa Clara County,1/1/2021,158,29049,20,24654,138,4395,0,0,156,29010,2,13,156,29023,California
Santa Clara, County,Santa Clara County,1/2/2021,1111,30160,830,25484,281,4676,0,0,1111,30121,0,13,1111,30134,California
Santa Clara, County,Santa Clara County,1/3/2021,595,30755,375,25859,220,4896,0,0,593,30713,1,14,593,30727,California
Santa Clara, County,Santa Clara County,1/4/2021,2498,33253,1685,27544,813,5709,0,0,2495,33208,0,14,2495,33222,California
Santa Clara, County,Santa Clara County,1/5/2021,3146,36399,2065,29609,1081,6790,0,0,2946,35961,199,213,2952,36174,California
Santa Clara, County,Santa Clara County,1/6/2021,3417,39816,2028,31637,1389,8179,0,0,2782,38116,630,843,2785,38959,California
Santa Clara, County,Santa Clara County,1/7/2021,4298,44114,2612,34249,1686,9865,0,0,3190,40216,1097,1940,3197,42156,California
Santa Clara, County,Santa Clara County,1/8/2021,5930,50044,3878,38127,2052,11917,0,0,3799,41894,2121,4061,3799,45955,California
Santa Clara, County,Santa Clara County,1/9/2021,3066,53110,1937,40064,1129,13046,0,0,1728,42290,1335,5396,1731,47686,California
Santa Clara, County,Santa Clara County,1/10/2021,1993,55103,1541,41605,452,13498,0,0,761,41821,1230,6626,761,48447,California
Santa Clara, County,Santa Clara County,1/11/2021,6121,61224,3890,45495,2231,15729,0,0,3447,42604,2672,9298,3455,51902,California
Santa Clara, County,Santa Clara County,1/12/2021,6949,68173,3524,49019,3425,19154,0,0,4596,44857,2345,11643,4598,56500,California
Santa Clara, County,Santa Clara County,1/13/2021,7569,75742,3184,52203,4385,23539,0,0,5280,47857,2281,13924,5281,61781,California
Santa Clara, County,Santa Clara County,1/14/2021,8411,84153,2911,55114,5500,29039,0,0,6570,52597,1832,15756,6572,68353,California
Santa Clara, County,Santa Clara County,1/15/2021,9600,93753,2745,57859,6855,35894,0,0,8225,59470,1357,17113,8230,76583,California
Santa Clara, County,Santa Clara County,1/16/2021,4366,98119,1260,59119,3106,39000,0,0,3520,62148,842,17955,3520,80103,California
Santa Clara, County,Santa Clara County,1/17/2021,3248,101367,609,59728,2639,41639,0,0,2745,64393,500,18455,2745,82848,California
Santa Clara, County,Santa Clara County,1/18/2021,5180,106547,1197,60925,3983,45622,0,0,4605,68424,575,19030,4606,87454,California
Santa Clara, County,Santa Clara County,1/19/2021,8610,115157,2728,63653,5882,51504,0,0,6877,73574,1730,20760,6880,94334,California
Santa Clara, County,Santa Clara County,1/20/2021,8519,123676,4482,68135,4037,55541,0,0,6926,78913,1588,22348,6927,101261,California
Santa Clara, County,Santa Clara County,1/21/2021,9007,132683,3977,72112,5030,60571,0,0,7715,85344,1286,23634,7717,108978,California
Santa Clara, County,Santa Clara County,1/22/2021,8820,141503,3325,75437,5495,66066,0,0,8222,92974,595,24229,8225,117203,California
Santa Clara, County,Santa Clara County,1/23/2021,3864,145367,1718,77155,2146,68212,0,0,2875,94863,988,25217,2877,120080,California
Santa Clara, County,Santa Clara County,1/24/2021,2886,148253,1442,78597,1444,69656,0,0,2383,96747,499,25716,2383,122463,California
Santa Clara, County,Santa Clara County,1/25/2021,8497,156750,3837,82434,4660,74316,0,0,6381,101021,2109,27825,6383,128846,California
Santa Clara, County,Santa Clara County,1/26/2021,8491,165241,3873,86307,4618,78934,0,0,6311,105167,2168,29993,6314,135160,California
Santa Clara, County,Santa Clara County,1/27/2021,8886,174127,3909,90216,4977,83911,0,0,6928,110158,1939,31932,6930,142090,California
Santa Clara, County,Santa Clara County,1/28/2021,9774,183901,3903,94119,5871,89782,0,0,7754,115919,1999,33931,7760,149850,California
Santa Clara, County,Santa Clara County,1/29/2021,9715,193616,3990,98109,5725,95507,0,0,7495,121206,2209,36140,7496,157346,California
Santa Clara, County,Santa Clara County,1/30/2021,4162,197778,2109,100218,2053,97560,0,0,2921,122896,1232,37372,2922,160268,California
Santa Clara, County,Santa Clara County,1/31/2021,2217,199995,1315,101533,902,98462,0,0,1610,123906,600,37972,1610,161878,California
Santa Clara, County,Santa Clara County,2/1/2021,7959,207954,3541,105074,4418,102880,0,0,6217,128398,1727,39699,6219,168097,California
Santa Clara, County,Santa Clara County,2/2/2021,8807,216761,2931,108005,5876,108756,0,0,6740,133086,2055,41754,6743,174840,California
Santa Clara, County,Santa Clara County,2/3/2021,9380,226141,3508,111513,5872,114628,0,0,7036,137790,2338,44092,7042,181882,California
Santa Clara, County,Santa Clara County,2/4/2021,11205,237346,4224,115737,6981,121609,0,0,8839,144279,2354,46446,8843,190725,California
Santa Clara, County,Santa Clara County,2/5/2021,12166,249512,4390,120127,7776,129385,0,0,8649,149432,3498,49944,8651,199376,California
Santa Clara, County,Santa Clara County,2/6/2021,5304,254816,2871,122998,2433,131818,0,0,4100,152336,1198,51142,4102,203478,California
Santa Clara, County,Santa Clara County,2/7/2021,3527,258343,2361,125359,1166,132984,0,0,3061,154936,462,51604,3062,206540,California
Santa Clara, County,Santa Clara County,2/8/2021,10327,268670,3585,128944,6742,139726,0,0,7498,159621,2815,54419,7500,214040,California
Santa Clara, County,Santa Clara County,2/9/2021,11402,280072,3883,132827,7519,147245,0,0,7825,163889,3561,57980,7829,221869,California
Santa Clara, County,Santa Clara County,2/10/2021,12937,293009,5026,137853,7911,155156,0,0,6734,164442,6184,64164,6737,228606,California
Santa Clara, County,Santa Clara County,2/11/2021,14022,307031,4883,142736,9139,164295,0,0,7890,166221,6113,70277,7892,236498,California
Santa Clara, County,Santa Clara County,2/12/2021,14918,321949,4590,147326,10328,174623,0,0,7124,165579,7768,78045,7126,243624,California
Santa Clara, County,Santa Clara County,2/13/2021,6232,328181,1517,148843,4715,179338,0,0,2268,163893,3956,82001,2270,245894,California
Santa Clara, County,Santa Clara County,2/14/2021,4695,332876,1178,150021,3517,182855,0,0,1508,162224,3183,85184,1514,247408,California
Santa Clara, County,Santa Clara County,2/15/2021,6418,339294,2847,152868,3571,186426,0,0,2780,161380,3627,88811,2783,250191,California
Santa Clara, County,Santa Clara County,2/16/2021,14147,353441,4124,156992,10023,196449,0,0,7089,161434,7037,95848,7091,257282,California
Santa Clara, County,Santa Clara County,2/17/2021,14388,367829,5623,162615,8765,205214,0,0,7178,161434,7184,103032,7184,264466,California
Santa Clara, County,Santa Clara County,2/18/2021,14634,382463,8626,171241,6008,211222,0,0,7440,161736,7142,110174,7444,271910,California
Santa Clara, County,Santa Clara County,2/19/2021,15228,397691,9770,181011,5458,216680,0,0,8871,164283,6331,116505,8878,280788,California
Santa Clara, County,Santa Clara County,2/20/2021,7151,404842,5372,186383,1779,218459,0,0,3849,164850,3284,119789,3851,284639,California
Santa Clara, County,Santa Clara County,2/21/2021,3485,408327,2569,188952,916,219375,0,0,1303,163993,2162,121951,1305,285944,California
Santa Clara, County,Santa Clara County,2/22/2021,11104,419431,6624,195576,4480,223855,0,0,5152,163233,5913,127864,5153,291097,California
Santa Clara, County,Santa Clara County,2/23/2021,13294,432725,8637,204213,4657,228512,0,0,7577,165129,5688,133552,7584,298681,California
Santa Clara, County,Santa Clara County,2/24/2021,15617,448342,10066,214279,5551,234063,0,0,9592,168730,5992,139544,9593,308274,California
Santa Clara, County,Santa Clara County,2/25/2021,16310,464652,10405,224684,5905,239968,0,0,8832,170139,7432,146976,8841,317115,California
Santa Clara, County,Santa Clara County,2/26/2021,15907,480559,9164,233848,6743,246711,0,0,8625,171543,7230,154206,8634,325749,California
Santa Clara, County,Santa Clara County,2/27/2021,8797,489356,6142,239990,2654,249365,1,1,4907,172605,3853,158059,4915,330664,California
Santa Clara, County,Santa Clara County,2/28/2021,5727,495083,3911,243901,1815,251180,1,2,2782,172477,2912,160971,2784,333448,California
Santa Clara, County,Santa Clara County,3/1/2021,15609,510692,8906,252807,6693,257873,10,12,9667,176249,5906,166877,9678,343126,California
Santa Clara, County,Santa Clara County,3/2/2021,18732,529424,10935,263742,7795,265668,2,14,11955,181460,6746,173623,11957,355083,California
Santa Clara, County,Santa Clara County,3/3/2021,20666,550090,10350,274092,10312,275980,4,18,12765,186376,7856,181479,12772,367855,California
Santa Clara, County,Santa Clara County,3/4/2021,20272,570362,11241,285333,9028,285008,3,21,11580,189372,8590,190069,11586,379441,California
Santa Clara, County,Santa Clara County,3/5/2021,18450,588812,10194,295527,8128,293136,128,149,9928,190949,8485,198554,10062,389503,California
Santa Clara, County,Santa Clara County,3/6/2021,9668,598480,6431,301958,2785,295921,452,601,7228,196206,2421,200975,7678,397181,California
Santa Clara, County,Santa Clara County,3/7/2021,7220,605700,4591,306549,2246,298167,383,984,5643,200662,1562,202537,6018,403199,California
Santa Clara, County,Santa Clara County,3/8/2021,13307,619007,6857,313406,5844,304011,606,1590,8441,204857,4846,207383,9041,412240,California
Santa Clara, County,Santa Clara County,3/9/2021,15610,634617,6679,320085,7576,311587,1355,2945,6914,204428,8671,216054,8242,420482,California
Santa Clara, County,Santa Clara County,3/10/2021,16312,650929,7314,327399,6826,318413,2172,5117,6559,203407,9702,225756,8681,429163,California
Santa Clara, County,Santa Clara County,3/11/2021,17502,668431,7931,335330,8055,326468,1516,6633,6088,199616,11367,237123,7576,436739,California
Santa Clara, County,Santa Clara County,3/12/2021,18181,686612,9280,344610,7319,333787,1582,8215,6025,195084,12102,249225,7570,444309,California
Santa Clara, County,Santa Clara County,3/13/2021,11056,697668,6370,350980,3090,336877,1596,9811,4853,195288,6174,255399,6378,450687,California
Santa Clara, County,Santa Clara County,3/14/2021,6612,704280,3434,354414,1871,338748,1307,11118,3210,196391,3383,258782,4486,455173,California
Santa Clara, County,Santa Clara County,3/15/2021,13044,717324,6644,361058,6112,344860,288,11406,5933,195540,7072,265854,6221,461394,California
Santa Clara, County,Santa Clara County,3/16/2021,18610,735934,10524,371582,7876,352736,210,11616,8577,194328,9993,275847,8781,470175,California
Santa Clara, County,Santa Clara County,3/17/2021,20538,756472,11622,383204,8744,361480,172,11788,10238,194496,10231,286078,10399,480574,California
Santa Clara, County,Santa Clara County,3/18/2021,19663,776135,9241,392445,9242,370722,1180,12968,8933,193927,10662,296740,10093,490667,California
Santa Clara, County,Santa Clara County,3/19/2021,19905,796040,10263,402708,8621,379343,1021,13989,9958,195039,9852,306592,10964,501631,California
Santa Clara, County,Santa Clara County,3/20/2021,11958,807998,6731,409439,4364,383707,863,14852,6664,197322,5233,311825,7516,509147,California
Santa Clara, County,Santa Clara County,3/21/2021,8502,816500,3909,413348,3184,386891,1409,16261,5424,201073,3057,314882,6808,515955,California
Santa Clara, County,Santa Clara County,3/22/2021,16873,833373,9431,422779,7082,393973,360,16621,9070,202737,7759,322641,9423,525378,California
Santa Clara, County,Santa Clara County,3/23/2021,19880,853253,12642,435421,6703,400676,535,17156,10581,204610,9236,331877,11109,536487,California
Santa Clara, County,Santa Clara County,3/24/2021,23198,876451,14905,450326,7874,408550,419,17575,14202,210278,8944,340821,14612,551099,California
Santa Clara, County,Santa Clara County,3/25/2021,23463,899914,13451,463777,9055,417605,957,18532,13991,215813,9389,350210,14924,566023,California
Santa Clara, County,Santa Clara County,3/26/2021,22511,922425,14265,478042,7846,425451,400,18932,13143,220024,9316,359526,13527,579550,California
Santa Clara, County,Santa Clara County,3/27/2021,16005,938430,10597,488639,4625,430076,783,19715,8299,221456,7642,367168,9074,588624,California
Santa Clara, County,Santa Clara County,3/28/2021,12427,950857,8658,497297,3054,433130,715,20430,6554,222874,5842,373010,7260,595884,California
Santa Clara, County,Santa Clara County,3/29/2021,21203,972060,13026,510323,7444,440574,733,21163,11127,224703,10017,383027,11846,607730,California
Santa Clara, County,Santa Clara County,3/30/2021,26221,998281,15558,525881,8703,449277,1960,23123,16068,232611,10095,393122,18003,625733,California
Santa Clara, County,Santa Clara County,3/31/2021,20915,1019196,12107,537988,7665,456942,1143,24266,12632,238149,8219,401341,13757,639490,California
Santa Clara, County,Santa Clara County,4/1/2021,32388,1051584,20084,558072,9157,466099,3147,27413,19962,248828,12330,413671,23009,662499,California
Santa Clara, County,Santa Clara County,4/2/2021,25776,1077360,14636,572708,8945,475044,2195,29608,16418,258094,9298,422969,18564,681063,California
Santa Clara, County,Santa Clara County,4/3/2021,15528,1092888,9434,582142,3580,478624,2514,32122,8628,262322,6867,429836,11095,692158,California
Santa Clara, County,Santa Clara County,4/4/2021,7773,1100661,4112,586254,2478,481102,1183,33305,4018,263754,3741,433577,5173,697331,California
Santa Clara, County,Santa Clara County,4/5/2021,22365,1123026,14841,601095,4982,486084,2542,35847,14541,273017,7780,441357,17043,714374,California
Santa Clara, County,Santa Clara County,4/6/2021,30022,1153048,16584,617679,7892,493976,5546,41393,18019,284553,11935,453292,23471,737845,California
Santa Clara, County,Santa Clara County,4/7/2021,31439,1184487,16200,633879,8651,502627,6588,47981,19144,297967,12216,465508,25630,763475,California
Santa Clara, County,Santa Clara County,4/8/2021,30477,1214964,16656,650535,6098,508725,7723,55704,16598,308392,13787,479295,24212,787687,California
Santa Clara, County,Santa Clara County,4/9/2021,28583,1243547,14137,664672,7064,515789,7382,63086,14587,316349,13907,493202,21864,809551,California
Santa Clara, County,Santa Clara County,4/10/2021,21801,1265348,12590,677262,3790,519579,5421,68507,11637,323214,10111,503313,16976,826527,California
Santa Clara, County,Santa Clara County,4/11/2021,16219,1281567,9740,687002,2703,522282,3776,72283,8401,327562,7774,511087,12122,838649,California
Santa Clara, County,Santa Clara County,4/12/2021,27498,1309065,19274,706276,5658,527940,2566,74849,18611,339900,8814,519901,21152,859801,California
Santa Clara, County,Santa Clara County,4/13/2021,34987,1344052,27443,733719,7516,535456,28,74877,26842,358742,8053,527954,26895,886696,California
Santa Clara, County,Santa Clara County,4/14/2021,37910,1381962,28755,762474,9151,544607,4,74881,26833,374624,10996,538950,26878,913574,California
Santa Clara, County,Santa Clara County,4/15/2021,45060,1427022,34806,797280,10245,554852,9,74890,34500,398729,10430,549380,34535,948109,California
Santa Clara, County,Santa Clara County,4/16/2021,39329,1466351,26812,824092,12513,567365,4,74894,27979,415491,11250,560630,28012,976121,California
Santa Clara, County,Santa Clara County,4/17/2021,22362,1488713,15246,839338,7114,574479,2,74896,15334,423893,6954,567584,15356,991477,California
Santa Clara, County,Santa Clara County,4/18/2021,17083,1505796,11222,850560,5861,580340,0,74896,10515,427896,6525,574109,10528,1002005,California
Santa Clara, County,Santa Clara County,4/19/2021,29472,1535268,21253,871813,8217,588557,2,74898,17459,433469,11923,586032,17496,1019501,California
Santa Clara, County,Santa Clara County,4/20/2021,38617,1573885,23713,895526,14902,603459,2,74900,23344,441726,15130,601162,23387,1042888,California
Santa Clara, County,Santa Clara County,4/21/2021,38848,1612733,22897,918423,15947,619406,4,74904,25386,453839,13322,614484,25435,1068323,California
Santa Clara, County,Santa Clara County,4/22/2021,38677,1651410,25863,944286,12811,632217,3,74907,18134,451637,20416,634900,18214,1086537,California
Santa Clara, County,Santa Clara County,4/23/2021,33539,1684949,20558,964844,12980,645197,1,74908,15621,449529,17792,652692,15684,1102221,California
Santa Clara, County,Santa Clara County,4/24/2021,21739,1706688,15828,980672,5910,651107,1,74909,12313,452551,9324,662016,12346,1114567,California
Santa Clara, County,Santa Clara County,4/25/2021,13871,1720559,10028,990700,3836,654943,7,74916,8813,456389,5008,667024,8846,1123413,California
Santa Clara, County,Santa Clara County,4/26/2021,26030,1746589,20095,1010795,5873,660816,62,74978,10817,452210,15087,682111,10908,1134321,California
Santa Clara, County,Santa Clara County,4/27/2021,28426,1775015,20271,1031066,7767,668583,388,75366,12372,449081,15945,698056,12816,1147137,California
Santa Clara, County,Santa Clara County,4/28/2021,27094,1802109,20118,1051184,6521,675104,455,75821,11476,445579,15503,713559,12001,1159138,California
Santa Clara, County,Santa Clara County,4/29/2021,24999,1827108,18344,1069528,6244,681348,411,76232,9378,439931,15525,729084,9877,1169015,California
Santa Clara, County,Santa Clara County,4/30/2021,24254,1851362,16708,1086236,7167,688515,379,76611,10334,436928,13809,742893,10806,1179821,California
Santa Clara, County,Santa Clara County,5/1/2021,17908,1869270,14824,1101060,2813,691328,271,76882,5623,430659,12209,755102,5940,1185761,California
Santa Clara, County,Santa Clara County,5/2/2021,11532,1880802,9573,1110633,1721,693049,238,77120,3553,426542,7924,763026,3807,1189568,California
Santa Clara, County,Santa Clara County,5/3/2021,23522,1904324,19924,1130557,3155,696204,443,77563,5258,414120,18169,781195,5747,1195315,California
Santa Clara, County,Santa Clara County,5/4/2021,31615,1935939,24756,1155313,6305,702509,554,78117,5596,394435,25890,807085,6205,1201520,California
Santa Clara, County,Santa Clara County,5/5/2021,33236,1969175,25278,1180591,7404,709913,554,78671,5241,372396,27862,834947,5823,1207343,California
Santa Clara, County,Santa Clara County,5/6/2021,36459,2005634,30434,1211025,5545,715458,480,79151,4770,346131,31539,866486,5274,1212617,California
Santa Clara, County,Santa Clara County,5/7/2021,33430,2039064,26873,1237898,6060,721518,497,79648,4731,322877,28531,895017,5277,1217894,California
Santa Clara, County,Santa Clara County,5/8/2021,17681,2056745,14517,1252415,2726,724244,438,80086,3740,313246,13829,908846,4198,1222092,California
Santa Clara, County,Santa Clara County,5/9/2021,10863,2067608,9481,1261896,1195,725439,187,80273,2380,307388,8439,917285,2581,1224673,California
Santa Clara, County,Santa Clara County,5/10/2021,21588,2089196,17347,1279243,3828,729267,413,80686,2645,291627,18839,936124,3078,1227751,California
Santa Clara, County,Santa Clara County,5/11/2021,23391,2112587,17715,1296958,5222,734489,454,81140,4057,276921,19222,955346,4516,1232267,California
Santa Clara, County,Santa Clara County,5/12/2021,21928,2134515,16126,1313084,5262,739751,540,81680,4241,264135,17571,972917,4785,1237052,California
Santa Clara, County,Santa Clara County,5/13/2021,28763,2163278,23315,1336399,5138,744889,310,81990,11372,258541,17286,990203,11692,1248744,California
Santa Clara, County,Santa Clara County,5/14/2021,28399,2191677,19818,1356217,8191,753080,390,82380,9711,250093,18565,1008768,10117,1258861,California
Santa Clara, County,Santa Clara County,5/15/2021,21353,2213030,17114,1373331,3955,757035,284,82664,8184,245496,13074,1021842,8477,1267338,California
Santa Clara, County,Santa Clara County,5/16/2021,16641,2229671,13599,1386930,2862,759897,180,82844,5403,239932,11149,1032991,5585,1272923,California
Santa Clara, County,Santa Clara County,5/17/2021,20744,2250415,16300,1403230,4078,763975,366,83210,6890,233433,13758,1046749,7259,1280182,California
Santa Clara, County,Santa Clara County,5/18/2021,26614,2277029,16963,1420193,9231,773206,420,83630,7186,221775,19267,1066016,7609,1287791,California
Santa Clara, County,Santa Clara County,5/19/2021,24977,2302006,14559,1434752,9993,783199,425,84055,7297,211954,17551,1083567,7730,1295521,California
Santa Clara, County,Santa Clara County,5/20/2021,18980,2320986,12508,1447260,6016,789215,456,84511,6200,205935,12672,1096239,6653,1302174,California
Santa Clara, County,Santa Clara County,5/21/2021,22699,2343685,15047,1462307,7136,796351,516,85027,7405,198703,15167,1111406,7935,1310109,California
Santa Clara, County,Santa Clara County,5/22/2021,13133,2356818,9933,1472240,2843,799194,357,85384,5688,197386,7367,1118773,6050,1316159,California
Santa Clara, County,Santa Clara County,5/23/2021,8463,2365281,6302,1478542,1959,801153,202,85586,3358,195889,5061,1123834,3564,1319723,California
Santa Clara, County,Santa Clara County,5/24/2021,11069,2376350,7984,1486526,2621,803774,464,86050,3765,192891,7228,1131062,4230,1323953,California
Santa Clara, County,Santa Clara County,5/25/2021,11628,2387978,8034,1494560,3173,806947,421,86471,4399,190565,7145,1138207,4819,1328772,California
Santa Clara, County,Santa Clara County,5/26/2021,10587,2398565,6840,1501400,3406,810353,341,86812,3966,188371,6494,1144701,4300,1333072,California
Santa Clara, County,Santa Clara County,5/27/2021,9485,2408050,6066,1507466,2967,813320,452,87264,3519,186446,5888,1150589,3963,1337035,California
Santa Clara, County,Santa Clara County,5/28/2021,11054,2419104,7139,1514605,3467,816787,448,87712,4471,184863,6504,1157093,4921,1341956,California
Santa Clara, County,Santa Clara County,5/29/2021,6421,2425525,4356,1518961,1783,818570,282,87994,2721,184216,3646,1160739,2999,1344955,California
Santa Clara, County,Santa Clara County,5/30/2021,3958,2429483,2986,1521947,759,819329,213,88207,1850,184210,2069,1162808,2063,1347018,California
Santa Clara, County,Santa Clara County,5/31/2021,1112,2430595,633,1522580,370,819699,109,88316,439,184099,659,1163467,548,1347566,California
Santa Clara, County,Santa Clara County,6/1/2021,9178,2439773,6431,1529011,2364,822063,383,88699,2995,181373,6101,1169568,3375,1350941,California
Santa Clara, County,Santa Clara County,6/2/2021,7787,2447560,5575,1534586,1853,823916,359,89058,2909,179815,4817,1174385,3259,1354200,California
Santa Clara, County,Santa Clara County,6/3/2021,12336,2459896,10220,1544806,1770,825686,346,89404,2607,173117,9655,1184040,2957,1357157,California
Santa Clara, County,Santa Clara County,6/4/2021,13779,2473675,11526,1556332,1934,827620,319,89723,3283,166309,10405,1194445,3597,1360754,California
Santa Clara, County,Santa Clara County,6/5/2021,10598,2484273,9093,1565425,1246,828866,259,89982,2177,160380,8363,1202808,2434,1363188,California
Santa Clara, County,Santa Clara County,6/6/2021,6989,2491262,6226,1571651,606,829472,157,90139,1321,156246,5610,1208418,1476,1364664,California
Santa Clara, County,Santa Clara County,6/7/2021,10049,2501311,8467,1580118,1334,830806,248,90387,2304,151099,7697,1216115,2550,1367214,California
Santa Clara, County,Santa Clara County,6/8/2021,9300,2510611,7588,1587706,1438,832244,274,90661,2470,147083,6758,1222873,2742,1369956,California
Santa Clara, County,Santa Clara County,6/9/2021,9653,2520264,8037,1595743,1361,833605,255,90916,2283,142315,7299,1230172,2531,1372487,California
Santa Clara, County,Santa Clara County,6/10/2021,8446,2528710,6997,1602740,1117,834722,332,91248,2181,138622,6202,1236374,2509,1374996,California
Santa Clara, County,Santa Clara County,6/11/2021,10328,2539038,8757,1611497,1289,836011,282,91530,2505,133645,7764,1244138,2787,1377783,California
Santa Clara, County,Santa Clara County,6/12/2021,7254,2546292,6029,1617526,1055,837066,170,91700,1674,129963,5527,1249665,1845,1379628,California
Santa Clara, County,Santa Clara County,6/13/2021,3747,2550039,3022,1620548,609,837675,116,91816,859,128076,2862,1252527,975,1380603,California
Santa Clara, County,Santa Clara County,6/14/2021,6048,2556087,4879,1625427,929,838604,240,92056,1949,126206,4057,1256584,2187,1382790,California
Santa Clara, County,Santa Clara County,6/15/2021,7463,2563550,6041,1631468,1116,839720,306,92362,2083,123282,5315,1261899,2391,1385181,California
Santa Clara, County,Santa Clara County,6/16/2021,6451,2570001,5217,1636685,922,840642,312,92674,2092,121387,4298,1266197,2403,1387584,California
Santa Clara, County,Santa Clara County,6/17/2021,5405,2575406,4377,1641062,783,841425,245,92919,1846,119988,3486,1269683,2087,1389671,California
Santa Clara, County,Santa Clara County,6/18/2021,5528,2580934,4462,1645524,893,842318,173,93092,1828,118377,3613,1273296,2002,1391673,California
Santa Clara, County,Santa Clara County,6/19/2021,4580,2585514,3663,1649187,713,843031,204,93296,1295,116640,3235,1276531,1498,1393171,California
Santa Clara, County,Santa Clara County,6/20/2021,2173,2587687,1786,1650973,323,843354,64,93360,677,115908,1473,1278004,741,1393912,California
Santa Clara, County,Santa Clara County,6/21/2021,3744,2591431,2813,1653786,699,844053,232,93592,1812,116060,1889,1279893,2041,1395953,California
Santa Clara, County,Santa Clara County,6/22/2021,5145,2596576,4100,1657886,815,844868,230,93822,1718,114624,3380,1283273,1944,1397897,California
Santa Clara, County,Santa Clara County,6/23/2021,4513,2601089,3540,1661426,769,845637,204,94026,1606,113570,2863,1286136,1809,1399706,California
Santa Clara, County,Santa Clara County,6/24/2021,4398,2605487,3403,1664829,792,846429,203,94229,1620,112672,2721,1288857,1823,1401529,California
Santa Clara, County,Santa Clara County,6/25/2021,5573,2611060,4543,1669372,814,847243,216,94445,1903,111178,3608,1292465,2114,1403643,California
Santa Clara, County,Santa Clara County,6/26/2021,3694,2614754,2939,1672311,613,847856,142,94587,1331,110327,2321,1294786,1470,1405113,California
Santa Clara, County,Santa Clara County,6/27/2021,1990,2616744,1551,1673862,352,848208,87,94674,678,109796,1295,1296081,764,1405877,California
Santa Clara, County,Santa Clara County,6/28/2021,4097,2620841,3455,1677317,411,848619,231,94905,1557,109077,2503,1298584,1784,1407661,California
Santa Clara, County,Santa Clara County,6/29/2021,4199,2625040,3265,1680582,751,849370,183,95088,1599,108304,2555,1301139,1782,1409443,California
Santa Clara, County,Santa Clara County,6/30/2021,3755,2628795,2944,1683526,636,850006,175,95263,1433,107621,2292,1303431,1609,1411052,California
Santa Clara, County,Santa Clara County,7/1/2021,3566,2632361,2824,1686350,549,850555,193,95456,1337,106948,2200,1305631,1527,1412579,California
Santa Clara, County,Santa Clara County,7/2/2021,4152,2636513,3355,1689705,633,851188,164,95620,1582,106167,2528,1308159,1747,1414326,California
Santa Clara, County,Santa Clara County,7/3/2021,2445,2638958,1907,1691612,427,851615,111,95731,1006,105874,1409,1309568,1116,1415442,California
Santa Clara, County,Santa Clara County,7/4/2021,139,2639097,101,1691713,24,851639,14,95745,68,105888,68,1309636,82,1415524,California
Santa Clara, County,Santa Clara County,7/5/2021,2392,2641489,1968,1693681,298,851937,126,95871,955,105563,1405,1311041,1080,1416604,California
Santa Clara, County,Santa Clara County,7/6/2021,4238,2645727,3288,1696969,790,852727,160,96031,1422,104368,2774,1313815,1579,1418183,California
Santa Clara, County,Santa Clara County,7/7/2021,3732,2649459,2907,1699876,656,853383,169,96200,1301,103440,2396,1316211,1468,1419651,California
Santa Clara, County,Santa Clara County,7/8/2021,3073,2652532,2366,1702242,559,853942,148,96348,1176,102896,1862,1318073,1318,1420969,California
Santa Clara, County,Santa Clara County,7/9/2021,3395,2655927,2665,1704907,614,854556,116,96464,1381,102405,1982,1320055,1491,1422460,California
Santa Clara, County,Santa Clara County,7/10/2021,2552,2658479,1940,1706847,468,855024,144,96608,962,101948,1564,1321619,1107,1423567,California
Santa Clara, County,Santa Clara County,7/11/2021,1290,2659769,991,1707838,270,855294,29,96637,534,101763,748,1322367,563,1424130,California
Santa Clara, County,Santa Clara County,7/12/2021,3297,2663066,2580,1710418,548,855842,169,96806,1224,101121,2039,1324406,1397,1425527,California
Santa Clara, County,Santa Clara County,7/13/2021,2975,2666041,2318,1712736,518,856360,139,96945,1162,100641,1781,1326187,1301,1426828,California
Santa Clara, County,Santa Clara County,7/14/2021,2766,2668807,2211,1714947,428,856788,127,97072,1096,100227,1645,1327832,1231,1428059,California
Santa Clara, County,Santa Clara County,7/15/2021,2739,2671546,2198,1717145,423,857211,118,97190,1175,99995,1532,1329364,1300,1429359,California
Santa Clara, County,Santa Clara County,7/16/2021,3284,2674830,2606,1719751,560,857771,118,97308,1422,99702,1835,1331199,1542,1430901,California
Santa Clara, County,Santa Clara County,7/17/2021,2555,2677385,2032,1721783,404,858175,119,97427,1034,99380,1478,1332677,1156,1432057,California
Santa Clara, County,Santa Clara County,7/18/2021,1208,2678593,946,1722729,214,858389,48,97475,501,99246,683,1333360,549,1432606,California
Santa Clara, County,Santa Clara County,7/19/2021,2931,2681524,2297,1725026,498,858887,136,97611,1271,99025,1630,1334990,1409,1434015,California
Santa Clara, County,Santa Clara County,7/20/2021,3139,2684663,2464,1727490,537,859424,138,97749,1414,98887,1697,1336687,1559,1435574,California
Santa Clara, County,Santa Clara County,7/21/2021,2981,2687644,2373,1729863,499,859923,109,97858,1378,98803,1575,1338262,1491,1437065,California
Santa Clara, County,Santa Clara County,7/22/2021,2720,2690364,2099,1731962,517,860440,104,97962,1307,98833,1385,1339647,1415,1438480,California
Santa Clara, County,Santa Clara County,7/23/2021,3346,2693710,2602,1734564,648,861088,96,98058,1668,98978,1621,1341268,1766,1440246,California
Santa Clara, County,Santa Clara County,7/24/2021,2308,2696018,1782,1736346,428,861516,98,98156,1068,98951,1193,1342461,1166,1441412,California
Santa Clara, County,Santa Clara County,7/25/2021,1074,2697092,869,1737215,175,861691,30,98186,700,99320,361,1342822,730,1442142,California
Santa Clara, County,Santa Clara County,7/26/2021,2625,2699717,2119,1739334,390,862081,116,98302,1475,99789,1117,1343939,1586,1443728,California
Santa Clara, County,Santa Clara County,7/27/2021,3261,2702978,2471,1741805,639,862720,151,98453,1619,99961,1596,1345535,1768,1445496,California
Santa Clara, County,Santa Clara County,7/28/2021,2844,2705822,2168,1743973,554,863274,122,98575,1481,100234,1332,1346867,1605,1447101,California
Santa Clara, County,Santa Clara County,7/29/2021,2723,2708545,2120,1746093,459,863733,144,98719,1461,100619,1221,1348088,1606,1448707,California
Santa Clara, County,Santa Clara County,7/30/2021,3264,2711809,2548,1748641,569,864302,147,98866,1696,100958,1503,1349591,1842,1450549,California
Santa Clara, County,Santa Clara County,7/31/2021,2472,2714281,1880,1750521,497,864799,95,98961,1300,101229,1122,1350713,1393,1451942,California
Santa Clara, County,Santa Clara County,8/1/2021,1126,2715407,960,1751481,129,864928,37,98998,629,101414,481,1351194,666,1452608,California
Santa Clara, County,Santa Clara County,8/2/2021,2980,2718387,2472,1753953,379,865307,129,99127,1653,101915,1280,1352474,1781,1454389,California
Santa Clara, County,Santa Clara County,8/3/2021,3393,2721780,2617,1756570,585,865892,191,99318,1908,102581,1430,1353904,2096,1456485,California
Santa Clara, County,Santa Clara County,8/4/2021,3030,2724810,2353,1758923,533,866425,144,99462,1670,103073,1322,1355226,1814,1458299,California
Santa Clara, County,Santa Clara County,8/5/2021,2959,2727769,2304,1761227,474,866899,181,99643,1646,103630,1267,1356493,1824,1460123,California
Santa Clara, County,Santa Clara County,8/6/2021,3617,2731386,2829,1764056,624,867523,164,99807,2037,104295,1536,1358029,2201,1462324,California
Santa Clara, County,Santa Clara County,8/7/2021,2358,2733744,1878,1765934,388,867911,92,99899,1300,104660,1027,1359056,1392,1463716,California
Santa Clara, County,Santa Clara County,8/8/2021,1085,2734829,831,1766765,192,868103,62,99961,618,104896,444,1359500,680,1464396,California
Santa Clara, County,Santa Clara County,8/9/2021,2347,2737176,1845,1768610,356,868459,146,100107,1361,105449,951,1360451,1504,1465900,California
Santa Clara, County,Santa Clara County,8/10/2021,2100,2739276,1576,1770186,372,868831,152,100259,1042,105607,1036,1361487,1194,1467094,California
Santa Cruz, County,Santa Cruz County,12/15/2020,2,2,2,2,0,0,0,0,2,2,0,0,2,2,California
Santa Cruz, County,Santa Cruz County,12/16/2020,55,57,55,57,0,0,0,0,55,57,0,0,55,57,California
Santa Cruz, County,Santa Cruz County,12/17/2020,381,438,381,438,0,0,0,0,381,438,0,0,381,438,California
Santa Cruz, County,Santa Cruz County,12/18/2020,445,883,445,883,0,0,0,0,445,883,0,0,445,883,California
Santa Cruz, County,Santa Cruz County,12/19/2020,171,1054,170,1053,1,1,0,0,171,1054,0,0,171,1054,California
Santa Cruz, County,Santa Cruz County,12/20/2020,87,1141,87,1140,0,1,0,0,87,1141,0,0,87,1141,California
Santa Cruz, County,Santa Cruz County,12/21/2020,432,1573,431,1571,1,2,0,0,432,1573,0,0,432,1573,California
Santa Cruz, County,Santa Cruz County,12/22/2020,404,1977,403,1974,1,3,0,0,404,1977,0,0,404,1977,California
Santa Cruz, County,Santa Cruz County,12/23/2020,351,2328,313,2287,38,41,0,0,351,2328,0,0,351,2328,California
Santa Cruz, County,Santa Cruz County,12/24/2020,115,2443,42,2329,73,114,0,0,115,2443,0,0,115,2443,California
Santa Cruz, County,Santa Cruz County,12/25/2020,8,2451,8,2337,0,114,0,0,8,2451,0,0,8,2451,California
Santa Cruz, County,Santa Cruz County,12/26/2020,59,2510,42,2379,17,131,0,0,59,2510,0,0,59,2510,California
Santa Cruz, County,Santa Cruz County,12/27/2020,31,2541,26,2405,5,136,0,0,31,2541,0,0,31,2541,California
Santa Cruz, County,Santa Cruz County,12/28/2020,461,3002,102,2507,359,495,0,0,461,3002,0,0,461,3002,California
Santa Cruz, County,Santa Cruz County,12/29/2020,769,3771,358,2865,411,906,0,0,769,3771,0,0,769,3771,California
Santa Cruz, County,Santa Cruz County,12/30/2020,332,4103,157,3022,175,1081,0,0,332,4103,0,0,332,4103,California
Santa Cruz, County,Santa Cruz County,12/31/2020,306,4409,9,3031,297,1378,0,0,306,4409,0,0,306,4409,California
Santa Cruz, County,Santa Cruz County,1/1/2021,33,4442,1,3032,32,1410,0,0,33,4442,0,0,33,4442,California
Santa Cruz, County,Santa Cruz County,1/2/2021,63,4505,50,3082,13,1423,0,0,63,4505,0,0,63,4505,California
Santa Cruz, County,Santa Cruz County,1/3/2021,14,4519,6,3088,8,1431,0,0,14,4519,0,0,14,4519,California
Santa Cruz, County,Santa Cruz County,1/4/2021,274,4793,121,3209,153,1584,0,0,272,4791,0,0,272,4791,California
Santa Cruz, County,Santa Cruz County,1/5/2021,548,5341,422,3631,126,1710,0,0,250,4743,298,298,250,5041,California
Santa Cruz, County,Santa Cruz County,1/6/2021,777,6118,649,4280,128,1838,0,0,448,4863,328,626,448,5489,California
Santa Cruz, County,Santa Cruz County,1/7/2021,511,6629,195,4475,316,2154,0,0,365,5083,146,772,366,5855,California
Santa Cruz, County,Santa Cruz County,1/8/2021,894,7523,540,5015,354,2508,0,0,466,5122,428,1200,467,6322,California
Santa Cruz, County,Santa Cruz County,1/9/2021,445,7968,115,5130,330,2838,0,0,395,5467,50,1250,395,6717,California
Santa Cruz, County,Santa Cruz County,1/10/2021,68,8036,60,5190,8,2846,0,0,18,5435,50,1300,18,6735,California
Santa Cruz, County,Santa Cruz County,1/11/2021,703,8739,580,5770,123,2969,0,0,177,5087,526,1826,178,6913,California
Santa Cruz, County,Santa Cruz County,1/12/2021,708,9447,520,6290,188,3157,0,0,471,5321,237,2063,471,7384,California
Santa Cruz, County,Santa Cruz County,1/13/2021,486,9933,228,6518,258,3415,0,0,400,5638,83,2146,400,7784,California
Santa Cruz, County,Santa Cruz County,1/14/2021,505,10438,98,6616,407,3822,0,0,445,6024,59,2205,445,8229,California
Santa Cruz, County,Santa Cruz County,1/15/2021,1405,11843,73,6689,1332,5154,0,0,1342,7306,62,2267,1344,9573,California
Santa Cruz, County,Santa Cruz County,1/16/2021,399,12242,43,6732,356,5510,0,0,385,7677,14,2281,385,9958,California
Santa Cruz, County,Santa Cruz County,1/17/2021,288,12530,41,6773,247,5757,0,0,262,7913,26,2307,262,10220,California
Santa Cruz, County,Santa Cruz County,1/18/2021,965,13495,91,6864,874,6631,0,0,908,8764,57,2364,908,11128,California
Santa Cruz, County,Santa Cruz County,1/19/2021,1574,15069,505,7369,1069,7700,0,0,1236,9665,336,2700,1237,12365,California
Santa Cruz, County,Santa Cruz County,1/20/2021,1220,16289,169,7538,1051,8751,0,0,1029,10506,188,2888,1029,13394,California
Santa Cruz, County,Santa Cruz County,1/21/2021,1654,17943,213,7751,1441,10192,0,0,1553,11960,101,2989,1555,14949,California
Santa Cruz, County,Santa Cruz County,1/22/2021,1723,19666,504,8255,1219,11411,0,0,1621,13483,99,3088,1622,16571,California
Santa Cruz, County,Santa Cruz County,1/23/2021,382,20048,136,8391,246,11657,0,0,328,13757,54,3142,328,16899,California
Santa Cruz, County,Santa Cruz County,1/24/2021,100,20148,15,8406,85,11742,0,0,84,13825,16,3158,84,16983,California
Santa Cruz, County,Santa Cruz County,1/25/2021,1005,21153,352,8758,653,12395,0,0,516,13852,489,3647,516,17499,California
Santa Cruz, County,Santa Cruz County,1/26/2021,1615,22768,243,9001,1372,13767,0,0,1123,14483,492,4139,1123,18622,California
Santa Cruz, County,Santa Cruz County,1/27/2021,1592,24360,427,9428,1165,14932,0,0,1217,15328,373,4512,1218,19840,California
Santa Cruz, County,Santa Cruz County,1/28/2021,1688,26048,277,9705,1411,16343,0,0,1416,16473,272,4784,1417,21257,California
Santa Cruz, County,Santa Cruz County,1/29/2021,1695,27743,479,10184,1216,17559,0,0,1571,17922,122,4906,1571,22828,California
Santa Cruz, County,Santa Cruz County,1/30/2021,1045,28788,305,10489,740,18299,0,0,912,18701,133,5039,912,23740,California
Santa Cruz, County,Santa Cruz County,1/31/2021,216,29004,109,10598,107,18406,0,0,203,18891,13,5052,203,23943,California
Santa Cruz, County,Santa Cruz County,2/1/2021,1183,30187,729,11327,454,18860,0,0,782,19272,401,5453,782,24725,California
Santa Cruz, County,Santa Cruz County,2/2/2021,936,31123,115,11442,821,19681,0,0,790,19917,145,5598,790,25515,California
Santa Cruz, County,Santa Cruz County,2/3/2021,2127,33250,891,12333,1236,20917,0,0,1822,21438,301,5899,1822,27337,California
Santa Cruz, County,Santa Cruz County,2/4/2021,1752,35002,712,13045,1040,21957,0,0,1416,22520,334,6233,1416,28753,California
Santa Cruz, County,Santa Cruz County,2/5/2021,3032,38034,720,13765,2312,24269,0,0,2733,24955,298,6531,2733,31486,California
Santa Cruz, County,Santa Cruz County,2/6/2021,2492,40526,134,13899,2358,26627,0,0,2158,26779,334,6865,2158,33644,California
Santa Cruz, County,Santa Cruz County,2/7/2021,882,41408,118,14017,764,27391,0,0,864,27625,18,6883,864,34508,California
Santa Cruz, County,Santa Cruz County,2/8/2021,650,42058,180,14197,470,27861,0,0,467,27912,180,7063,467,34975,California
Santa Cruz, County,Santa Cruz County,2/9/2021,2272,44330,1022,15219,1250,29111,0,0,2023,29686,249,7312,2023,36998,California
Santa Cruz, County,Santa Cruz County,2/10/2021,2074,46404,536,15755,1538,30649,0,0,1418,30460,646,7958,1420,38418,California
Santa Cruz, County,Santa Cruz County,2/11/2021,1725,48129,282,16037,1443,32092,0,0,1228,31192,496,8454,1228,39646,California
Santa Cruz, County,Santa Cruz County,2/12/2021,3076,51205,403,16440,2673,34765,0,0,1714,31555,1353,9807,1716,41362,California
Santa Cruz, County,Santa Cruz County,2/13/2021,1662,52867,118,16558,1544,36309,0,0,1269,32432,392,10199,1269,42631,California
Santa Cruz, County,Santa Cruz County,2/14/2021,1347,54214,65,16623,1282,37591,0,0,1095,33275,252,10451,1095,43726,California
Santa Cruz, County,Santa Cruz County,2/15/2021,1515,55729,270,16893,1245,38836,0,0,522,32806,993,11444,524,44250,California
Santa Cruz, County,Santa Cruz County,2/16/2021,1641,57370,205,17098,1436,40272,0,0,494,32176,1124,12568,494,44744,California
Santa Cruz, County,Santa Cruz County,2/17/2021,2828,60198,939,18037,1889,42161,0,0,1148,31660,1667,14235,1151,45895,California
Santa Cruz, County,Santa Cruz County,2/18/2021,2773,62971,607,18644,2166,44327,0,0,1175,31242,1593,15828,1175,47070,California
Santa Cruz, County,Santa Cruz County,2/19/2021,3139,66110,1096,19740,2043,46370,0,0,1926,31959,1209,17037,1926,48996,California
Santa Cruz, County,Santa Cruz County,2/20/2021,2319,68429,1452,21192,867,47237,0,0,1798,33236,521,17558,1798,50794,California
Santa Cruz, County,Santa Cruz County,2/21/2021,830,69259,352,21544,478,47715,0,0,698,33804,130,17688,698,51492,California
Santa Cruz, County,Santa Cruz County,2/22/2021,1198,70457,925,22469,273,47988,0,0,489,33588,705,18393,489,51981,California
Santa Cruz, County,Santa Cruz County,2/23/2021,2073,72530,931,23400,1142,49130,0,0,689,32897,1380,19773,689,52670,California
Santa Cruz, County,Santa Cruz County,2/24/2021,3198,75728,1686,25086,1512,50642,0,0,1192,32089,2000,21773,1192,53862,California
Santa Cruz, County,Santa Cruz County,2/25/2021,3224,78952,1418,26504,1806,52448,0,0,1762,32399,1454,23227,1764,55626,California
Santa Cruz, County,Santa Cruz County,2/26/2021,2700,81652,730,27234,1970,54418,0,0,1530,32767,1164,24391,1532,57158,California
Santa Cruz, County,Santa Cruz County,2/27/2021,2684,84336,936,28170,1747,56165,1,1,1861,33808,821,25212,1862,59020,California
Santa Cruz, County,Santa Cruz County,2/28/2021,1318,85654,362,28532,956,57121,0,1,1098,34689,217,25429,1098,60118,California
Santa Cruz, County,Santa Cruz County,3/1/2021,1882,87536,1253,29785,629,57750,0,1,667,34144,1212,26641,667,60785,California
Santa Cruz, County,Santa Cruz County,3/2/2021,1482,89018,358,30143,1124,58874,0,1,817,34301,663,27304,820,61605,California
Santa Cruz, County,Santa Cruz County,3/3/2021,2304,91322,606,30749,1698,60572,0,1,1235,34470,1066,28370,1235,62840,California
Santa Cruz, County,Santa Cruz County,3/4/2021,2873,94195,1384,32133,1488,62060,1,2,1912,35436,948,29318,1914,64754,California
Santa Cruz, County,Santa Cruz County,3/5/2021,2569,96764,452,32585,2100,64160,17,19,1091,35069,1475,30793,1108,65862,California
Santa Cruz, County,Santa Cruz County,3/6/2021,3660,100424,1194,33779,2368,66528,98,117,1963,35431,1696,32489,2058,67920,California
Santa Cruz, County,Santa Cruz County,3/7/2021,1351,101775,113,33892,1145,67673,93,210,550,35275,799,33288,643,68563,California
Santa Cruz, County,Santa Cruz County,3/8/2021,1066,102841,208,34100,726,68399,132,342,638,35615,426,33714,766,69329,California
Santa Cruz, County,Santa Cruz County,3/9/2021,1694,104535,243,34343,1306,69705,145,487,659,35387,1031,34745,803,70132,California
Santa Cruz, County,Santa Cruz County,3/10/2021,3742,108277,2052,36395,1551,71256,139,626,1925,35643,1808,36553,2064,72196,California
Santa Cruz, County,Santa Cruz County,3/11/2021,2698,110975,1179,37574,1354,72610,165,791,1503,36119,1193,37746,1669,73865,California
Santa Cruz, County,Santa Cruz County,3/12/2021,2614,113589,834,38408,1509,74119,271,1062,877,35532,1733,39479,1146,75011,California
Santa Cruz, County,Santa Cruz County,3/13/2021,2183,115772,1253,39661,894,75013,36,1098,1101,35590,1079,40558,1137,76148,California
Santa Cruz, County,Santa Cruz County,3/14/2021,854,116626,181,39842,661,75674,12,1110,409,35567,443,41001,420,76568,California
Santa Cruz, County,Santa Cruz County,3/15/2021,1251,117877,442,40284,777,76451,32,1142,542,35438,704,41705,575,77143,California
Santa Cruz, County,Santa Cruz County,3/16/2021,2226,120103,1078,41362,1107,77558,41,1183,1277,35810,944,42649,1316,78459,California
Santa Cruz, County,Santa Cruz County,3/17/2021,3819,123922,2294,43656,1515,79073,10,1193,2477,36961,1337,43986,2488,80947,California
Santa Cruz, County,Santa Cruz County,3/18/2021,3701,127623,1990,45646,1600,80673,111,1304,1956,37286,1740,45726,2065,83012,California
Santa Cruz, County,Santa Cruz County,3/19/2021,3260,130883,1298,46944,1757,82430,205,1509,1707,37649,1549,47275,1912,84924,California
Santa Cruz, County,Santa Cruz County,3/20/2021,2201,133084,1638,48582,497,82927,66,1575,1057,37628,1143,48418,1122,86046,California
Santa Cruz, County,Santa Cruz County,3/21/2021,830,133914,449,49031,259,83186,122,1697,443,37808,385,48803,565,86611,California
Santa Cruz, County,Santa Cruz County,3/22/2021,1313,135227,796,49827,494,83680,23,1720,932,38385,378,49181,955,87566,California
Santa Cruz, County,Santa Cruz County,3/23/2021,2466,137693,1354,51181,1062,84742,50,1770,1616,39201,848,50029,1664,89230,California
Santa Cruz, County,Santa Cruz County,3/24/2021,2939,140632,1981,53162,937,85679,21,1791,1923,40136,1008,51037,1943,91173,California
Santa Cruz, County,Santa Cruz County,3/25/2021,2522,143154,1264,54426,1225,86904,33,1824,1246,40145,1269,52306,1278,92451,California
Santa Cruz, County,Santa Cruz County,3/26/2021,2956,146110,1702,56128,1227,88131,27,1851,2006,41236,942,53248,2033,94484,California
Santa Cruz, County,Santa Cruz County,3/27/2021,2969,149079,1829,57957,1117,89248,23,1874,1394,41090,1564,54812,1418,95902,California
Santa Cruz, County,Santa Cruz County,3/28/2021,864,149943,526,58483,324,89572,14,1888,431,41106,429,55241,445,96347,California
Santa Cruz, County,Santa Cruz County,3/29/2021,1899,151842,816,59299,1011,90583,72,1960,1196,41674,699,55940,1267,97614,California
Santa Cruz, County,Santa Cruz County,3/30/2021,2520,154362,747,60046,1627,92210,146,2106,1616,42536,901,56841,1763,99377,California
Santa Cruz, County,Santa Cruz County,3/31/2021,3970,158332,2700,62746,1226,93436,44,2150,2058,42729,1908,58749,2101,101478,California
Santa Cruz, County,Santa Cruz County,4/1/2021,3801,162133,2052,64798,1642,95078,107,2257,1923,42885,1872,60621,2028,103506,California
Santa Cruz, County,Santa Cruz County,4/2/2021,3125,165258,1323,66121,1635,96713,167,2424,1748,43427,1373,61994,1915,105421,California
Santa Cruz, County,Santa Cruz County,4/3/2021,2120,167378,1176,67297,829,97542,115,2539,824,43072,1293,63287,938,106359,California
Santa Cruz, County,Santa Cruz County,4/4/2021,889,168267,457,67754,378,97920,54,2593,521,43277,368,63655,573,106932,California
Santa Cruz, County,Santa Cruz County,4/5/2021,2156,170423,717,68471,1274,99194,165,2758,1316,43916,839,64494,1478,108410,California
Santa Cruz, County,Santa Cruz County,4/6/2021,3201,173624,1561,70032,1282,100476,358,3116,1856,44789,1335,65829,2208,110618,California
Santa Cruz, County,Santa Cruz County,4/7/2021,3927,177551,1536,71568,2056,102532,335,3451,1663,44527,2258,68087,1996,112614,California
Santa Cruz, County,Santa Cruz County,4/8/2021,4017,181568,2185,73753,1354,103886,478,3929,2351,45699,1655,69742,2827,115441,California
Santa Cruz, County,Santa Cruz County,4/9/2021,3553,185121,1420,75173,1757,105643,376,4305,2000,46527,1546,71288,2374,117815,California
Santa Cruz, County,Santa Cruz County,4/10/2021,2072,187193,962,76135,882,106525,228,4533,943,46568,1125,72413,1166,118981,California
Santa Cruz, County,Santa Cruz County,4/11/2021,888,188081,436,76571,366,106891,86,4619,395,46555,493,72906,480,119461,California
Santa Cruz, County,Santa Cruz County,4/12/2021,2183,190264,754,77325,1039,107930,390,5009,1047,46871,1121,74027,1437,120898,California
Santa Cruz, County,Santa Cruz County,4/13/2021,2769,193033,1364,78689,1404,109334,1,5010,1554,47221,1205,75232,1555,122453,California
Santa Cruz, County,Santa Cruz County,4/14/2021,4445,197478,2114,80803,2331,111665,0,5010,2151,47093,2281,77513,2153,124606,California
Santa Cruz, County,Santa Cruz County,4/15/2021,4819,202297,3044,83847,1775,113440,0,5010,3030,48351,1774,79287,3032,127638,California
Santa Cruz, County,Santa Cruz County,4/16/2021,4231,206528,2284,86131,1945,115385,2,5012,2244,48619,1980,81267,2248,129886,California
Santa Cruz, County,Santa Cruz County,4/17/2021,2119,208647,832,86963,1287,116672,0,5012,1368,49239,748,82015,1368,131254,California
Santa Cruz, County,Santa Cruz County,4/18/2021,1034,209681,511,87474,522,117194,1,5013,580,49370,450,82465,581,131835,California
Santa Cruz, County,Santa Cruz County,4/19/2021,2449,212130,1432,88906,1016,118210,1,5014,1517,49961,926,83391,1517,133352,California
Santa Cruz, County,Santa Cruz County,4/20/2021,3040,215170,1601,90507,1439,119649,0,5014,1744,50421,1284,84675,1744,135096,California
Santa Cruz, County,Santa Cruz County,4/21/2021,4074,219244,2734,93241,1340,120989,0,5014,2184,50739,1866,86541,2184,137280,California
Santa Cruz, County,Santa Cruz County,4/22/2021,4189,223433,2848,96089,1340,122329,1,5015,2350,51263,1829,88370,2353,139633,California
Santa Cruz, County,Santa Cruz County,4/23/2021,3065,226498,1656,97745,1408,123737,1,5016,1340,50890,1713,90083,1340,140973,California
Santa Cruz, County,Santa Cruz County,4/24/2021,2170,228668,1071,98816,1096,124833,3,5019,698,50129,1462,91545,701,141674,California
Santa Cruz, County,Santa Cruz County,4/25/2021,1039,229707,655,99471,371,125204,13,5032,414,49943,613,92158,427,142101,California
Santa Cruz, County,Santa Cruz County,4/26/2021,2013,231720,970,100441,1026,126230,17,5049,840,49639,1162,93320,858,142959,California
Santa Cruz, County,Santa Cruz County,4/27/2021,2857,234577,909,101350,1865,128095,83,5132,1412,49695,1437,94757,1493,144452,California
Santa Cruz, County,Santa Cruz County,4/28/2021,3338,237915,1844,103194,1415,129510,79,5211,1746,49937,1580,96337,1822,146274,California
Santa Cruz, County,Santa Cruz County,4/29/2021,3624,241539,2420,105614,1148,130658,56,5267,1277,48934,2337,98674,1334,147608,California
Santa Cruz, County,Santa Cruz County,4/30/2021,2289,243828,1156,106770,1089,131747,44,5311,974,48648,1305,99979,1019,148627,California
Santa Cruz, County,Santa Cruz County,5/1/2021,1211,245039,955,107725,222,131969,34,5345,589,48655,617,100596,624,149251,California
Santa Cruz, County,Santa Cruz County,5/2/2021,573,245612,395,108120,153,132122,25,5370,202,48512,371,100967,228,149479,California
Santa Cruz, County,Santa Cruz County,5/3/2021,1828,247440,919,109039,844,132966,65,5435,632,48027,1183,102150,698,150177,California
Santa Cruz, County,Santa Cruz County,5/4/2021,2566,250006,1487,110526,1011,133977,68,5503,851,47236,1708,103858,917,151094,California
Santa Cruz, County,Santa Cruz County,5/5/2021,2666,252672,1318,111844,1270,135247,78,5581,698,46089,1928,105786,781,151875,California
Santa Cruz, County,Santa Cruz County,5/6/2021,3795,256467,2419,114263,1156,136403,220,5801,862,44256,2913,108699,1080,152955,California
Santa Cruz, County,Santa Cruz County,5/7/2021,2607,259074,1133,115396,1396,137799,78,5879,420,42578,2178,110877,500,153455,California
Santa Cruz, County,Santa Cruz County,5/8/2021,1356,260430,686,116082,638,138437,32,5911,370,41995,984,111861,401,153856,California
Santa Cruz, County,Santa Cruz County,5/9/2021,492,260922,311,116393,159,138596,22,5933,142,41810,349,112210,164,154020,California
Santa Cruz, County,Santa Cruz County,5/10/2021,2018,262940,1199,117592,758,139354,61,5994,397,40658,1610,113820,458,154478,California
Santa Cruz, County,Santa Cruz County,5/11/2021,2324,265264,1299,118891,936,140290,89,6083,615,39659,1703,115523,704,155182,California
Santa Cruz, County,Santa Cruz County,5/12/2021,3079,268343,1306,120197,1697,141987,76,6159,561,37790,2507,118030,638,155820,California
Santa Cruz, County,Santa Cruz County,5/13/2021,3840,272183,2588,122785,1163,143150,89,6248,1359,36762,2477,120507,1449,157269,California
Santa Cruz, County,Santa Cruz County,5/14/2021,2856,275039,1549,124334,1270,144420,37,6285,1082,36119,1764,122271,1121,158390,California
Santa Cruz, County,Santa Cruz County,5/15/2021,2211,277250,1288,125622,912,145332,11,6296,1084,36090,1124,123395,1095,159485,California
Santa Cruz, County,Santa Cruz County,5/16/2021,742,277992,391,126013,332,145664,19,6315,243,35856,497,123892,263,159748,California
Santa Cruz, County,Santa Cruz County,5/17/2021,1461,279453,733,126746,661,146325,67,6382,510,35483,950,124842,577,160325,California
Santa Cruz, County,Santa Cruz County,5/18/2021,2217,281670,1353,128099,837,147162,27,6409,1061,35421,1150,125992,1088,161413,California
Santa Cruz, County,Santa Cruz County,5/19/2021,3009,284679,1833,129932,1140,148302,36,6445,1287,35030,1714,127706,1323,162736,California
Santa Cruz, County,Santa Cruz County,5/20/2021,3306,287985,2378,132310,782,149084,146,6591,1569,35015,1730,129436,1715,164451,California
Santa Cruz, County,Santa Cruz County,5/21/2021,1723,289708,894,133204,749,149833,80,6671,613,34605,1104,130540,694,165145,California
Santa Cruz, County,Santa Cruz County,5/22/2021,1695,291403,1314,134518,371,150204,10,6681,590,34104,1102,131642,601,165746,California
Santa Cruz, County,Santa Cruz County,5/23/2021,460,291863,260,134778,181,150385,19,6700,146,33957,312,131954,165,165911,California
Santa Cruz, County,Santa Cruz County,5/24/2021,1147,293010,663,135441,409,150794,75,6775,301,33496,837,132791,376,166287,California
Santa Cruz, County,Santa Cruz County,5/25/2021,2203,295213,1272,136713,888,151682,43,6818,451,32384,1605,134396,493,166780,California
Santa Cruz, County,Santa Cruz County,5/26/2021,1769,296982,774,137487,952,152634,43,6861,465,31598,1293,135689,507,167287,California
Santa Cruz, County,Santa Cruz County,5/27/2021,1253,298235,688,138175,467,153101,98,6959,428,31305,819,136508,526,167813,California
Santa Cruz, County,Santa Cruz County,5/28/2021,827,299062,365,138540,432,153533,30,6989,354,31227,463,136971,385,168198,California
Santa Cruz, County,Santa Cruz County,5/29/2021,570,299632,324,138864,236,153769,10,6999,316,31301,252,137223,326,168524,California
Santa Cruz, County,Santa Cruz County,5/30/2021,232,299864,115,138979,104,153873,13,7012,91,31266,138,137361,103,168627,California
Santa Cruz, County,Santa Cruz County,5/31/2021,143,300007,60,139039,82,153955,1,7013,46,31216,97,137458,47,168674,California
Santa Cruz, County,Santa Cruz County,6/1/2021,894,300901,549,139588,335,154290,10,7023,326,30987,565,138023,336,169010,California
Santa Cruz, County,Santa Cruz County,6/2/2021,864,301765,506,140094,318,154608,40,7063,329,30826,530,138553,369,169379,California
Santa Cruz, County,Santa Cruz County,6/3/2021,2210,303975,1494,141588,677,155285,39,7102,504,29674,1695,140248,543,169922,California
Santa Cruz, County,Santa Cruz County,6/4/2021,1011,304986,689,142277,291,155576,31,7133,233,29168,771,141019,265,170187,California
Santa Cruz, County,Santa Cruz County,6/5/2021,978,305964,791,143068,182,155758,5,7138,178,28554,797,141816,183,170370,California
Santa Cruz, County,Santa Cruz County,6/6/2021,365,306329,264,143332,84,155842,17,7155,78,28365,284,142100,95,170465,California
Santa Cruz, County,Santa Cruz County,6/7/2021,807,307136,592,143924,185,156027,30,7185,218,28024,589,142689,248,170713,California
Santa Cruz, County,Santa Cruz County,6/8/2021,1403,308539,1113,145037,264,156291,26,7211,292,27236,1108,143797,320,171033,California
Santa Cruz, County,Santa Cruz County,6/9/2021,1394,309933,1099,146136,277,156568,18,7229,274,26416,1113,144910,293,171326,California
Santa Cruz, County,Santa Cruz County,6/10/2021,1912,311845,1570,147706,278,156846,64,7293,311,25194,1594,146504,372,171698,California
Santa Cruz, County,Santa Cruz County,6/11/2021,805,312650,498,148204,274,157120,33,7326,275,24975,525,147029,306,172004,California
Santa Cruz, County,Santa Cruz County,6/12/2021,966,313616,842,149046,118,157238,6,7332,163,24343,801,147830,169,172173,California
Santa Cruz, County,Santa Cruz County,6/13/2021,196,313812,128,149174,45,157283,23,7355,28,24226,168,147998,51,172224,California
Santa Cruz, County,Santa Cruz County,6/14/2021,545,314357,349,149523,162,157445,34,7389,155,24026,388,148386,188,172412,California
Santa Cruz, County,Santa Cruz County,6/15/2021,904,315261,665,150188,220,157665,19,7408,321,23787,580,148966,341,172753,California
Santa Cruz, County,Santa Cruz County,6/16/2021,766,316027,563,150751,171,157836,32,7440,227,23511,534,149500,258,173011,California
Santa Cruz, County,Santa Cruz County,6/17/2021,782,316809,606,151357,140,157976,36,7476,291,23348,489,149989,326,173337,California
Santa Cruz, County,Santa Cruz County,6/18/2021,626,317435,383,151740,216,158192,27,7503,278,23309,344,150333,305,173642,California
Santa Cruz, County,Santa Cruz County,6/19/2021,327,317762,259,151999,62,158254,6,7509,113,23218,210,150543,119,173761,California
Santa Cruz, County,Santa Cruz County,6/20/2021,159,317921,112,152111,30,158284,17,7526,68,23212,91,150634,85,173846,California
Santa Cruz, County,Santa Cruz County,6/21/2021,339,318260,239,152350,82,158366,18,7544,174,23240,164,150798,192,174038,California
Santa Cruz, County,Santa Cruz County,6/22/2021,667,318927,471,152821,170,158536,26,7570,265,23131,401,151199,292,174330,California
Santa Cruz, County,Santa Cruz County,6/23/2021,391,319318,280,153101,102,158638,9,7579,190,23133,195,151394,197,174527,California
Santa Cruz, County,Santa Cruz County,6/24/2021,534,319852,387,153488,110,158748,37,7616,214,23065,318,151712,250,174777,California
Santa Cruz, County,Santa Cruz County,6/25/2021,541,320393,356,153844,157,158905,28,7644,250,23056,287,151999,278,175055,California
Santa Cruz, County,Santa Cruz County,6/26/2021,246,320639,152,153996,86,158991,8,7652,100,23020,144,152143,108,175163,California
Santa Cruz, County,Santa Cruz County,6/27/2021,159,320798,110,154106,19,159010,30,7682,64,23019,95,152238,94,175257,California
Santa Cruz, County,Santa Cruz County,6/28/2021,446,321244,363,154469,70,159080,13,7695,193,22972,253,152491,206,175463,California
Santa Cruz, County,Santa Cruz County,6/29/2021,691,321935,544,155013,119,159199,28,7723,270,22851,418,152909,297,175760,California
Santa Cruz, County,Santa Cruz County,6/30/2021,413,322348,281,155294,112,159311,20,7743,175,22811,235,153144,195,175955,California
Santa Cruz, County,Santa Cruz County,7/1/2021,394,322742,282,155576,100,159411,12,7755,175,22780,218,153362,187,176142,California
Santa Cruz, County,Santa Cruz County,7/2/2021,419,323161,309,155885,96,159507,14,7769,184,22748,230,153592,198,176340,California
Santa Cruz, County,Santa Cruz County,7/3/2021,206,323367,145,156030,58,159565,3,7772,87,22720,118,153710,90,176430,California
Santa Cruz, County,Santa Cruz County,7/4/2021,10,323377,8,156038,1,159566,1,7773,8,22727,2,153712,9,176439,California
Santa Cruz, County,Santa Cruz County,7/5/2021,198,323575,154,156192,41,159607,3,7776,111,22755,85,153797,113,176552,California
Santa Cruz, County,Santa Cruz County,7/6/2021,661,324236,551,156743,95,159702,15,7791,204,22521,453,154250,219,176771,California
Santa Cruz, County,Santa Cruz County,7/7/2021,383,324619,274,157017,98,159800,11,7802,154,22459,227,154477,165,176936,California
Santa Cruz, County,Santa Cruz County,7/8/2021,390,325009,275,157292,79,159879,36,7838,137,22381,251,154728,173,177109,California
Santa Cruz, County,Santa Cruz County,7/9/2021,438,325447,313,157605,108,159987,17,7855,179,22327,251,154979,197,177306,California
Santa Cruz, County,Santa Cruz County,7/10/2021,186,325633,133,157738,45,160032,8,7863,85,22320,100,155079,93,177399,California
Santa Cruz, County,Santa Cruz County,7/11/2021,116,325749,93,157831,20,160052,3,7866,59,22326,56,155135,62,177461,California
Santa Cruz, County,Santa Cruz County,7/12/2021,361,326110,265,158096,82,160134,14,7880,145,22271,213,155348,158,177619,California
Santa Cruz, County,Santa Cruz County,7/13/2021,528,326638,406,158502,108,160242,14,7894,203,22169,320,155668,218,177837,California
Santa Cruz, County,Santa Cruz County,7/14/2021,375,327013,264,158766,93,160335,18,7912,162,22140,208,155876,179,178016,California
Santa Cruz, County,Santa Cruz County,7/15/2021,362,327375,274,159040,69,160404,19,7931,159,22116,202,156078,178,178194,California
Santa Cruz, County,Santa Cruz County,7/16/2021,416,327791,297,159337,109,160513,10,7941,202,22116,212,156290,212,178406,California
Santa Cruz, County,Santa Cruz County,7/17/2021,212,328003,162,159499,45,160558,5,7946,109,22128,102,156392,114,178520,California
Santa Cruz, County,Santa Cruz County,7/18/2021,140,328143,105,159604,29,160587,6,7952,85,22164,55,156447,91,178611,California
Santa Cruz, County,Santa Cruz County,7/19/2021,360,328503,260,159864,82,160669,18,7970,165,22154,193,156640,183,178794,California
Santa Cruz, County,Santa Cruz County,7/20/2021,605,329108,474,160338,117,160786,14,7984,293,22151,310,156950,307,179101,California
Santa Cruz, County,Santa Cruz County,7/21/2021,365,329473,264,160602,94,160880,7,7991,195,22191,162,157112,202,179303,California
Santa Cruz, County,Santa Cruz County,7/22/2021,429,329902,294,160896,91,160971,44,8035,214,22236,213,157325,258,179561,California
Santa Cruz, County,Santa Cruz County,7/23/2021,499,330401,310,161206,162,161133,27,8062,282,22333,212,157537,309,179870,California
Santa Cruz, County,Santa Cruz County,7/24/2021,240,330641,158,161364,80,161213,2,8064,145,22388,92,157629,147,180017,California
Santa Cruz, County,Santa Cruz County,7/25/2021,114,330755,96,161460,17,161230,1,8065,80,22436,33,157662,81,180098,California
Santa Cruz, County,Santa Cruz County,7/26/2021,351,331106,259,161719,82,161312,10,8075,196,22489,153,157815,206,180304,California
Santa Cruz, County,Santa Cruz County,7/27/2021,578,331684,463,162182,98,161410,17,8092,329,22588,247,158062,346,180650,California
Santa Cruz, County,Santa Cruz County,7/28/2021,369,332053,239,162421,123,161533,7,8099,201,22630,165,158227,207,180857,California
Santa Cruz, County,Santa Cruz County,7/29/2021,436,332489,307,162728,93,161626,36,8135,245,22725,186,158413,281,181138,California
Santa Cruz, County,Santa Cruz County,7/30/2021,536,333025,366,163094,126,161752,44,8179,311,22861,219,158632,355,181493,California
Santa Cruz, County,Santa Cruz County,7/31/2021,326,333351,232,163326,65,161817,29,8208,205,22976,118,158750,233,181726,California
Santa Cruz, County,Santa Cruz County,8/1/2021,146,333497,111,163437,33,161850,2,8210,88,23011,55,158805,90,181816,California
Santa Cruz, County,Santa Cruz County,8/2/2021,323,333820,242,163679,76,161926,5,8215,209,23117,108,158913,214,182030,California
Santa Cruz, County,Santa Cruz County,8/3/2021,622,334442,485,164164,116,162042,21,8236,377,23276,239,159152,398,182428,California
Santa Cruz, County,Santa Cruz County,8/4/2021,347,334789,262,164426,76,162118,9,8245,195,23331,148,159300,203,182631,California
Santa Cruz, County,Santa Cruz County,8/5/2021,457,335246,328,164754,99,162217,30,8275,265,23440,184,159484,293,182924,California
Santa Cruz, County,Santa Cruz County,8/6/2021,510,335756,373,165127,113,162330,24,8299,300,23556,207,159691,323,183247,California
Santa Cruz, County,Santa Cruz County,8/7/2021,364,336120,256,165383,73,162403,35,8334,210,23652,148,159839,244,183491,California
Santa Cruz, County,Santa Cruz County,8/8/2021,165,336285,136,165519,27,162430,2,8336,100,23690,64,159903,102,183593,California
Santa Cruz, County,Santa Cruz County,8/9/2021,430,336715,326,165845,72,162502,32,8368,251,23797,175,160078,282,183875,California
Santa Cruz, County,Santa Cruz County,8/10/2021,374,337089,332,166177,35,162537,7,8375,195,23823,177,160255,203,184078,California
Shasta, County,Shasta County,12/15/2020,1,1,1,1,0,0,0,0,1,1,0,0,1,1,California
Shasta, County,Shasta County,12/16/2020,133,134,133,134,0,0,0,0,133,134,0,0,133,134,California
Shasta, County,Shasta County,12/17/2020,419,553,419,553,0,0,0,0,419,553,0,0,419,553,California
Shasta, County,Shasta County,12/18/2020,163,716,163,716,0,0,0,0,163,716,0,0,163,716,California
Shasta, County,Shasta County,12/19/2020,1,717,1,717,0,0,0,0,1,717,0,0,1,717,California
Shasta, County,Shasta County,12/20/2020,0,717,0,717,0,0,0,0,0,717,0,0,0,717,California
Shasta, County,Shasta County,12/21/2020,69,786,68,785,1,1,0,0,69,786,0,0,69,786,California
Shasta, County,Shasta County,12/22/2020,191,977,186,971,5,6,0,0,191,977,0,0,191,977,California
Shasta, County,Shasta County,12/23/2020,168,1145,164,1135,4,10,0,0,168,1145,0,0,168,1145,California
Shasta, County,Shasta County,12/24/2020,25,1170,25,1160,0,10,0,0,25,1170,0,0,25,1170,California
Shasta, County,Shasta County,12/25/2020,0,1170,0,1160,0,10,0,0,0,1170,0,0,0,1170,California
Shasta, County,Shasta County,12/26/2020,4,1174,1,1161,3,13,0,0,4,1174,0,0,4,1174,California
Shasta, County,Shasta County,12/27/2020,3,1177,2,1163,1,14,0,0,3,1177,0,0,3,1177,California
Shasta, County,Shasta County,12/28/2020,38,1215,28,1191,10,24,0,0,38,1215,0,0,38,1215,California
Shasta, County,Shasta County,12/29/2020,174,1389,173,1364,1,25,0,0,174,1389,0,0,174,1389,California
Shasta, County,Shasta County,12/30/2020,181,1570,172,1536,9,34,0,0,181,1570,0,0,181,1570,California
Shasta, County,Shasta County,12/31/2020,80,1650,1,1537,79,113,0,0,80,1650,0,0,80,1650,California
Shasta, County,Shasta County,1/1/2021,0,1650,0,1537,0,113,0,0,0,1650,0,0,0,1650,California
Shasta, County,Shasta County,1/2/2021,2,1652,0,1537,2,115,0,0,2,1652,0,0,2,1652,California
Shasta, County,Shasta County,1/3/2021,1,1653,1,1538,0,115,0,0,1,1653,0,0,1,1653,California
Shasta, County,Shasta County,1/4/2021,357,2010,299,1837,58,173,0,0,358,2011,0,0,358,2011,California
Shasta, County,Shasta County,1/5/2021,334,2344,312,2149,22,195,0,0,255,2187,79,79,255,2266,California
Shasta, County,Shasta County,1/6/2021,465,2809,392,2541,73,268,0,0,204,2130,261,340,204,2470,California
Shasta, County,Shasta County,1/7/2021,141,2950,42,2583,99,367,0,0,114,2217,27,367,114,2584,California
Shasta, County,Shasta County,1/8/2021,522,3472,440,3023,82,449,0,0,316,2327,206,573,316,2900,California
Shasta, County,Shasta County,1/9/2021,75,3547,66,3089,9,458,0,0,71,2394,4,577,71,2971,California
Shasta, County,Shasta County,1/10/2021,6,3553,0,3089,6,464,0,0,4,2398,2,579,6,2977,California
Shasta, County,Shasta County,1/11/2021,401,3954,188,3277,213,677,0,0,364,2725,37,616,364,3341,California
Shasta, County,Shasta County,1/12/2021,472,4426,316,3593,156,833,0,0,306,2866,166,782,307,3648,California
Shasta, County,Shasta County,1/13/2021,606,5032,267,3860,339,1172,0,0,438,3136,168,950,438,4086,California
Shasta, County,Shasta County,1/14/2021,493,5525,56,3916,437,1609,0,0,469,3581,24,974,469,4555,California
Shasta, County,Shasta County,1/15/2021,676,6201,140,4056,536,2145,0,0,675,4255,1,975,675,5230,California
Shasta, County,Shasta County,1/16/2021,886,7087,53,4109,833,2978,0,0,883,5135,3,978,883,6113,California
Shasta, County,Shasta County,1/17/2021,28,7115,7,4116,21,2999,0,0,23,5153,5,983,23,6136,California
Shasta, County,Shasta County,1/18/2021,602,7717,127,4243,475,3474,0,0,595,5741,7,990,595,6731,California
Shasta, County,Shasta County,1/19/2021,1066,8783,408,4651,658,4132,0,0,923,6521,143,1133,923,7654,California
Shasta, County,Shasta County,1/20/2021,750,9533,494,5145,256,4388,0,0,564,6904,181,1314,564,8218,California
Shasta, County,Shasta County,1/21/2021,670,10203,335,5480,335,4723,0,0,651,7536,19,1333,651,8869,California
Shasta, County,Shasta County,1/22/2021,433,10636,179,5659,254,4977,0,0,426,7956,7,1340,427,9296,California
Shasta, County,Shasta County,1/23/2021,58,10694,5,5664,53,5030,0,0,56,8010,2,1342,56,9352,California
Shasta, County,Shasta County,1/24/2021,25,10719,3,5667,22,5052,0,0,24,8033,1,1343,24,9376,California
Shasta, County,Shasta County,1/25/2021,751,11470,495,6162,256,5308,0,0,468,8219,282,1625,468,9844,California
Shasta, County,Shasta County,1/26/2021,714,12184,338,6500,376,5684,0,0,479,8466,232,1857,479,10323,California
Shasta, County,Shasta County,1/27/2021,450,12634,196,6696,254,5938,0,0,400,8817,49,1906,400,10723,California
Shasta, County,Shasta County,1/28/2021,903,13537,585,7281,318,6256,0,0,687,9288,216,2122,687,11410,California
Shasta, County,Shasta County,1/29/2021,808,14345,327,7608,481,6737,0,0,621,9724,186,2308,622,12032,California
Shasta, County,Shasta County,1/30/2021,604,14949,14,7622,590,7327,0,0,593,10306,11,2319,593,12625,California
Shasta, County,Shasta County,1/31/2021,28,14977,4,7626,24,7351,0,0,26,10330,2,2321,26,12651,California
Shasta, County,Shasta County,2/1/2021,540,15517,156,7782,384,7735,0,0,396,10582,144,2465,396,13047,California
Shasta, County,Shasta County,2/2/2021,981,16498,499,8281,482,8217,0,0,892,11387,87,2552,892,13939,California
Shasta, County,Shasta County,2/3/2021,697,17195,218,8499,479,8696,0,0,463,11616,234,2786,463,14402,California
Shasta, County,Shasta County,2/4/2021,1088,18283,686,9185,402,9098,0,0,889,12309,196,2982,889,15291,California
Shasta, County,Shasta County,2/5/2021,1282,19565,173,9358,1109,10207,0,0,1058,13145,222,3204,1058,16349,California
Shasta, County,Shasta County,2/6/2021,1799,21364,38,9396,1761,11968,0,0,1773,14893,26,3230,1774,18123,California
Shasta, County,Shasta County,2/7/2021,27,21391,3,9399,24,11992,0,0,24,14914,3,3233,24,18147,California
Shasta, County,Shasta County,2/8/2021,595,21986,170,9569,425,12417,0,0,309,14938,285,3518,309,18456,California
Shasta, County,Shasta County,2/9/2021,1129,23115,655,10224,474,12891,0,0,701,15212,428,3946,702,19158,California
Shasta, County,Shasta County,2/10/2021,1127,24242,802,11026,325,13216,0,0,547,15180,579,4525,547,19705,California
Shasta, County,Shasta County,2/11/2021,884,25126,191,11217,693,13909,0,0,303,14907,576,5101,303,20008,California
Shasta, County,Shasta County,2/12/2021,1834,26960,1264,12481,570,14479,0,0,1283,15641,549,5650,1283,21291,California
Shasta, County,Shasta County,2/13/2021,1352,28312,370,12851,982,15461,0,0,554,15399,797,6447,555,21846,California
Shasta, County,Shasta County,2/14/2021,148,28460,5,12856,143,15604,0,0,123,15497,25,6472,123,21969,California
Shasta, County,Shasta County,2/15/2021,394,28854,112,12968,282,15886,0,0,214,15531,180,6652,214,22183,California
Shasta, County,Shasta County,2/16/2021,1202,30056,519,13487,683,16569,0,0,419,15170,780,7432,419,22602,California
Shasta, County,Shasta County,2/17/2021,1037,31093,461,13948,576,17145,0,0,416,14965,621,8053,416,23018,California
Shasta, County,Shasta County,2/18/2021,966,32059,489,14437,477,17622,0,0,462,14924,504,8557,463,23481,California
Shasta, County,Shasta County,2/19/2021,1347,33406,948,15385,399,18021,0,0,868,15314,478,9035,868,24349,California
Shasta, County,Shasta County,2/20/2021,799,34205,98,15483,701,18722,0,0,310,15135,489,9524,310,24659,California
Shasta, County,Shasta County,2/21/2021,33,34238,3,15486,30,18752,0,0,11,15124,22,9546,11,24670,California
Shasta, County,Shasta County,2/22/2021,444,34682,87,15573,357,19109,0,0,185,15051,258,9804,185,24855,California
Shasta, County,Shasta County,2/23/2021,922,35604,476,16049,446,19555,0,0,331,14791,591,10395,331,25186,California
Shasta, County,Shasta County,2/24/2021,890,36494,511,16560,379,19934,0,0,276,14458,609,11004,276,25462,California
Shasta, County,Shasta County,2/25/2021,540,37034,203,16763,337,20271,0,0,157,14234,381,11385,157,25619,California
Shasta, County,Shasta County,2/26/2021,805,37839,109,16872,696,20967,0,0,349,14129,454,11839,349,25968,California
Shasta, County,Shasta County,2/27/2021,859,38698,78,16950,781,21748,0,0,244,13763,610,12449,244,26212,California
Shasta, County,Shasta County,2/28/2021,189,38887,4,16954,185,21933,0,0,136,13846,53,12502,136,26348,California
Shasta, County,Shasta County,3/1/2021,625,39512,61,17015,564,22497,0,0,307,13837,316,12818,307,26655,California
Shasta, County,Shasta County,3/2/2021,1028,40540,473,17488,555,23052,0,0,331,13472,696,13514,331,26986,California
Shasta, County,Shasta County,3/3/2021,695,41235,187,17675,508,23560,0,0,246,13270,448,13962,246,27232,California
Shasta, County,Shasta County,3/4/2021,3058,44293,2485,20160,573,24133,0,0,1733,13684,1319,15281,1733,28965,California
Shasta, County,Shasta County,3/5/2021,1916,46209,165,20325,1722,25855,29,29,784,13365,1132,16413,813,29778,California
Shasta, County,Shasta County,3/6/2021,2745,48954,381,20706,2321,28176,43,72,783,12234,1957,18370,826,30604,California
Shasta, County,Shasta County,3/7/2021,103,49057,4,20710,60,28236,39,111,41,12250,62,18432,78,30682,California
Shasta, County,Shasta County,3/8/2021,572,49629,57,20767,375,28611,140,251,157,12132,413,18845,295,30977,California
Shasta, County,Shasta County,3/9/2021,1223,50852,594,21361,453,29064,176,427,659,12405,561,19406,834,31811,California
Shasta, County,Shasta County,3/10/2021,791,51643,255,21616,335,29399,201,628,142,12098,648,20054,341,32152,California
Shasta, County,Shasta County,3/11/2021,1514,53157,472,22088,785,30184,257,885,909,12662,601,20655,1165,33317,California
Shasta, County,Shasta County,3/12/2021,1559,54716,872,22960,450,30634,237,1122,397,12135,1161,21816,634,33951,California
Shasta, County,Shasta County,3/13/2021,809,55525,425,23385,286,30920,98,1220,494,12411,313,22129,589,34540,California
Shasta, County,Shasta County,3/14/2021,1010,56535,9,23394,978,31898,23,1243,870,13166,140,22269,895,35435,California
Shasta, County,Shasta County,3/15/2021,486,57021,40,23434,354,32252,92,1335,208,13187,278,22547,299,35734,California
Shasta, County,Shasta County,3/16/2021,1116,58137,145,23579,902,33154,69,1404,830,13804,282,22829,899,36633,California
Shasta, County,Shasta County,3/17/2021,709,58846,181,23760,469,33623,59,1463,368,13899,332,23161,427,37060,California
Shasta, County,Shasta County,3/18/2021,1517,60363,589,24349,827,34450,101,1564,1078,14643,435,23596,1179,38239,California
Shasta, County,Shasta County,3/19/2021,630,60993,206,24555,367,34817,57,1621,385,14841,244,23840,442,38681,California
Shasta, County,Shasta County,3/20/2021,725,61718,477,25032,237,35054,11,1632,531,15189,194,24034,542,39223,California
Shasta, County,Shasta County,3/21/2021,313,62031,298,25330,4,35058,11,1643,285,15458,27,24061,296,39519,California
Shasta, County,Shasta County,3/22/2021,335,62366,34,25364,266,35324,35,1678,192,15544,141,24202,227,39746,California
Shasta, County,Shasta County,3/23/2021,1319,63685,663,26027,599,35923,57,1735,758,15804,555,24757,815,40561,California
Shasta, County,Shasta County,3/24/2021,619,64304,165,26192,418,36341,36,1771,374,15971,244,25001,411,40972,California
Shasta, County,Shasta County,3/25/2021,1108,65412,420,26612,667,37008,21,1792,778,16444,327,25328,800,41772,California
Shasta, County,Shasta County,3/26/2021,1784,67196,1361,27973,393,37401,30,1822,1413,17519,369,25697,1444,43216,California
Shasta, County,Shasta County,3/27/2021,1531,68727,363,28336,309,37710,859,2681,526,17896,1002,26699,1379,44595,California
Shasta, County,Shasta County,3/28/2021,404,69131,300,28636,94,37804,10,2691,296,18096,106,26805,306,44901,California
Shasta, County,Shasta County,3/29/2021,416,69547,41,28677,363,38167,12,2703,156,18006,258,27063,168,45069,California
Shasta, County,Shasta County,3/30/2021,1208,70755,749,29426,442,38609,17,2720,593,18005,611,27674,610,45679,California
Shasta, County,Shasta County,3/31/2021,618,71373,205,29631,406,39015,7,2727,372,18142,242,27916,379,46058,California
Shasta, County,Shasta County,4/1/2021,871,72244,228,29859,628,39643,15,2742,545,18378,323,28239,559,46617,California
Shasta, County,Shasta County,4/2/2021,717,72961,176,30035,489,40132,52,2794,382,18479,332,28571,433,47050,California
Shasta, County,Shasta County,4/3/2021,506,73467,363,30398,127,40259,16,2810,383,18755,123,28694,399,47449,California
Shasta, County,Shasta County,4/4/2021,287,73754,172,30570,95,40354,20,2830,213,18914,74,28768,233,47682,California
Shasta, County,Shasta County,4/5/2021,428,74182,69,30639,306,40660,53,2883,249,19037,179,28947,302,47984,California
Shasta, County,Shasta County,4/6/2021,1114,75296,481,31120,465,41125,168,3051,534,19161,576,29523,700,48684,California
Shasta, County,Shasta County,4/7/2021,621,75917,186,31306,279,41404,156,3207,231,19161,386,29909,386,49070,California
Shasta, County,Shasta County,4/8/2021,1117,77034,253,31559,709,42113,155,3362,208,18617,904,30813,360,49430,California
Shasta, County,Shasta County,4/9/2021,2571,79605,2060,33619,302,42415,209,3571,1997,20253,565,31378,2201,51631,California
Shasta, County,Shasta County,4/10/2021,860,80465,576,34195,155,42570,129,3700,233,19987,626,32004,360,51991,California
Shasta, County,Shasta County,4/11/2021,1240,81705,392,34587,828,43398,20,3720,143,19058,1092,33096,163,52154,California
Shasta, County,Shasta County,4/12/2021,336,82041,8,34595,269,43667,59,3779,94,18969,241,33337,152,52306,California
Shasta, County,Shasta County,4/13/2021,1246,83287,362,34957,882,44549,2,3781,334,18397,907,34244,335,52641,California
Shasta, County,Shasta County,4/14/2021,574,83861,147,35104,425,44974,2,3783,215,18256,358,34602,217,52858,California
Shasta, County,Shasta County,4/15/2021,1052,84913,248,35352,804,45778,0,3783,302,17813,745,35347,302,53160,California
Shasta, County,Shasta County,4/16/2021,2285,87198,1817,37169,468,46246,0,3783,922,17374,1361,36708,922,54082,California
Shasta, County,Shasta County,4/17/2021,612,87810,389,37558,223,46469,0,3783,181,17126,430,37138,182,54264,California
Shasta, County,Shasta County,4/18/2021,265,88075,239,37797,26,46495,0,3783,32,16927,231,37369,32,54296,California
Shasta, County,Shasta County,4/19/2021,376,88451,29,37826,347,46842,0,3783,162,16875,214,37583,162,54458,California
Shasta, County,Shasta County,4/20/2021,972,89423,211,38037,761,47603,0,3783,364,16633,606,38189,364,54822,California
Shasta, County,Shasta County,4/21/2021,589,90012,200,38237,389,47992,0,3783,305,16654,284,38473,305,55127,California
Shasta, County,Shasta County,4/22/2021,944,90956,261,38498,683,48675,0,3783,302,16317,639,39112,302,55429,California
Shasta, County,Shasta County,4/23/2021,634,91590,240,38738,394,49069,0,3783,327,16338,306,39418,327,55756,California
Shasta, County,Shasta County,4/24/2021,595,92185,358,39096,236,49305,1,3784,107,15959,486,39904,107,55863,California
Shasta, County,Shasta County,4/25/2021,211,92396,179,39275,31,49336,1,3785,39,15827,172,40076,40,55903,California
Shasta, County,Shasta County,4/26/2021,495,92891,56,39331,434,49770,5,3790,351,16040,142,40218,355,56258,California
Shasta, County,Shasta County,4/27/2021,536,93427,174,39505,325,50095,37,3827,298,16139,234,40452,333,56591,California
Shasta, County,Shasta County,4/28/2021,564,93991,139,39644,393,50488,32,3859,249,16104,315,40767,280,56871,California
Shasta, County,Shasta County,4/29/2021,748,94739,106,39750,620,51108,22,3881,178,15735,569,41336,200,57071,California
Shasta, County,Shasta County,4/30/2021,2240,96979,1823,41573,386,51494,31,3912,253,14033,1985,43321,283,57354,California
Shasta, County,Shasta County,5/1/2021,227,97206,22,41595,131,51625,74,3986,102,14084,125,43446,176,57530,California
Shasta, County,Shasta County,5/2/2021,48,97254,15,41610,20,51645,13,3999,22,14093,26,43472,35,57565,California
Shasta, County,Shasta County,5/3/2021,354,97608,103,41713,229,51874,22,4021,111,13985,241,43713,133,57698,California
Shasta, County,Shasta County,5/4/2021,532,98140,203,41916,292,52166,37,4058,252,13997,277,43990,289,57987,California
Shasta, County,Shasta County,5/5/2021,444,98584,147,42063,280,52446,17,4075,205,13980,239,44229,222,58209,California
Shasta, County,Shasta County,5/6/2021,684,99268,260,42323,390,52836,34,4109,290,13917,385,44614,322,58531,California
Shasta, County,Shasta County,5/7/2021,1099,100367,731,43054,330,53166,38,4147,300,13457,798,45412,338,58869,California
Shasta, County,Shasta County,5/8/2021,169,100536,82,43136,77,53243,10,4157,100,13498,68,45480,109,58978,California
Shasta, County,Shasta County,5/9/2021,63,100599,14,43150,44,53287,5,4162,33,13506,30,45510,38,59016,California
Shasta, County,Shasta County,5/10/2021,252,100851,22,43172,183,53470,47,4209,112,13525,137,45647,156,59172,California
Shasta, County,Shasta County,5/11/2021,498,101349,141,43313,210,53680,147,4356,180,13535,317,45964,327,59499,California
Shasta, County,Shasta County,5/12/2021,387,101736,140,43453,224,53904,23,4379,129,13431,256,46220,152,59651,California
Shasta, County,Shasta County,5/13/2021,584,102320,242,43695,328,54232,14,4393,223,13309,359,46579,237,59888,California
Shasta, County,Shasta County,5/14/2021,637,102957,268,43963,344,54576,25,4418,295,13289,341,46920,321,60209,California
Shasta, County,Shasta County,5/15/2021,382,103339,122,44085,161,54737,99,4517,159,13325,222,47142,258,60467,California
Shasta, County,Shasta County,5/16/2021,218,103557,153,44238,55,54792,10,4527,159,13435,59,47201,169,60636,California
Shasta, County,Shasta County,5/17/2021,531,104088,245,44483,227,55019,59,4586,279,13523,250,47451,338,60974,California
Shasta, County,Shasta County,5/18/2021,628,104716,298,44781,304,55323,26,4612,333,13589,293,47744,359,61333,California
Shasta, County,Shasta County,5/19/2021,580,105296,272,45053,240,55563,68,4680,275,13630,302,48046,343,61676,California
Shasta, County,Shasta County,5/20/2021,565,105861,252,45305,294,55857,19,4699,259,13604,303,48349,277,61953,California
Shasta, County,Shasta County,5/21/2021,639,106500,285,45590,335,56192,19,4718,330,13646,307,48656,349,62302,California
Shasta, County,Shasta County,5/22/2021,233,106733,132,45722,93,56285,8,4726,142,13709,88,48744,151,62453,California
Shasta, County,Shasta County,5/23/2021,110,106843,47,45769,57,56342,6,4732,67,13739,43,48787,73,62526,California
Shasta, County,Shasta County,5/24/2021,543,107386,172,45941,339,56681,32,4764,193,13617,347,49134,225,62751,California
Shasta, County,Shasta County,5/25/2021,472,107858,207,46148,220,56901,45,4809,158,13510,309,49443,202,62953,California
Shasta, County,Shasta County,5/26/2021,371,108229,143,46291,204,57105,24,4833,146,13456,224,49667,170,63123,California
Shasta, County,Shasta County,5/27/2021,410,108639,151,46442,250,57355,9,4842,156,13370,251,49918,165,63288,California
Shasta, County,Shasta County,5/28/2021,429,109068,194,46636,208,57563,27,4869,198,13367,228,50146,225,63513,California
Shasta, County,Shasta County,5/29/2021,223,109291,64,46700,128,57691,31,4900,87,13347,136,50282,116,63629,California
Shasta, County,Shasta County,5/30/2021,84,109375,48,46748,34,57725,2,4902,52,13370,31,50313,54,63683,California
Shasta, County,Shasta County,5/31/2021,34,109409,9,46757,24,57749,1,4903,12,13362,21,50334,13,63696,California
Shasta, County,Shasta County,6/1/2021,518,109927,153,46910,221,57970,144,5047,130,13257,379,50713,274,63970,California
Shasta, County,Shasta County,6/2/2021,293,110220,120,47030,164,58134,9,5056,119,13213,172,50885,128,64098,California
Shasta, County,Shasta County,6/3/2021,363,110583,157,47187,199,58333,7,5063,118,13094,244,51129,125,64223,California
Shasta, County,Shasta County,6/4/2021,556,111139,277,47464,253,58586,26,5089,194,12954,360,51489,220,64443,California
Shasta, County,Shasta County,6/5/2021,249,111388,145,47609,86,58672,18,5107,79,12883,169,51658,98,64541,California
Shasta, County,Shasta County,6/6/2021,159,111547,125,47734,32,58704,2,5109,47,12820,112,51770,49,64590,California
Shasta, County,Shasta County,6/7/2021,397,111944,232,47966,148,58852,17,5126,106,12653,290,52060,123,64713,California
Shasta, County,Shasta County,6/8/2021,511,112455,315,48281,152,59004,44,5170,147,12481,363,52423,191,64904,California
Shasta, County,Shasta County,6/9/2021,475,112930,268,48549,120,59124,87,5257,112,12319,360,52783,198,65102,California
Shasta, County,Shasta County,6/10/2021,406,113336,241,48790,140,59264,25,5282,127,12198,273,53056,152,65254,California
Shasta, County,Shasta County,6/11/2021,463,113799,250,49040,175,59439,38,5320,126,12026,335,53391,163,65417,California
Shasta, County,Shasta County,6/12/2021,207,114006,136,49176,65,59504,6,5326,73,11972,133,53524,79,65496,California
Shasta, County,Shasta County,6/13/2021,87,114093,54,49230,31,59535,2,5328,26,11939,61,53585,28,65524,California
Shasta, County,Shasta County,6/14/2021,279,114372,153,49383,109,59644,17,5345,79,11836,199,53784,96,65620,California
Shasta, County,Shasta County,6/15/2021,444,114816,221,49604,113,59757,110,5455,150,11802,288,54072,254,65874,California
Shasta, County,Shasta County,6/16/2021,258,115074,152,49756,94,59851,12,5467,84,11729,169,54241,96,65970,California
Shasta, County,Shasta County,6/17/2021,285,115359,120,49876,129,59980,36,5503,98,11677,186,54427,134,66104,California
Shasta, County,Shasta County,6/18/2021,369,115728,224,50100,125,60105,20,5523,155,11639,213,54640,175,66279,California
Shasta, County,Shasta County,6/19/2021,116,115844,74,50174,38,60143,4,5527,52,11632,62,54702,55,66334,California
Shasta, County,Shasta County,6/20/2021,58,115902,36,50210,18,60161,4,5531,21,11620,37,54739,25,66359,California
Shasta, County,Shasta County,6/21/2021,197,116099,63,50273,106,60267,28,5559,77,11605,120,54859,105,66464,California
Shasta, County,Shasta County,6/22/2021,373,116472,140,50413,82,60349,151,5710,94,11569,271,55130,235,66699,California
Shasta, County,Shasta County,6/23/2021,220,116692,129,50542,74,60423,17,5727,91,11549,128,55258,108,66807,California
Shasta, County,Shasta County,6/24/2021,228,116920,136,50678,74,60497,18,5745,93,11527,133,55391,111,66918,California
Shasta, County,Shasta County,6/25/2021,297,117217,203,50881,81,60578,13,5758,122,11486,175,55566,134,67052,California
Shasta, County,Shasta County,6/26/2021,137,117354,80,50961,47,60625,10,5768,55,11470,81,55647,65,67117,California
Shasta, County,Shasta County,6/27/2021,67,117421,44,51005,19,60644,4,5772,23,11453,44,55691,27,67144,California
Shasta, County,Shasta County,6/28/2021,184,117605,121,51126,47,60691,16,5788,90,11465,94,55785,106,67250,California
Shasta, County,Shasta County,6/29/2021,272,117877,164,51290,80,60771,28,5816,100,11424,169,55954,128,67378,California
Shasta, County,Shasta County,6/30/2021,208,118085,120,51410,75,60846,13,5829,89,11408,118,56072,102,67480,California
Shasta, County,Shasta County,7/1/2021,205,118290,133,51543,61,60907,11,5840,80,11376,123,56195,91,67571,California
Shasta, County,Shasta County,7/2/2021,269,118559,173,51716,82,60989,14,5854,120,11365,145,56340,134,67705,California
Shasta, County,Shasta County,7/3/2021,116,118675,78,51794,32,61021,6,5860,52,11359,64,56404,58,67763,California
Shasta, County,Shasta County,7/4/2021,4,118679,0,51794,3,61024,1,5861,0,11356,4,56408,1,67764,California
Shasta, County,Shasta County,7/5/2021,108,118787,60,51854,38,61062,10,5871,46,11351,61,56469,56,67820,California
Shasta, County,Shasta County,7/6/2021,283,119070,164,52018,99,61161,20,5891,91,11274,188,56657,111,67931,California
Shasta, County,Shasta County,7/7/2021,197,119267,104,52122,54,61215,39,5930,66,11251,128,56785,105,68036,California
Shasta, County,Shasta County,7/8/2021,212,119479,118,52240,77,61292,17,5947,83,11222,128,56913,99,68135,California
Shasta, County,Shasta County,7/9/2021,248,119727,161,52401,79,61371,8,5955,96,11174,152,57065,104,68239,California
Shasta, County,Shasta County,7/10/2021,98,119825,61,52462,33,61404,4,5959,44,11168,54,57119,48,68287,California
Shasta, County,Shasta County,7/11/2021,43,119868,21,52483,20,61424,2,5961,17,11161,26,57145,19,68306,California
Shasta, County,Shasta County,7/12/2021,150,120018,76,52559,55,61479,19,5980,66,11162,84,57229,85,68391,California
Shasta, County,Shasta County,7/13/2021,223,120241,135,52694,78,61557,10,5990,105,11164,114,57343,116,68507,California
Shasta, County,Shasta County,7/14/2021,160,120401,95,52789,61,61618,4,5994,74,11159,83,57426,78,68585,California
Shasta, County,Shasta County,7/15/2021,180,120581,99,52888,75,61693,6,6000,79,11147,97,57523,85,68670,California
Shasta, County,Shasta County,7/16/2021,243,120824,146,53034,80,61773,17,6017,111,11149,125,57648,127,68797,California
Shasta, County,Shasta County,7/17/2021,113,120937,64,53098,43,61816,6,6023,61,11165,51,57699,67,68864,California
Shasta, County,Shasta County,7/18/2021,61,120998,33,53131,24,61840,4,6027,36,11180,25,57724,40,68904,California
Shasta, County,Shasta County,7/19/2021,194,121192,82,53213,68,61908,44,6071,80,11191,113,57837,124,69028,California
Shasta, County,Shasta County,7/20/2021,230,121422,139,53352,79,61987,12,6083,134,11242,95,57932,146,69174,California
Shasta, County,Shasta County,7/21/2021,186,121608,111,53463,62,62049,13,6096,108,11285,78,58010,121,69295,California
Shasta, County,Shasta County,7/22/2021,220,121828,132,53595,74,62123,14,6110,126,11333,92,58102,140,69435,California
Shasta, County,Shasta County,7/23/2021,282,122110,176,53771,86,62209,20,6130,137,11348,142,58244,157,69592,California
Shasta, County,Shasta County,7/24/2021,143,122253,85,53856,53,62262,5,6135,76,11362,67,58311,81,69673,California
Shasta, County,Shasta County,7/25/2021,65,122318,45,53901,20,62282,0,6135,47,11391,18,58329,47,69720,California
Shasta, County,Shasta County,7/26/2021,242,122560,118,54019,82,62364,42,6177,141,11473,101,58430,183,69903,California
Shasta, County,Shasta County,7/27/2021,270,122830,153,54172,97,62461,20,6197,159,11551,99,58529,177,70080,California
Shasta, County,Shasta County,7/28/2021,221,123051,116,54288,91,62552,14,6211,141,11626,80,58609,155,70235,California
Shasta, County,Shasta County,7/29/2021,253,123304,156,54444,78,62630,19,6230,156,11707,94,58703,175,70410,California
Shasta, County,Shasta County,7/30/2021,333,123637,203,54647,115,62745,15,6245,206,11804,123,58826,220,70630,California
Shasta, County,Shasta County,7/31/2021,136,123773,66,54713,62,62807,8,6253,94,11864,42,58868,102,70732,California
Shasta, County,Shasta County,8/1/2021,79,123852,53,54766,22,62829,4,6257,60,11911,17,58885,64,70796,California
Shasta, County,Shasta County,8/2/2021,254,124106,119,54885,89,62918,46,6303,148,12001,104,58989,194,70990,California
Shasta, County,Shasta County,8/3/2021,272,124378,157,55042,99,63017,16,6319,163,12073,107,59096,179,71169,California
Shasta, County,Shasta County,8/4/2021,278,124656,165,55207,76,63093,37,6356,173,12179,104,59200,210,71379,California
Shasta, County,Shasta County,8/5/2021,271,124927,153,55360,98,63191,20,6376,166,12265,100,59300,186,71565,California
Shasta, County,Shasta County,8/6/2021,379,125306,245,55605,110,63301,24,6400,246,12406,129,59429,270,71835,California
Shasta, County,Shasta County,8/7/2021,169,125475,114,55719,54,63355,1,6401,117,12474,50,59479,118,71953,California
Shasta, County,Shasta County,8/8/2021,108,125583,80,55799,26,63381,2,6403,79,12527,28,59507,81,72034,California
Shasta, County,Shasta County,8/9/2021,239,125822,145,55944,71,63452,23,6426,156,12624,81,59588,178,72212,California
Shasta, County,Shasta County,8/10/2021,115,125937,60,56004,39,63491,16,6442,61,12651,49,59637,76,72288,California
Sierra, County,Sierra County,12/15/2020,0,0,0,0,0,0,0,0,0,0,0,0,0,0,California
Sierra, County,Sierra County,12/16/2020,0,0,0,0,0,0,0,0,0,0,0,0,0,0,California
Sierra, County,Sierra County,12/17/2020,0,0,0,0,0,0,0,0,0,0,0,0,0,0,California
Sierra, County,Sierra County,12/18/2020,1,1,1,1,0,0,0,0,1,1,0,0,1,1,California
Sierra, County,Sierra County,12/19/2020,0,1,0,1,0,0,0,0,0,1,0,0,0,1,California
Sierra, County,Sierra County,12/20/2020,0,1,0,1,0,0,0,0,0,1,0,0,0,1,California
Sierra, County,Sierra County,12/21/2020,2,3,2,3,0,0,0,0,2,3,0,0,2,3,California
Sierra, County,Sierra County,12/22/2020,12,15,12,15,0,0,0,0,12,15,0,0,12,15,California
Sierra, County,Sierra County,12/23/2020,4,19,4,19,0,0,0,0,4,19,0,0,4,19,California
Sierra, County,Sierra County,12/24/2020,0,19,0,19,0,0,0,0,0,19,0,0,0,19,California
Sierra, County,Sierra County,12/25/2020,0,19,0,19,0,0,0,0,0,19,0,0,0,19,California
Sierra, County,Sierra County,12/26/2020,0,19,0,19,0,0,0,0,0,19,0,0,0,19,California
Sierra, County,Sierra County,12/27/2020,0,19,0,19,0,0,0,0,0,19,0,0,0,19,California
Sierra, County,Sierra County,12/28/2020,1,20,0,19,1,1,0,0,1,20,0,0,1,20,California
Sierra, County,Sierra County,12/29/2020,49,69,7,26,42,43,0,0,49,69,0,0,49,69,California
Sierra, County,Sierra County,12/30/2020,2,71,0,26,2,45,0,0,2,71,0,0,2,71,California
Sierra, County,Sierra County,12/31/2020,13,84,0,26,13,58,0,0,13,84,0,0,13,84,California
Sierra, County,Sierra County,1/1/2021,1,85,1,27,0,58,0,0,1,85,0,0,1,85,California
Sierra, County,Sierra County,1/2/2021,0,85,0,27,0,58,0,0,0,85,0,0,0,85,California
Sierra, County,Sierra County,1/3/2021,0,85,0,27,0,58,0,0,0,85,0,0,0,85,California
Sierra, County,Sierra County,1/4/2021,0,85,0,27,0,58,0,0,0,85,0,0,0,85,California
Sierra, County,Sierra County,1/5/2021,65,150,3,30,62,120,0,0,65,150,0,0,65,150,California
Sierra, County,Sierra County,1/6/2021,1,151,1,31,0,120,0,0,1,151,0,0,1,151,California
Sierra, County,Sierra County,1/7/2021,20,171,1,32,19,139,0,0,19,169,1,1,19,170,California
Sierra, County,Sierra County,1/8/2021,0,171,0,32,0,139,0,0,0,169,0,1,0,170,California
Sierra, County,Sierra County,1/9/2021,0,171,0,32,0,139,0,0,0,169,0,1,0,170,California
Sierra, County,Sierra County,1/10/2021,0,171,0,32,0,139,0,0,0,169,0,1,0,170,California
Sierra, County,Sierra County,1/11/2021,3,174,3,35,0,139,0,0,0,166,3,4,0,170,California
Sierra, County,Sierra County,1/12/2021,38,212,12,47,26,165,0,0,26,180,12,16,26,196,California
Sierra, County,Sierra County,1/13/2021,3,215,3,50,0,165,0,0,0,177,3,19,0,196,California
Sierra, County,Sierra County,1/14/2021,34,249,2,52,32,197,0,0,34,211,0,19,34,230,California
Sierra, County,Sierra County,1/15/2021,4,253,1,53,3,200,0,0,4,215,0,19,4,234,California
Sierra, County,Sierra County,1/16/2021,0,253,0,53,0,200,0,0,0,215,0,19,0,234,California
Sierra, County,Sierra County,1/17/2021,0,253,0,53,0,200,0,0,0,215,0,19,0,234,California
Sierra, County,Sierra County,1/18/2021,3,256,0,53,3,203,0,0,3,218,0,19,3,237,California
Sierra, County,Sierra County,1/19/2021,34,290,0,53,34,237,0,0,34,252,0,19,34,271,California
Sierra, County,Sierra County,1/20/2021,0,290,0,53,0,237,0,0,0,252,0,19,0,271,California
Sierra, County,Sierra County,1/21/2021,53,343,0,53,53,290,0,0,52,304,1,20,53,324,California
Sierra, County,Sierra County,1/22/2021,2,345,0,53,2,292,0,0,2,306,0,20,2,326,California
Sierra, County,Sierra County,1/23/2021,2,347,0,53,2,294,0,0,2,308,0,20,2,328,California
Sierra, County,Sierra County,1/24/2021,0,347,0,53,0,294,0,0,0,308,0,20,0,328,California
Sierra, County,Sierra County,1/25/2021,1,348,1,54,0,294,0,0,1,309,0,20,1,329,California
Sierra, County,Sierra County,1/26/2021,63,411,2,56,61,355,0,0,24,294,39,59,24,353,California
Sierra, County,Sierra County,1/27/2021,4,415,4,60,0,355,0,0,0,290,4,63,0,353,California
Sierra, County,Sierra County,1/28/2021,53,468,0,60,53,408,0,0,43,323,10,73,43,396,California
Sierra, County,Sierra County,1/29/2021,1,469,0,60,1,409,0,0,1,324,0,73,1,397,California
Sierra, County,Sierra County,1/30/2021,2,471,2,62,0,409,0,0,2,326,0,73,2,399,California
Sierra, County,Sierra County,1/31/2021,0,471,0,62,0,409,0,0,0,326,0,73,0,399,California
Sierra, County,Sierra County,2/1/2021,1,472,0,62,1,410,0,0,0,325,1,74,0,399,California
Sierra, County,Sierra County,2/2/2021,60,532,0,62,60,470,0,0,21,307,39,113,21,420,California
Sierra, County,Sierra County,2/3/2021,5,537,5,67,0,470,0,0,5,312,0,113,5,425,California
Sierra, County,Sierra County,2/4/2021,99,636,2,69,97,567,0,0,50,313,49,162,50,475,California
Sierra, County,Sierra County,2/5/2021,5,641,3,72,2,569,0,0,4,316,1,163,4,479,California
Sierra, County,Sierra County,2/6/2021,0,641,0,72,0,569,0,0,0,316,0,163,0,479,California
Sierra, County,Sierra County,2/7/2021,0,641,0,72,0,569,0,0,0,316,0,163,0,479,California
Sierra, County,Sierra County,2/8/2021,0,641,0,72,0,569,0,0,0,316,0,163,0,479,California
Sierra, County,Sierra County,2/9/2021,55,696,0,72,55,624,0,0,51,363,4,167,51,530,California
Sierra, County,Sierra County,2/10/2021,3,699,0,72,3,627,0,0,2,364,1,168,2,532,California
Sierra, County,Sierra County,2/11/2021,193,892,1,73,192,819,0,0,133,437,60,228,133,665,California
Sierra, County,Sierra County,2/12/2021,20,912,0,73,20,839,0,0,20,457,0,228,20,685,California
Sierra, County,Sierra County,2/13/2021,0,912,0,73,0,839,0,0,0,457,0,228,0,685,California
Sierra, County,Sierra County,2/14/2021,0,912,0,73,0,839,0,0,0,457,0,228,0,685,California
Sierra, County,Sierra County,2/15/2021,3,915,2,75,1,840,0,0,0,454,3,231,0,685,California
Sierra, County,Sierra County,2/16/2021,46,961,1,76,45,885,0,0,10,428,36,267,10,695,California
Sierra, County,Sierra County,2/17/2021,4,965,0,76,4,889,0,0,1,426,3,270,1,696,California
Sierra, County,Sierra County,2/18/2021,142,1107,0,76,142,1031,0,0,92,469,49,319,92,788,California
Sierra, County,Sierra County,2/19/2021,1,1108,0,76,1,1032,0,0,0,468,1,320,0,788,California
Sierra, County,Sierra County,2/20/2021,3,1111,2,78,1,1033,0,0,1,467,2,322,1,789,California
Sierra, County,Sierra County,2/21/2021,0,1111,0,78,0,1033,0,0,0,467,0,322,0,789,California
Sierra, County,Sierra County,2/22/2021,0,1111,0,78,0,1033,0,0,0,467,0,322,0,789,California
Sierra, County,Sierra County,2/23/2021,5,1116,0,78,5,1038,0,0,5,472,0,322,5,794,California
Sierra, County,Sierra County,2/24/2021,1,1117,0,78,1,1039,0,0,1,473,0,322,1,795,California
Sierra, County,Sierra County,2/25/2021,123,1240,0,78,123,1162,0,0,59,469,63,385,59,854,California
Sierra, County,Sierra County,2/26/2021,11,1251,6,84,5,1167,0,0,4,466,7,392,4,858,California
Sierra, County,Sierra County,2/27/2021,0,1251,0,84,0,1167,0,0,0,466,0,392,0,858,California
Sierra, County,Sierra County,2/28/2021,0,1251,0,84,0,1167,0,0,0,466,0,392,0,858,California
Sierra, County,Sierra County,3/1/2021,1,1252,1,85,0,1167,0,0,0,465,1,393,0,858,California
Sierra, County,Sierra County,3/2/2021,59,1311,0,85,59,1226,0,0,39,484,20,413,39,897,California
Sierra, County,Sierra County,3/3/2021,1,1312,1,86,0,1226,0,0,0,483,1,414,0,897,California
Sierra, County,Sierra County,3/4/2021,107,1419,0,86,107,1333,0,0,59,494,48,462,59,956,California
Sierra, County,Sierra County,3/5/2021,12,1431,0,86,12,1345,0,0,10,502,2,464,10,966,California
Sierra, County,Sierra County,3/6/2021,0,1431,0,86,0,1345,0,0,0,502,0,464,0,966,California
Sierra, County,Sierra County,3/7/2021,0,1431,0,86,0,1345,0,0,0,502,0,464,0,966,California
Sierra, County,Sierra County,3/8/2021,1,1432,1,87,0,1345,0,0,1,503,0,464,1,967,California
Sierra, County,Sierra County,3/9/2021,58,1490,0,87,58,1403,0,0,11,467,47,511,11,978,California
Sierra, County,Sierra County,3/10/2021,6,1496,0,87,6,1409,0,0,4,469,2,513,4,982,California
Sierra, County,Sierra County,3/11/2021,173,1669,1,88,172,1581,0,0,42,380,131,644,42,1024,California
Sierra, County,Sierra County,3/12/2021,19,1688,0,88,19,1600,0,0,0,361,19,663,0,1024,California
Sierra, County,Sierra County,3/13/2021,27,1715,0,88,27,1627,0,0,27,388,0,663,27,1051,California
Sierra, County,Sierra County,3/14/2021,0,1715,0,88,0,1627,0,0,0,388,0,663,0,1051,California
Sierra, County,Sierra County,3/15/2021,2,1717,0,88,0,1627,2,2,0,388,2,665,2,1053,California
Sierra, County,Sierra County,3/16/2021,36,1753,0,88,35,1662,1,3,21,395,15,680,22,1075,California
Sierra, County,Sierra County,3/17/2021,1,1754,0,88,1,1663,0,3,0,394,1,681,0,1075,California
Sierra, County,Sierra County,3/18/2021,161,1915,0,88,161,1824,0,3,66,366,94,775,66,1141,California
Sierra, County,Sierra County,3/19/2021,3,1918,1,89,2,1826,0,3,0,363,3,778,0,1141,California
Sierra, County,Sierra County,3/20/2021,2,1920,0,89,2,1828,0,3,1,363,1,779,1,1142,California
Sierra, County,Sierra County,3/21/2021,0,1920,0,89,0,1828,0,3,0,363,0,779,0,1142,California
Sierra, County,Sierra County,3/22/2021,0,1920,0,89,0,1828,0,3,0,363,0,779,0,1142,California
Sierra, County,Sierra County,3/23/2021,23,1943,0,89,23,1851,0,3,13,366,10,789,13,1155,California
Sierra, County,Sierra County,3/24/2021,2,1945,0,89,2,1853,0,3,1,366,1,790,1,1156,California
Sierra, County,Sierra County,3/25/2021,100,2045,1,90,99,1952,0,3,50,367,49,839,50,1206,California
Sierra, County,Sierra County,3/26/2021,11,2056,0,90,11,1963,0,3,8,372,3,842,8,1214,California
Sierra, County,Sierra County,3/27/2021,1,2057,0,90,1,1964,0,3,0,371,1,843,0,1214,California
Sierra, County,Sierra County,3/28/2021,0,2057,0,90,0,1964,0,3,0,371,0,843,0,1214,California
Sierra, County,Sierra County,3/29/2021,1,2058,1,91,0,1964,0,3,0,370,1,844,0,1214,California
Sierra, County,Sierra County,3/30/2021,58,2116,0,91,58,2022,0,3,25,362,33,877,25,1239,California
Sierra, County,Sierra County,3/31/2021,8,2124,0,91,8,2030,0,3,8,370,0,877,8,1247,California
Sierra, County,Sierra County,4/1/2021,64,2188,1,92,63,2093,0,3,5,320,55,932,5,1252,California
Sierra, County,Sierra County,4/2/2021,2,2190,1,93,1,2094,0,3,2,322,0,932,2,1254,California
Sierra, County,Sierra County,4/3/2021,0,2190,0,93,0,2094,0,3,0,322,0,932,0,1254,California
Sierra, County,Sierra County,4/4/2021,1,2191,0,93,1,2095,0,3,0,322,0,932,0,1254,California
Sierra, County,Sierra County,4/5/2021,0,2191,0,93,0,2095,0,3,0,322,0,932,0,1254,California
Sierra, County,Sierra County,4/6/2021,11,2202,0,93,11,2106,0,3,1,313,10,942,1,1255,California
Sierra, County,Sierra County,4/7/2021,13,2215,2,95,6,2112,5,8,2,310,10,952,7,1262,California
Sierra, County,Sierra County,4/8/2021,52,2267,2,97,50,2162,0,8,17,292,35,987,17,1279,California
Sierra, County,Sierra County,4/9/2021,1,2268,1,98,0,2162,0,8,1,293,0,987,1,1280,California
Sierra, County,Sierra County,4/10/2021,27,2295,0,98,27,2189,0,8,0,266,27,1014,0,1280,California
Sierra, County,Sierra County,4/11/2021,0,2295,0,98,0,2189,0,8,0,266,0,1014,0,1280,California
Sierra, County,Sierra County,4/12/2021,1,2296,0,98,0,2189,1,9,0,266,1,1015,1,1281,California
Sierra, County,Sierra County,4/13/2021,45,2341,0,98,45,2234,0,9,5,231,40,1055,5,1286,California
Sierra, County,Sierra County,4/14/2021,1,2342,0,98,1,2235,0,9,1,232,0,1055,1,1287,California
Sierra, County,Sierra County,4/15/2021,50,2392,2,100,48,2283,0,9,2,186,48,1103,2,1289,California
Sierra, County,Sierra County,4/16/2021,0,2392,0,100,0,2283,0,9,0,186,0,1103,0,1289,California
Sierra, County,Sierra County,4/17/2021,2,2394,1,101,1,2284,0,9,1,186,1,1104,1,1290,California
Sierra, County,Sierra County,4/18/2021,1,2395,0,101,1,2285,0,9,0,186,0,1104,0,1290,California
Sierra, County,Sierra County,4/19/2021,1,2396,0,101,1,2286,0,9,1,187,0,1104,1,1291,California
Sierra, County,Sierra County,4/20/2021,34,2430,2,103,32,2318,0,9,6,165,28,1132,6,1297,California
Sierra, County,Sierra County,4/21/2021,2,2432,1,104,1,2319,0,9,1,165,1,1133,1,1298,California
Sierra, County,Sierra County,4/22/2021,64,2496,1,105,63,2382,0,9,5,112,58,1191,5,1303,California
Sierra, County,Sierra County,4/23/2021,12,2508,0,105,12,2394,0,9,3,106,9,1200,3,1306,California
Sierra, County,Sierra County,4/24/2021,4,2512,0,105,4,2398,0,9,4,110,0,1200,4,1310,California
Sierra, County,Sierra County,4/25/2021,0,2512,0,105,0,2398,0,9,0,110,0,1200,0,1310,California
Sierra, County,Sierra County,4/26/2021,1,2513,0,105,1,2399,0,9,1,111,0,1200,1,1311,California
Sierra, County,Sierra County,4/27/2021,30,2543,0,105,30,2429,0,9,4,89,26,1226,4,1315,California
Sierra, County,Sierra County,4/28/2021,10,2553,2,107,8,2437,0,9,2,83,8,1234,2,1317,California
Sierra, County,Sierra County,4/29/2021,21,2574,2,109,19,2456,0,9,14,91,6,1240,14,1331,California
Sierra, County,Sierra County,4/30/2021,3,2577,1,110,2,2458,0,9,1,90,2,1242,1,1332,California
Sierra, County,Sierra County,5/1/2021,1,2578,0,110,1,2459,0,9,0,90,0,1242,0,1332,California
Sierra, County,Sierra County,5/2/2021,0,2578,0,110,0,2459,0,9,0,90,0,1242,0,1332,California
Sierra, County,Sierra County,5/3/2021,1,2579,1,111,0,2459,0,9,1,91,0,1242,1,1333,California
Sierra, County,Sierra County,5/4/2021,3,2582,1,112,1,2460,1,10,1,91,2,1244,2,1335,California
Sierra, County,Sierra County,5/5/2021,24,2606,1,113,23,2483,0,10,8,84,15,1259,8,1343,California
Sierra, County,Sierra County,5/6/2021,2,2608,1,114,1,2484,0,10,0,82,2,1261,0,1343,California
Sierra, County,Sierra County,5/7/2021,0,2608,0,114,0,2484,0,10,0,82,0,1261,0,1343,California
Sierra, County,Sierra County,5/8/2021,1,2609,0,114,0,2484,1,11,0,82,1,1262,1,1344,California
Sierra, County,Sierra County,5/9/2021,0,2609,0,114,0,2484,0,11,0,82,0,1262,0,1344,California
Sierra, County,Sierra County,5/10/2021,0,2609,0,114,0,2484,0,11,0,82,0,1262,0,1344,California
Sierra, County,Sierra County,5/11/2021,12,2621,0,114,4,2488,8,19,0,78,12,1274,8,1352,California
Sierra, County,Sierra County,5/12/2021,12,2633,1,115,11,2499,0,19,9,84,3,1277,9,1361,California
Sierra, County,Sierra County,5/13/2021,3,2636,2,117,1,2500,0,19,2,85,1,1278,2,1363,California
Sierra, County,Sierra County,5/14/2021,3,2639,1,118,2,2502,0,19,3,88,0,1278,3,1366,California
Sierra, County,Sierra County,5/15/2021,1,2640,0,118,0,2502,1,20,0,88,1,1279,1,1367,California
Sierra, County,Sierra County,5/16/2021,0,2640,0,118,0,2502,0,20,0,88,0,1279,0,1367,California
Sierra, County,Sierra County,5/17/2021,1,2641,1,119,0,2502,0,20,1,89,0,1279,1,1368,California
Sierra, County,Sierra County,5/18/2021,1,2642,0,119,0,2502,1,21,0,89,1,1280,1,1369,California
Sierra, County,Sierra County,5/19/2021,7,2649,3,122,4,2506,0,21,2,86,5,1285,2,1371,California
Sierra, County,Sierra County,5/20/2021,9,2658,8,130,0,2506,1,22,8,94,1,1286,9,1380,California
Sierra, County,Sierra County,5/21/2021,3,2661,1,131,2,2508,0,22,1,93,2,1288,1,1381,California
Sierra, County,Sierra County,5/22/2021,5,2666,0,131,5,2513,0,22,1,90,4,1292,1,1382,California
Sierra, County,Sierra County,5/23/2021,1,2667,0,131,1,2514,0,22,1,91,0,1292,1,1383,California
Sierra, County,Sierra County,5/24/2021,4,2671,1,132,3,2517,0,22,2,92,2,1294,3,1386,California
Sierra, County,Sierra County,5/25/2021,4,2675,1,133,3,2520,0,22,1,90,3,1297,1,1387,California
Sierra, County,Sierra County,5/26/2021,9,2684,0,133,9,2529,0,22,4,89,5,1302,4,1391,California
Sierra, County,Sierra County,5/27/2021,8,2692,1,134,6,2535,1,23,2,86,6,1308,3,1394,California
Sierra, County,Sierra County,5/28/2021,3,2695,1,135,2,2537,0,23,2,87,1,1309,2,1396,California
Sierra, County,Sierra County,5/29/2021,2,2697,0,135,2,2539,0,23,2,89,0,1309,2,1398,California
Sierra, County,Sierra County,5/30/2021,1,2698,1,136,0,2539,0,23,1,90,0,1309,1,1399,California
Sierra, County,Sierra County,5/31/2021,0,2698,0,136,0,2539,0,23,0,90,0,1309,0,1399,California
Sierra, County,Sierra County,6/1/2021,1,2699,0,136,1,2540,0,23,0,89,1,1310,0,1399,California
Sierra, County,Sierra County,6/2/2021,23,2722,0,136,21,2561,2,25,0,69,22,1332,2,1401,California
Sierra, County,Sierra County,6/3/2021,3,2725,2,138,1,2562,0,25,0,66,3,1335,0,1401,California
Sierra, County,Sierra County,6/4/2021,2,2727,2,140,0,2562,0,25,1,66,1,1336,1,1402,California
Sierra, County,Sierra County,6/5/2021,0,2727,0,140,0,2562,0,25,0,66,0,1336,0,1402,California
Sierra, County,Sierra County,6/6/2021,0,2727,0,140,0,2562,0,25,0,66,0,1336,0,1402,California
Sierra, County,Sierra County,6/7/2021,0,2727,0,140,0,2562,0,25,0,66,0,1336,0,1402,California
Sierra, County,Sierra County,6/8/2021,1,2728,1,141,0,2562,0,25,1,67,0,1336,1,1403,California
Sierra, County,Sierra County,6/9/2021,9,2737,1,142,6,2568,2,27,0,60,9,1345,2,1405,California
Sierra, County,Sierra County,6/10/2021,8,2745,8,150,0,2568,0,27,4,60,4,1349,4,1409,California
Sierra, County,Sierra County,6/11/2021,3,2748,1,151,2,2570,0,27,0,57,3,1352,0,1409,California
Sierra, County,Sierra County,6/12/2021,1,2749,1,152,0,2570,0,27,1,58,0,1352,1,1410,California
Sierra, County,Sierra County,6/13/2021,1,2750,1,153,0,2570,0,27,0,57,1,1353,0,1410,California
Sierra, County,Sierra County,6/14/2021,7,2757,5,158,1,2571,1,28,3,57,4,1357,4,1414,California
Sierra, County,Sierra County,6/15/2021,1,2758,0,158,1,2572,0,28,0,57,0,1357,0,1414,California
Sierra, County,Sierra County,6/16/2021,7,2765,1,159,6,2578,0,28,3,56,4,1361,3,1417,California
Sierra, County,Sierra County,6/17/2021,5,2770,2,161,1,2579,2,30,2,57,3,1364,4,1421,California
Sierra, County,Sierra County,6/18/2021,2,2772,1,162,0,2579,1,31,0,56,2,1366,1,1422,California
Sierra, County,Sierra County,6/19/2021,0,2772,0,162,0,2579,0,31,0,56,0,1366,0,1422,California
Sierra, County,Sierra County,6/20/2021,0,2772,0,162,0,2579,0,31,0,56,0,1366,0,1422,California
Sierra, County,Sierra County,6/21/2021,1,2773,0,162,1,2580,0,31,0,55,1,1367,0,1422,California
Sierra, County,Sierra County,6/22/2021,5,2778,3,165,2,2582,0,31,3,56,2,1369,3,1425,California
Sierra, County,Sierra County,6/23/2021,7,2785,0,165,7,2589,0,31,3,55,4,1373,3,1428,California
Sierra, County,Sierra County,6/24/2021,6,2791,0,165,2,2591,4,35,1,55,5,1378,5,1433,California
Sierra, County,Sierra County,6/25/2021,0,2791,0,165,0,2591,0,35,0,55,0,1378,0,1433,California
Sierra, County,Sierra County,6/26/2021,1,2792,1,166,0,2591,0,35,1,56,0,1378,1,1434,California
Sierra, County,Sierra County,6/27/2021,1,2793,1,167,0,2591,0,35,1,57,0,1378,1,1435,California
Sierra, County,Sierra County,6/28/2021,1,2794,0,167,0,2591,1,36,0,57,1,1379,1,1436,California
Sierra, County,Sierra County,6/29/2021,0,2794,0,167,0,2591,0,36,0,57,0,1379,0,1436,California
Sierra, County,Sierra County,6/30/2021,3,2797,2,169,0,2591,1,37,1,57,2,1381,2,1438,California
Sierra, County,Sierra County,7/1/2021,3,2800,1,170,2,2593,0,37,2,58,1,1382,2,1440,California
Sierra, County,Sierra County,7/2/2021,1,2801,1,171,0,2593,0,37,0,57,1,1383,0,1440,California
Sierra, County,Sierra County,7/3/2021,1,2802,1,172,0,2593,0,37,0,56,1,1384,0,1440,California
Sierra, County,Sierra County,7/4/2021,0,2802,0,172,0,2593,0,37,0,56,0,1384,0,1440,California
Sierra, County,Sierra County,7/5/2021,0,2802,0,172,0,2593,0,37,0,56,0,1384,0,1440,California
Sierra, County,Sierra County,7/6/2021,0,2802,0,172,0,2593,0,37,0,56,0,1384,0,1440,California
Sierra, County,Sierra County,7/7/2021,6,2808,6,178,0,2593,0,37,2,54,4,1388,2,1442,California
Sierra, County,Sierra County,7/8/2021,2,2810,1,179,1,2594,0,37,1,54,1,1389,1,1443,California
Sierra, County,Sierra County,7/9/2021,2,2812,2,181,0,2594,0,37,2,56,0,1389,2,1445,California
Sierra, County,Sierra County,7/10/2021,0,2812,0,181,0,2594,0,37,0,56,0,1389,0,1445,California
Sierra, County,Sierra County,7/11/2021,0,2812,0,181,0,2594,0,37,0,56,0,1389,0,1445,California
Sierra, County,Sierra County,7/12/2021,2,2814,1,182,1,2595,0,37,1,56,1,1390,1,1446,California
Sierra, County,Sierra County,7/13/2021,2,2816,2,184,0,2595,0,37,0,54,2,1392,0,1446,California
Sierra, County,Sierra County,7/14/2021,5,2821,2,186,2,2597,1,38,1,52,3,1395,1,1447,California
Sierra, County,Sierra County,7/15/2021,4,2825,1,187,2,2599,1,39,2,54,2,1397,4,1451,California
Sierra, County,Sierra County,7/16/2021,1,2826,1,188,0,2599,0,39,1,55,0,1397,1,1452,California
Sierra, County,Sierra County,7/17/2021,0,2826,0,188,0,2599,0,39,0,55,0,1397,0,1452,California
Sierra, County,Sierra County,7/18/2021,3,2829,3,191,0,2599,0,39,2,56,1,1398,2,1454,California
Sierra, County,Sierra County,7/19/2021,0,2829,0,191,0,2599,0,39,0,56,0,1398,0,1454,California
Sierra, County,Sierra County,7/20/2021,0,2829,0,191,0,2599,0,39,0,56,0,1398,0,1454,California
Sierra, County,Sierra County,7/21/2021,1,2830,1,192,0,2599,0,39,0,55,1,1399,0,1454,California
Sierra, County,Sierra County,7/22/2021,10,2840,5,197,5,2604,0,39,9,63,1,1400,9,1463,California
Sierra, County,Sierra County,7/23/2021,3,2843,0,197,3,2607,0,39,0,60,3,1403,0,1463,California
Sierra, County,Sierra County,7/24/2021,0,2843,0,197,0,2607,0,39,0,60,0,1403,0,1463,California
Sierra, County,Sierra County,7/25/2021,0,2843,0,197,0,2607,0,39,0,60,0,1403,0,1463,California
Sierra, County,Sierra County,7/26/2021,2,2845,2,199,0,2607,0,39,1,60,1,1404,1,1464,California
Sierra, County,Sierra County,7/27/2021,1,2846,0,199,1,2608,0,39,0,60,0,1404,0,1464,California
Sierra, County,Sierra County,7/28/2021,0,2846,0,199,0,2608,0,39,0,60,0,1404,0,1464,California
Sierra, County,Sierra County,7/29/2021,5,2851,1,200,4,2612,0,39,3,61,2,1406,3,1467,California
Sierra, County,Sierra County,7/30/2021,3,2854,3,203,0,2612,0,39,1,60,2,1408,1,1468,California
Sierra, County,Sierra County,7/31/2021,0,2854,0,203,0,2612,0,39,0,60,0,1408,0,1468,California
Sierra, County,Sierra County,8/1/2021,0,2854,0,203,0,2612,0,39,0,60,0,1408,0,1468,California
Sierra, County,Sierra County,8/2/2021,2,2856,1,204,0,2612,1,40,1,61,1,1409,2,1470,California
Sierra, County,Sierra County,8/3/2021,3,2859,1,205,1,2613,1,41,2,63,1,1410,3,1473,California
Sierra, County,Sierra County,8/4/2021,2,2861,2,207,0,2613,0,41,2,65,0,1410,2,1475,California
Sierra, County,Sierra County,8/5/2021,12,2873,8,215,2,2615,2,43,8,71,4,1414,10,1485,California
Sierra, County,Sierra County,8/6/2021,1,2874,1,216,0,2615,0,43,1,72,0,1414,1,1486,California
Sierra, County,Sierra County,8/7/2021,0,2874,0,216,0,2615,0,43,0,72,0,1414,0,1486,California
Sierra, County,Sierra County,8/8/2021,0,2874,0,216,0,2615,0,43,0,72,0,1414,0,1486,California
Sierra, County,Sierra County,8/9/2021,5,2879,4,220,0,2615,1,44,2,72,3,1417,3,1489,California
Sierra, County,Sierra County,8/10/2021,2,2881,2,222,0,2615,0,44,2,74,0,1417,2,1491,California
Siskiyou, County,Siskiyou County,12/15/2020,0,0,0,0,0,0,0,0,0,0,0,0,0,0,California
Siskiyou, County,Siskiyou County,12/16/2020,2,2,2,2,0,0,0,0,2,2,0,0,2,2,California
Siskiyou, County,Siskiyou County,12/17/2020,4,6,4,6,0,0,0,0,4,6,0,0,4,6,California
Siskiyou, County,Siskiyou County,12/18/2020,2,8,2,8,0,0,0,0,2,8,0,0,2,8,California
Siskiyou, County,Siskiyou County,12/19/2020,4,12,4,12,0,0,0,0,4,12,0,0,4,12,California
Siskiyou, County,Siskiyou County,12/20/2020,1,13,1,13,0,0,0,0,1,13,0,0,1,13,California
Siskiyou, County,Siskiyou County,12/21/2020,133,146,133,146,0,0,0,0,133,146,0,0,133,146,California
Siskiyou, County,Siskiyou County,12/22/2020,160,306,160,306,0,0,0,0,160,306,0,0,160,306,California
Siskiyou, County,Siskiyou County,12/23/2020,143,449,143,449,0,0,0,0,143,449,0,0,143,449,California
Siskiyou, County,Siskiyou County,12/24/2020,5,454,5,454,0,0,0,0,5,454,0,0,5,454,California
Siskiyou, County,Siskiyou County,12/25/2020,0,454,0,454,0,0,0,0,0,454,0,0,0,454,California
Siskiyou, County,Siskiyou County,12/26/2020,2,456,0,454,2,2,0,0,2,456,0,0,2,456,California
Siskiyou, County,Siskiyou County,12/27/2020,2,458,0,454,2,4,0,0,2,458,0,0,2,458,California
Siskiyou, County,Siskiyou County,12/28/2020,5,463,3,457,2,6,0,0,5,463,0,0,5,463,California
Siskiyou, County,Siskiyou County,12/29/2020,6,469,2,459,4,10,0,0,6,469,0,0,6,469,California
Siskiyou, County,Siskiyou County,12/30/2020,103,572,5,464,98,108,0,0,103,572,0,0,103,572,California
Siskiyou, County,Siskiyou County,12/31/2020,12,584,0,464,12,120,0,0,12,584,0,0,12,584,California
Siskiyou, County,Siskiyou County,1/1/2021,0,584,0,464,0,120,0,0,0,584,0,0,0,584,California
Siskiyou, County,Siskiyou County,1/2/2021,1,585,1,465,0,120,0,0,1,585,0,0,1,585,California
Siskiyou, County,Siskiyou County,1/3/2021,1,586,0,465,1,121,0,0,1,586,0,0,1,586,California
Siskiyou, County,Siskiyou County,1/4/2021,158,744,3,468,155,276,0,0,158,744,0,0,158,744,California
Siskiyou, County,Siskiyou County,1/5/2021,92,836,4,472,88,364,0,0,90,833,2,2,91,835,California
Siskiyou, County,Siskiyou County,1/6/2021,62,898,7,479,55,419,0,0,58,887,4,6,58,893,California
Siskiyou, County,Siskiyou County,1/7/2021,180,1078,4,483,176,595,0,0,179,1065,1,7,179,1072,California
Siskiyou, County,Siskiyou County,1/8/2021,177,1255,3,486,174,769,0,0,175,1238,2,9,175,1247,California
Siskiyou, County,Siskiyou County,1/9/2021,3,1258,3,489,0,769,0,0,1,1237,2,11,1,1248,California
Siskiyou, County,Siskiyou County,1/10/2021,0,1258,0,489,0,769,0,0,0,1237,0,11,0,1248,California
Siskiyou, County,Siskiyou County,1/11/2021,161,1419,140,629,21,790,0,0,23,1122,138,149,23,1271,California
Siskiyou, County,Siskiyou County,1/12/2021,249,1668,199,828,50,840,0,0,90,1054,159,308,91,1362,California
Siskiyou, County,Siskiyou County,1/13/2021,163,1831,142,970,21,861,0,0,23,937,140,448,23,1385,California
Siskiyou, County,Siskiyou County,1/14/2021,35,1866,1,971,34,895,0,0,34,970,1,449,34,1419,California
Siskiyou, County,Siskiyou County,1/15/2021,57,1923,3,974,54,949,0,0,57,1027,0,449,57,1476,California
Siskiyou, County,Siskiyou County,1/16/2021,7,1930,2,976,5,954,0,0,7,1034,0,449,7,1483,California
Siskiyou, County,Siskiyou County,1/17/2021,1,1931,1,977,0,954,0,0,0,1033,1,450,0,1483,California
Siskiyou, County,Siskiyou County,1/18/2021,80,2011,3,980,77,1031,0,0,78,1109,2,452,78,1561,California
Siskiyou, County,Siskiyou County,1/19/2021,35,2046,1,981,34,1065,0,0,34,1142,1,453,34,1595,California
Siskiyou, County,Siskiyou County,1/20/2021,69,2115,36,1017,33,1098,0,0,64,1201,5,458,64,1659,California
Siskiyou, County,Siskiyou County,1/21/2021,68,2183,2,1019,66,1164,0,0,68,1269,0,458,68,1727,California
Siskiyou, County,Siskiyou County,1/22/2021,1340,3523,1173,2192,167,1331,0,0,1340,2609,0,458,1340,3067,California
Siskiyou, County,Siskiyou County,1/23/2021,6,3529,2,2194,4,1335,0,0,3,2609,3,461,3,3070,California
Siskiyou, County,Siskiyou County,1/24/2021,0,3529,0,2194,0,1335,0,0,0,2609,0,461,0,3070,California
Siskiyou, County,Siskiyou County,1/25/2021,212,3741,11,2205,201,1536,0,0,208,2813,4,465,208,3278,California
Siskiyou, County,Siskiyou County,1/26/2021,100,3841,3,2208,97,1633,0,0,91,2895,9,474,91,3369,California
Siskiyou, County,Siskiyou County,1/27/2021,201,4042,4,2212,197,1830,0,0,133,2961,67,541,133,3502,California
Siskiyou, County,Siskiyou County,1/28/2021,285,4327,116,2328,169,1999,0,0,260,3202,19,560,260,3762,California
Siskiyou, County,Siskiyou County,1/29/2021,249,4576,5,2333,244,2243,0,0,231,3415,18,578,231,3993,California
Siskiyou, County,Siskiyou County,1/30/2021,5,4581,4,2337,1,2244,0,0,5,3420,0,578,5,3998,California
Siskiyou, County,Siskiyou County,1/31/2021,1,4582,1,2338,0,2244,0,0,1,3421,0,578,1,3999,California
Siskiyou, County,Siskiyou County,2/1/2021,268,4850,3,2341,265,2509,0,0,114,3381,154,732,114,4113,California
Siskiyou, County,Siskiyou County,2/2/2021,274,5124,45,2386,229,2738,0,0,156,3419,118,850,156,4269,California
Siskiyou, County,Siskiyou County,2/3/2021,319,5443,1,2387,318,3056,0,0,265,3630,54,904,265,4534,California
Siskiyou, County,Siskiyou County,2/4/2021,380,5823,7,2394,373,3429,0,0,223,3696,157,1061,223,4757,California
Siskiyou, County,Siskiyou County,2/5/2021,564,6387,4,2398,560,3989,0,0,377,3886,187,1248,377,5134,California
Siskiyou, County,Siskiyou County,2/6/2021,15,6402,0,2398,15,4004,0,0,15,3901,0,1248,15,5149,California
Siskiyou, County,Siskiyou County,2/7/2021,2,6404,1,2399,1,4005,0,0,2,3903,0,1248,2,5151,California
Siskiyou, County,Siskiyou County,2/8/2021,238,6642,5,2404,233,4238,0,0,213,4091,25,1273,213,5364,California
Siskiyou, County,Siskiyou County,2/9/2021,210,6852,2,2406,208,4446,0,0,179,4239,31,1304,179,5543,California
Siskiyou, County,Siskiyou County,2/10/2021,389,7241,42,2448,347,4793,0,0,319,4489,69,1373,319,5862,California
Siskiyou, County,Siskiyou County,2/11/2021,215,7456,2,2450,213,5006,0,0,185,4644,30,1403,185,6047,California
Siskiyou, County,Siskiyou County,2/12/2021,1700,9156,1196,3646,504,5510,0,0,495,3934,1205,2608,495,6542,California
Siskiyou, County,Siskiyou County,2/13/2021,38,9194,2,3648,36,5546,0,0,33,3962,5,2613,33,6575,California
Siskiyou, County,Siskiyou County,2/14/2021,6,9200,2,3650,4,5550,0,0,6,3968,0,2613,6,6581,California
Siskiyou, County,Siskiyou County,2/15/2021,102,9302,3,3653,99,5649,0,0,97,4060,5,2618,97,6678,California
Siskiyou, County,Siskiyou County,2/16/2021,138,9440,3,3656,135,5784,0,0,100,4122,38,2656,100,6778,California
Siskiyou, County,Siskiyou County,2/17/2021,286,9726,4,3660,282,6066,0,0,249,4334,37,2693,249,7027,California
Siskiyou, County,Siskiyou County,2/18/2021,277,10003,93,3753,184,6250,0,0,129,4315,148,2841,129,7156,California
Siskiyou, County,Siskiyou County,2/19/2021,97,10100,34,3787,63,6313,0,0,35,4290,60,2901,35,7191,California
Siskiyou, County,Siskiyou County,2/20/2021,22,10122,4,3791,18,6331,0,0,16,4302,6,2907,18,7209,California
Siskiyou, County,Siskiyou County,2/21/2021,2,10124,2,3793,0,6331,0,0,1,4302,1,2908,1,7210,California
Siskiyou, County,Siskiyou County,2/22/2021,218,10342,2,3795,216,6547,0,0,77,4238,141,3049,77,7287,California
Siskiyou, County,Siskiyou County,2/23/2021,270,10612,14,3809,256,6803,0,0,180,4328,90,3139,180,7467,California
Siskiyou, County,Siskiyou County,2/24/2021,173,10785,5,3814,168,6971,0,0,50,4255,123,3262,50,7517,California
Siskiyou, County,Siskiyou County,2/25/2021,310,11095,17,3831,293,7264,0,0,148,4242,161,3423,148,7665,California
Siskiyou, County,Siskiyou County,2/26/2021,682,11777,8,3839,674,7938,0,0,370,4300,312,3735,370,8035,California
Siskiyou, County,Siskiyou County,2/27/2021,31,11808,6,3845,25,7963,0,0,27,4323,4,3739,27,8062,California
Siskiyou, County,Siskiyou County,2/28/2021,3,11811,3,3848,0,7963,0,0,2,4324,1,3740,2,8064,California
Siskiyou, County,Siskiyou County,3/1/2021,299,12110,4,3852,295,8258,0,0,52,4129,247,3987,52,8116,California
Siskiyou, County,Siskiyou County,3/2/2021,210,12320,1,3853,209,8467,0,0,72,4063,138,4125,72,8188,California
Siskiyou, County,Siskiyou County,3/3/2021,357,12677,12,3865,345,8812,0,0,157,4020,200,4325,157,8345,California
Siskiyou, County,Siskiyou County,3/4/2021,841,13518,620,4485,221,9033,0,0,644,4467,197,4522,644,8989,California
Siskiyou, County,Siskiyou County,3/5/2021,354,13872,5,4490,338,9371,11,11,108,4343,243,4765,119,9108,California
Siskiyou, County,Siskiyou County,3/6/2021,42,13914,3,4493,32,9403,7,18,27,4362,15,4780,34,9142,California
Siskiyou, County,Siskiyou County,3/7/2021,11,13925,3,4496,0,9403,8,26,1,4361,10,4790,9,9151,California
Siskiyou, County,Siskiyou County,3/8/2021,430,14355,21,4517,376,9779,33,59,69,4102,361,5151,102,9253,California
Siskiyou, County,Siskiyou County,3/9/2021,248,14603,2,4519,191,9970,55,114,44,3996,204,5355,98,9351,California
Siskiyou, County,Siskiyou County,3/10/2021,294,14897,6,4525,259,10229,29,143,24,3779,270,5625,53,9404,California
Siskiyou, County,Siskiyou County,3/11/2021,519,15416,204,4729,269,10498,46,189,281,3872,234,5859,327,9731,California
Siskiyou, County,Siskiyou County,3/12/2021,702,16118,148,4877,515,11013,39,228,190,3590,510,6369,228,9959,California
Siskiyou, County,Siskiyou County,3/13/2021,426,16544,377,5254,26,11039,23,251,377,3941,49,6418,400,10359,California
Siskiyou, County,Siskiyou County,3/14/2021,19,16563,0,5254,3,11042,16,267,2,3941,17,6435,17,10376,California
Siskiyou, County,Siskiyou County,3/15/2021,510,17073,256,5510,191,11233,63,330,334,4162,176,6611,397,10773,California
Siskiyou, County,Siskiyou County,3/16/2021,250,17323,27,5537,207,11440,16,346,133,4195,116,6727,149,10922,California
Siskiyou, County,Siskiyou County,3/17/2021,204,17527,9,5546,186,11626,9,355,35,4070,169,6896,44,10966,California
Siskiyou, County,Siskiyou County,3/18/2021,921,18448,783,6329,126,11752,12,367,801,4764,119,7015,813,11779,California
Siskiyou, County,Siskiyou County,3/19/2021,61,18509,5,6334,43,11795,13,380,17,4750,44,7059,30,11809,California
Siskiyou, County,Siskiyou County,3/20/2021,29,18538,7,6341,18,11813,4,384,5,4735,24,7083,9,11818,California
Siskiyou, County,Siskiyou County,3/21/2021,8,18546,2,6343,1,11814,5,389,3,4738,5,7088,8,11826,California
Siskiyou, County,Siskiyou County,3/22/2021,206,18752,18,6361,165,11979,23,412,141,4840,62,7150,164,11990,California
Siskiyou, County,Siskiyou County,3/23/2021,159,18911,18,6379,133,12112,8,420,119,4927,40,7190,127,12117,California
Siskiyou, County,Siskiyou County,3/24/2021,146,19057,49,6428,97,12209,0,420,115,5011,31,7221,115,12232,California
Siskiyou, County,Siskiyou County,3/25/2021,560,19617,310,6738,247,12456,3,423,388,5230,172,7393,391,12623,California
Siskiyou, County,Siskiyou County,3/26/2021,310,19927,34,6772,276,12732,0,423,101,5124,207,7600,101,12724,California
Siskiyou, County,Siskiyou County,3/27/2021,37,19964,6,6778,26,12758,5,428,10,5112,27,7627,15,12739,California
Siskiyou, County,Siskiyou County,3/28/2021,7,19971,6,6784,1,12759,0,428,5,5115,2,7629,5,12744,California
Siskiyou, County,Siskiyou County,3/29/2021,92,20063,10,6794,80,12839,2,430,43,5111,49,7678,45,12789,California
Siskiyou, County,Siskiyou County,3/30/2021,101,20164,6,6800,94,12933,1,431,38,5088,63,7741,40,12829,California
Siskiyou, County,Siskiyou County,3/31/2021,175,20339,8,6808,164,13097,3,434,44,5008,128,7869,48,12877,California
Siskiyou, County,Siskiyou County,4/1/2021,823,21162,666,7474,157,13254,0,434,209,4603,614,8483,209,13086,California
Siskiyou, County,Siskiyou County,4/2/2021,348,21510,197,7671,147,13401,4,438,66,4393,280,8763,70,13156,California
Siskiyou, County,Siskiyou County,4/3/2021,26,21536,5,7676,14,13415,7,445,5,4384,21,8784,12,13168,California
Siskiyou, County,Siskiyou County,4/4/2021,1,21537,0,7676,1,13416,0,445,1,4385,0,8784,1,13169,California
Siskiyou, County,Siskiyou County,4/5/2021,434,21971,331,8007,78,13494,25,470,25,4027,408,9192,50,13219,California
Siskiyou, County,Siskiyou County,4/6/2021,221,22192,36,8043,132,13626,53,523,128,4116,91,9283,180,13399,California
Siskiyou, County,Siskiyou County,4/7/2021,115,22307,11,8054,63,13689,41,564,64,4171,51,9334,106,13505,California
Siskiyou, County,Siskiyou County,4/8/2021,342,22649,172,8226,126,13815,44,608,64,4001,278,9612,108,13613,California
Siskiyou, County,Siskiyou County,4/9/2021,547,23196,378,8604,131,13946,38,646,86,3666,460,10072,125,13738,California
Siskiyou, County,Siskiyou County,4/10/2021,43,23239,5,8609,2,13948,36,682,5,3669,38,10110,41,13779,California
Siskiyou, County,Siskiyou County,4/11/2021,5,23244,3,8612,1,13949,1,683,1,3667,4,10114,2,13781,California
Siskiyou, County,Siskiyou County,4/12/2021,128,23372,22,8634,104,14053,2,685,31,3603,97,10211,33,13814,California
Siskiyou, County,Siskiyou County,4/13/2021,204,23576,37,8671,166,14219,1,686,81,3562,123,10334,82,13896,California
Siskiyou, County,Siskiyou County,4/14/2021,158,23734,64,8735,94,14313,0,686,86,3578,70,10404,86,13982,California
Siskiyou, County,Siskiyou County,4/15/2021,1112,24846,953,9688,159,14472,0,686,435,3337,677,11081,436,14418,California
Siskiyou, County,Siskiyou County,4/16/2021,309,25155,216,9904,92,14564,1,687,267,3565,39,11120,267,14685,California
Siskiyou, County,Siskiyou County,4/17/2021,11,25166,8,9912,3,14567,0,687,6,3566,5,11125,6,14691,California
Siskiyou, County,Siskiyou County,4/18/2021,6,25172,3,9915,3,14570,0,687,2,3564,4,11129,2,14693,California
Siskiyou, County,Siskiyou County,4/19/2021,129,25301,24,9939,105,14675,0,687,46,3527,83,11212,46,14739,California
Siskiyou, County,Siskiyou County,4/20/2021,208,25509,4,9943,204,14879,0,687,87,3494,120,11332,87,14826,California
Siskiyou, County,Siskiyou County,4/21/2021,96,25605,11,9954,85,14964,0,687,26,3450,70,11402,26,14852,California
Siskiyou, County,Siskiyou County,4/22/2021,406,26011,297,10251,109,15073,0,687,47,3138,359,11761,47,14899,California
Siskiyou, County,Siskiyou County,4/23/2021,181,26192,14,10265,167,15240,0,687,158,3274,22,11783,158,15057,California
Siskiyou, County,Siskiyou County,4/24/2021,26,26218,4,10269,22,15262,0,687,19,3286,7,11790,19,15076,California
Siskiyou, County,Siskiyou County,4/25/2021,2,26220,0,10269,2,15264,0,687,2,3288,0,11790,2,15078,California
Siskiyou, County,Siskiyou County,4/26/2021,99,26319,4,10273,90,15354,5,692,24,3242,75,11865,29,15107,California
Siskiyou, County,Siskiyou County,4/27/2021,115,26434,5,10278,108,15462,2,694,86,3303,27,11892,88,15195,California
Siskiyou, County,Siskiyou County,4/28/2021,110,26544,7,10285,95,15557,8,702,53,3307,57,11949,61,15256,California
Siskiyou, County,Siskiyou County,4/29/2021,148,26692,16,10301,131,15688,1,703,30,3220,118,12067,31,15287,California
Siskiyou, County,Siskiyou County,4/30/2021,103,26795,22,10323,80,15768,1,704,44,3208,56,12123,44,15331,California
Siskiyou, County,Siskiyou County,5/1/2021,10,26805,6,10329,1,15769,3,707,6,3213,4,12127,9,15340,California
Siskiyou, County,Siskiyou County,5/2/2021,9,26814,3,10332,6,15775,0,707,8,3220,1,12128,8,15348,California
Siskiyou, County,Siskiyou County,5/3/2021,105,26919,22,10354,81,15856,2,709,42,3201,63,12191,44,15392,California
Siskiyou, County,Siskiyou County,5/4/2021,121,27040,7,10361,112,15968,2,711,60,3203,60,12251,62,15454,California
Siskiyou, County,Siskiyou County,5/5/2021,116,27156,19,10380,88,16056,9,720,39,3175,76,12327,48,15502,California
Siskiyou, County,Siskiyou County,5/6/2021,365,27521,295,10675,64,16120,6,726,190,3196,175,12502,196,15698,California
Siskiyou, County,Siskiyou County,5/7/2021,306,27827,217,10892,84,16204,5,731,31,2958,274,12776,36,15734,California
Siskiyou, County,Siskiyou County,5/8/2021,24,27851,3,10895,20,16224,1,732,19,2973,5,12781,20,15754,California
Siskiyou, County,Siskiyou County,5/9/2021,1,27852,0,10895,1,16225,0,732,0,2972,1,12782,0,15754,California
Siskiyou, County,Siskiyou County,5/10/2021,98,27950,67,10962,30,16255,1,733,22,2919,76,12858,23,15777,California
Siskiyou, County,Siskiyou County,5/11/2021,90,28040,9,10971,75,16330,6,739,52,2939,38,12896,58,15835,California
Siskiyou, County,Siskiyou County,5/12/2021,113,28153,5,10976,103,16433,5,744,17,2866,95,12991,22,15857,California
Siskiyou, County,Siskiyou County,5/13/2021,130,28283,35,11011,86,16519,9,753,38,2821,92,13083,47,15904,California
Siskiyou, County,Siskiyou County,5/14/2021,176,28459,82,11093,93,16612,1,754,108,2863,67,13150,109,16013,California
Siskiyou, County,Siskiyou County,5/15/2021,44,28503,14,11107,28,16640,2,756,37,2896,6,13156,39,16052,California
Siskiyou, County,Siskiyou County,5/16/2021,6,28509,2,11109,4,16644,0,756,4,2898,2,13158,4,16056,California
Siskiyou, County,Siskiyou County,5/17/2021,63,28572,2,11111,38,16682,23,779,12,2882,51,13209,35,16091,California
Siskiyou, County,Siskiyou County,5/18/2021,214,28786,82,11193,128,16810,4,783,123,2919,90,13299,127,16218,California
Siskiyou, County,Siskiyou County,5/19/2021,200,28986,97,11290,102,16912,1,784,167,3054,33,13332,168,16386,California
Siskiyou, County,Siskiyou County,5/20/2021,534,29520,430,11720,102,17014,2,786,239,3002,293,13625,241,16627,California
Siskiyou, County,Siskiyou County,5/21/2021,240,29760,94,11814,145,17159,1,787,108,2980,131,13756,109,16736,California
Siskiyou, County,Siskiyou County,5/22/2021,41,29801,19,11833,22,17181,0,787,27,2993,14,13770,27,16763,California
Siskiyou, County,Siskiyou County,5/23/2021,3,29804,2,11835,1,17182,0,787,2,2994,1,13771,2,16765,California
Siskiyou, County,Siskiyou County,5/24/2021,43,29847,3,11838,40,17222,0,787,29,3010,13,13784,29,16794,California
Siskiyou, County,Siskiyou County,5/25/2021,154,30001,15,11853,119,17341,20,807,49,2975,104,13888,69,16863,California
Siskiyou, County,Siskiyou County,5/26/2021,76,30077,19,11872,57,17398,0,807,41,2981,35,13923,41,16904,California
Siskiyou, County,Siskiyou County,5/27/2021,130,30207,93,11965,36,17434,1,808,55,2962,75,13998,56,16960,California
Siskiyou, County,Siskiyou County,5/28/2021,152,30359,59,12024,92,17526,1,809,101,3014,50,14048,102,17062,California
Siskiyou, County,Siskiyou County,5/29/2021,16,30375,9,12033,4,17530,3,812,5,3011,11,14059,8,17070,California
Siskiyou, County,Siskiyou County,5/30/2021,0,30375,0,12033,0,17530,0,812,0,3011,0,14059,0,17070,California
Siskiyou, County,Siskiyou County,5/31/2021,2,30377,1,12034,0,17530,1,813,1,3012,1,14060,2,17072,California
Siskiyou, County,Siskiyou County,6/1/2021,87,30464,20,12054,67,17597,0,813,29,2984,57,14117,29,17101,California
Siskiyou, County,Siskiyou County,6/2/2021,118,30582,33,12087,85,17682,0,813,46,2958,72,14189,46,17147,California
Siskiyou, County,Siskiyou County,6/3/2021,155,30737,108,12195,42,17724,5,818,39,2887,115,14304,44,17191,California
Siskiyou, County,Siskiyou County,6/4/2021,100,30837,76,12271,24,17748,0,818,21,2829,79,14383,21,17212,California
Siskiyou, County,Siskiyou County,6/5/2021,37,30874,18,12289,18,17766,1,819,13,2819,24,14407,14,17226,California
Siskiyou, County,Siskiyou County,6/6/2021,3,30877,2,12291,0,17766,1,820,0,2817,3,14410,1,17227,California
Siskiyou, County,Siskiyou County,6/7/2021,39,30916,4,12295,31,17797,4,824,27,2836,12,14422,31,17258,California
Siskiyou, County,Siskiyou County,6/8/2021,211,31127,92,12387,116,17913,3,827,67,2767,139,14561,70,17328,California
Siskiyou, County,Siskiyou County,6/9/2021,110,31237,81,12468,28,17941,1,828,28,2715,81,14642,29,17357,California
Siskiyou, County,Siskiyou County,6/10/2021,176,31413,144,12612,31,17972,1,829,76,2692,100,14742,77,17434,California
Siskiyou, County,Siskiyou County,6/11/2021,114,31527,59,12671,48,18020,7,836,23,2654,68,14810,30,17464,California
Siskiyou, County,Siskiyou County,6/12/2021,29,31556,6,12677,23,18043,0,836,9,2643,20,14830,9,17473,California
Siskiyou, County,Siskiyou County,6/13/2021,24,31580,16,12693,8,18051,0,836,2,2623,22,14852,2,17475,California
Siskiyou, County,Siskiyou County,6/14/2021,24,31604,4,12697,16,18067,4,840,11,2624,13,14865,14,17489,California
Siskiyou, County,Siskiyou County,6/15/2021,91,31695,24,12721,54,18121,13,853,34,2614,57,14922,47,17536,California
Siskiyou, County,Siskiyou County,6/16/2021,102,31797,23,12744,77,18198,2,855,10,2534,92,15014,12,17548,California
Siskiyou, County,Siskiyou County,6/17/2021,184,31981,139,12883,32,18230,13,868,40,2444,143,15157,53,17601,California
Siskiyou, County,Siskiyou County,6/18/2021,97,32078,62,12945,27,18257,8,876,20,2395,77,15234,28,17629,California
Siskiyou, County,Siskiyou County,6/19/2021,26,32104,17,12962,9,18266,0,876,12,2393,14,15248,12,17641,California
Siskiyou, County,Siskiyou County,6/20/2021,3,32107,2,12964,0,18266,1,877,2,2395,1,15249,3,17644,California
Siskiyou, County,Siskiyou County,6/21/2021,38,32145,3,12967,33,18299,2,879,5,2369,33,15282,7,17651,California
Siskiyou, County,Siskiyou County,6/22/2021,66,32211,25,12992,37,18336,4,883,32,2371,34,15316,36,17687,California
Siskiyou, County,Siskiyou County,6/23/2021,54,32265,7,12999,42,18378,5,888,11,2345,42,15358,16,17703,California
Siskiyou, County,Siskiyou County,6/24/2021,100,32365,60,13059,31,18409,9,897,48,2350,52,15410,57,17760,California
Siskiyou, County,Siskiyou County,6/25/2021,98,32463,62,13121,36,18445,0,897,66,2385,31,15441,66,17826,California
Siskiyou, County,Siskiyou County,6/26/2021,8,32471,3,13124,5,18450,0,897,4,2385,4,15445,4,17830,California
Siskiyou, County,Siskiyou County,6/27/2021,0,32471,0,13124,0,18450,0,897,0,2385,0,15445,0,17830,California
Siskiyou, County,Siskiyou County,6/28/2021,10,32481,4,13128,6,18456,0,897,5,2385,5,15450,5,17835,California
Siskiyou, County,Siskiyou County,6/29/2021,77,32558,53,13181,23,18479,1,898,41,2391,36,15486,42,17877,California
Siskiyou, County,Siskiyou County,6/30/2021,58,32616,10,13191,45,18524,3,901,14,2365,43,15529,17,17894,California
Siskiyou, County,Siskiyou County,7/1/2021,34,32650,22,13213,7,18531,5,906,12,2360,22,15551,17,17911,California
Siskiyou, County,Siskiyou County,7/2/2021,58,32708,36,13249,22,18553,0,906,40,2382,18,15569,40,17951,California
Siskiyou, County,Siskiyou County,7/3/2021,16,32724,5,13254,11,18564,0,906,9,2384,7,15576,9,17960,California
Siskiyou, County,Siskiyou County,7/4/2021,0,32724,0,13254,0,18564,0,906,0,2384,0,15576,0,17960,California
Siskiyou, County,Siskiyou County,7/5/2021,15,32739,5,13259,10,18574,0,906,4,2378,10,15586,4,17964,California
Siskiyou, County,Siskiyou County,7/6/2021,60,32799,14,13273,41,18615,5,911,17,2357,43,15629,22,17986,California
Siskiyou, County,Siskiyou County,7/7/2021,36,32835,10,13283,24,18639,2,913,12,2347,24,15653,14,18000,California
Siskiyou, County,Siskiyou County,7/8/2021,106,32941,72,13355,31,18670,3,916,42,2329,64,15717,46,18046,California
Siskiyou, County,Siskiyou County,7/9/2021,73,33014,45,13400,24,18694,4,920,53,2366,20,15737,57,18103,California
Siskiyou, County,Siskiyou County,7/10/2021,16,33030,6,13406,10,18704,0,920,7,2364,9,15746,7,18110,California
Siskiyou, County,Siskiyou County,7/11/2021,2,33032,0,13406,2,18706,0,920,2,2366,0,15746,2,18112,California
Siskiyou, County,Siskiyou County,7/12/2021,24,33056,10,13416,13,18719,1,921,4,2351,20,15766,5,18117,California
Siskiyou, County,Siskiyou County,7/13/2021,59,33115,26,13442,31,18750,2,923,26,2346,33,15799,28,18145,California
Siskiyou, County,Siskiyou County,7/14/2021,32,33147,12,13454,19,18769,1,924,15,2346,16,15815,16,18161,California
Siskiyou, County,Siskiyou County,7/15/2021,74,33221,50,13504,19,18788,5,929,38,2353,36,15851,43,18204,California
Siskiyou, County,Siskiyou County,7/16/2021,70,33291,52,13556,14,18802,4,933,14,2316,55,15906,18,18222,California
Siskiyou, County,Siskiyou County,7/17/2021,5,33296,2,13558,3,18805,0,933,3,2317,2,15908,3,18225,California
Siskiyou, County,Siskiyou County,7/18/2021,4,33300,1,13559,3,18808,0,933,4,2321,0,15908,4,18229,California
Siskiyou, County,Siskiyou County,7/19/2021,12,33312,3,13562,9,18817,0,933,7,2324,4,15912,7,18236,California
Siskiyou, County,Siskiyou County,7/20/2021,81,33393,53,13615,22,18839,6,939,35,2319,46,15958,41,18277,California
Siskiyou, County,Siskiyou County,7/21/2021,32,33425,17,13632,15,18854,0,939,22,2331,10,15968,22,18299,California
Siskiyou, County,Siskiyou County,7/22/2021,70,33495,44,13676,23,18877,3,942,43,2350,27,15995,46,18345,California
Siskiyou, County,Siskiyou County,7/23/2021,62,33557,39,13715,23,18900,0,942,27,2344,33,16028,27,18372,California
Siskiyou, County,Siskiyou County,7/24/2021,18,33575,10,13725,7,18907,1,943,13,2353,5,16033,14,18386,California
Siskiyou, County,Siskiyou County,7/25/2021,2,33577,0,13725,1,18908,1,944,1,2354,1,16034,2,18388,California
Siskiyou, County,Siskiyou County,7/26/2021,25,33602,16,13741,8,18916,1,945,23,2376,2,16036,24,18412,California
Siskiyou, County,Siskiyou County,7/27/2021,63,33665,26,13767,35,18951,2,947,40,2395,23,16059,42,18454,California
Siskiyou, County,Siskiyou County,7/28/2021,54,33719,28,13795,24,18975,2,949,38,2420,15,16074,40,18494,California
Siskiyou, County,Siskiyou County,7/29/2021,87,33806,47,13842,28,19003,12,961,45,2435,42,16116,57,18551,California
Siskiyou, County,Siskiyou County,7/30/2021,79,33885,52,13894,24,19027,3,964,29,2417,50,16166,32,18583,California
Siskiyou, County,Siskiyou County,7/31/2021,19,33904,10,13904,9,19036,0,964,13,2424,6,16172,13,18596,California
Siskiyou, County,Siskiyou County,8/1/2021,10,33914,0,13904,10,19046,0,964,9,2432,1,16173,9,18605,California
Siskiyou, County,Siskiyou County,8/2/2021,41,33955,14,13918,23,19069,4,968,29,2453,12,16185,33,18638,California
Siskiyou, County,Siskiyou County,8/3/2021,117,34072,54,13972,58,19127,5,973,73,2487,44,16229,78,18716,California
Siskiyou, County,Siskiyou County,8/4/2021,62,34134,29,14001,30,19157,3,976,50,2529,11,16240,53,18769,California
Siskiyou, County,Siskiyou County,8/5/2021,67,34201,46,14047,12,19169,9,985,29,2530,36,16276,37,18806,California
Siskiyou, County,Siskiyou County,8/6/2021,95,34296,65,14112,25,19194,5,990,67,2574,27,16303,71,18877,California
Siskiyou, County,Siskiyou County,8/7/2021,8,34304,6,14118,2,19196,0,990,6,2578,2,16305,6,18883,California
Siskiyou, County,Siskiyou County,8/8/2021,2,34306,1,14119,0,19196,1,991,1,2579,1,16306,2,18885,California
Siskiyou, County,Siskiyou County,8/9/2021,50,34356,31,14150,17,19213,2,993,39,2611,9,16315,41,18926,California
Siskiyou, County,Siskiyou County,8/10/2021,73,34429,47,14197,17,19230,9,1002,47,2641,26,16341,56,18982,California
Solano, County,Solano County,12/15/2020,4,4,4,4,0,0,0,0,4,4,0,0,4,4,California
Solano, County,Solano County,12/16/2020,71,75,71,75,0,0,0,0,71,75,0,0,71,75,California
Solano, County,Solano County,12/17/2020,167,242,167,242,0,0,0,0,167,242,0,0,167,242,California
Solano, County,Solano County,12/18/2020,477,719,475,717,2,2,0,0,477,719,0,0,477,719,California
Solano, County,Solano County,12/19/2020,524,1243,524,1241,0,2,0,0,524,1243,0,0,524,1243,California
Solano, County,Solano County,12/20/2020,348,1591,346,1587,2,4,0,0,348,1591,0,0,348,1591,California
Solano, County,Solano County,12/21/2020,575,2166,573,2160,2,6,0,0,575,2166,0,0,575,2166,California
Solano, County,Solano County,12/22/2020,658,2824,623,2783,35,41,0,0,658,2824,0,0,658,2824,California
Solano, County,Solano County,12/23/2020,858,3682,762,3545,96,137,0,0,858,3681,1,1,858,3682,California
Solano, County,Solano County,12/24/2020,413,4095,163,3708,250,387,0,0,413,4094,0,1,413,4095,California
Solano, County,Solano County,12/25/2020,9,4104,1,3709,8,395,0,0,9,4103,0,1,9,4104,California
Solano, County,Solano County,12/26/2020,172,4276,43,3752,129,524,0,0,172,4275,0,1,172,4276,California
Solano, County,Solano County,12/27/2020,108,4384,29,3781,79,603,0,0,108,4383,0,1,108,4384,California
Solano, County,Solano County,12/28/2020,893,5277,435,4216,458,1061,0,0,893,5276,0,1,893,5277,California
Solano, County,Solano County,12/29/2020,926,6203,380,4596,546,1607,0,0,926,6202,0,1,926,6203,California
Solano, County,Solano County,12/30/2020,1245,7448,603,5199,642,2249,0,0,1245,7447,0,1,1245,7448,California
Solano, County,Solano County,12/31/2020,544,7992,141,5340,403,2652,0,0,543,7990,0,1,543,7991,California
Solano, County,Solano County,1/1/2021,15,8007,14,5354,1,2653,0,0,15,8005,0,1,15,8006,California
Solano, County,Solano County,1/2/2021,219,8226,169,5523,50,2703,0,0,219,8224,0,1,219,8225,California
Solano, County,Solano County,1/3/2021,55,8281,40,5563,15,2718,0,0,49,8273,0,1,49,8274,California
Solano, County,Solano County,1/4/2021,452,8733,242,5805,210,2928,0,0,443,8714,2,3,443,8717,California
Solano, County,Solano County,1/5/2021,731,9464,379,6184,352,3280,0,0,570,9128,156,159,570,9287,California
Solano, County,Solano County,1/6/2021,842,10306,433,6617,409,3689,0,0,575,9438,265,424,575,9862,California
Solano, County,Solano County,1/7/2021,1064,11370,674,7291,390,4079,0,0,597,9571,465,889,598,10460,California
Solano, County,Solano County,1/8/2021,1162,12532,781,8072,381,4460,0,0,560,9549,584,1473,562,11022,California
Solano, County,Solano County,1/9/2021,900,13432,765,8837,135,4595,0,0,440,9532,457,1930,440,11462,California
Solano, County,Solano County,1/10/2021,264,13696,194,9031,70,4665,0,0,162,9592,102,2032,162,11624,California
Solano, County,Solano County,1/11/2021,1336,15032,1121,10152,215,4880,0,0,819,9894,517,2549,819,12443,California
Solano, County,Solano County,1/12/2021,1572,16604,1173,11325,399,5279,0,0,1027,10378,544,3093,1028,13471,California
Solano, County,Solano County,1/13/2021,1477,18081,999,12324,478,5757,0,0,1223,11349,252,3345,1223,14694,California
Solano, County,Solano County,1/14/2021,1937,20018,829,13153,1108,6865,0,0,1622,12659,312,3657,1622,16316,California
Solano, County,Solano County,1/15/2021,1724,21742,1062,14215,662,7527,0,0,1425,13785,299,3956,1425,17741,California
Solano, County,Solano County,1/16/2021,1299,23041,908,15123,391,7918,0,0,1129,14744,170,4126,1129,18870,California
Solano, County,Solano County,1/17/2021,1059,24100,762,15885,297,8215,0,0,1034,15754,25,4151,1035,19905,California
Solano, County,Solano County,1/18/2021,1434,25534,859,16744,575,8790,0,0,1310,16940,124,4275,1310,21215,California
Solano, County,Solano County,1/19/2021,1670,27204,1346,18090,324,9114,0,0,1391,18053,278,4553,1391,22606,California
Solano, County,Solano County,1/20/2021,2076,29280,1434,19524,642,9756,0,0,1582,19144,491,5044,1582,24188,California
Solano, County,Solano County,1/21/2021,3266,32546,1042,20566,2224,11980,0,0,2904,21688,362,5406,2906,27094,California
Solano, County,Solano County,1/22/2021,1803,34349,859,21425,944,12924,0,0,1605,23096,198,5604,1606,28700,California
Solano, County,Solano County,1/23/2021,743,35092,243,21668,500,13424,0,0,534,23421,210,5814,535,29235,California
Solano, County,Solano County,1/24/2021,458,35550,63,21731,395,13819,0,0,389,23741,69,5883,389,29624,California
Solano, County,Solano County,1/25/2021,1694,37244,632,22363,1062,14881,0,0,1125,24299,568,6451,1126,30750,California
Solano, County,Solano County,1/26/2021,1820,39064,747,23110,1073,15954,0,0,1172,24824,648,7099,1173,31923,California
Solano, County,Solano County,1/27/2021,1820,40884,729,23839,1091,17045,0,0,1197,25402,619,7718,1197,33120,California
Solano, County,Solano County,1/28/2021,1987,42871,712,24551,1275,18320,0,0,1390,26197,596,8314,1391,34511,California
Solano, County,Solano County,1/29/2021,1733,44604,789,25340,944,19264,0,0,1367,27202,362,8676,1367,35878,California
Solano, County,Solano County,1/30/2021,945,45549,436,25776,509,19773,0,0,618,27494,327,9003,619,36497,California
Solano, County,Solano County,1/31/2021,271,45820,181,25957,90,19863,0,0,172,27569,97,9100,172,36669,California
Solano, County,Solano County,2/1/2021,1569,47389,1038,26995,531,20394,0,0,778,27560,787,9887,778,37447,California
Solano, County,Solano County,2/2/2021,3393,50782,1092,28087,2301,22695,0,0,2573,29320,814,10701,2574,40021,California
Solano, County,Solano County,2/3/2021,2277,53059,1307,29394,970,23665,0,0,1168,29382,1106,11807,1168,41189,California
Solano, County,Solano County,2/4/2021,1845,54904,909,30303,936,24601,0,0,1097,29736,743,12550,1097,42286,California
Solano, County,Solano County,2/5/2021,3148,58052,1417,31720,1731,26332,0,0,2127,30849,1014,13564,2127,44413,California
Solano, County,Solano County,2/6/2021,3117,61169,1176,32896,1941,28273,0,0,2282,32300,831,14395,2282,46695,California
Solano, County,Solano County,2/7/2021,857,62026,782,33678,75,28348,0,0,235,31914,621,15016,235,46930,California
Solano, County,Solano County,2/8/2021,1779,63805,1238,34916,541,28889,0,0,723,31584,1053,16069,723,47653,California
Solano, County,Solano County,2/9/2021,1959,65764,1497,36413,462,29351,0,0,691,31009,1266,17335,691,48344,California
Solano, County,Solano County,2/10/2021,2310,68074,1509,37922,801,30152,0,0,825,30351,1483,18818,825,49169,California
Solano, County,Solano County,2/11/2021,2561,70635,1502,39424,1059,31211,0,0,1200,30202,1349,20167,1200,50369,California
Solano, County,Solano County,2/12/2021,4307,74942,1632,41056,2675,33886,0,0,2931,31766,1367,21534,2931,53300,California
Solano, County,Solano County,2/13/2021,2910,77852,248,41304,2662,36548,0,0,2487,33835,418,21952,2487,55787,California
Solano, County,Solano County,2/14/2021,728,78580,205,41509,523,37071,0,0,405,33920,321,22273,406,56193,California
Solano, County,Solano County,2/15/2021,1316,79896,310,41819,1006,38077,0,0,679,33963,636,22909,679,56872,California
Solano, County,Solano County,2/16/2021,2586,82482,1386,43205,1200,39277,0,0,1679,34737,906,23815,1680,58552,California
Solano, County,Solano County,2/17/2021,3299,85781,1448,44653,1851,41128,0,0,2237,35916,1059,24874,2238,60790,California
Solano, County,Solano County,2/18/2021,2972,88753,847,45500,2125,43253,0,0,856,34664,2108,26982,856,61646,California
Solano, County,Solano County,2/19/2021,2523,91276,1476,46976,1047,44300,0,0,1183,34515,1334,28316,1185,62831,California
Solano, County,Solano County,2/20/2021,2802,94078,395,47371,2407,46707,0,0,2272,36258,529,28845,2272,65103,California
Solano, County,Solano County,2/21/2021,2400,96478,2018,49389,382,47089,0,0,2024,37911,371,29216,2024,67127,California
Solano, County,Solano County,2/22/2021,1856,98334,1091,50480,765,47854,0,0,962,37983,891,30107,963,68090,California
Solano, County,Solano County,2/23/2021,2986,101320,1121,51601,1865,49719,0,0,2025,39051,957,31064,2025,70115,California
Solano, County,Solano County,2/24/2021,2610,103930,1301,52902,1309,51028,0,0,1431,39308,1175,32239,1432,71547,California
Solano, County,Solano County,2/25/2021,2718,106648,1601,54503,1117,52145,0,0,1480,39556,1232,33471,1480,73027,California
Solano, County,Solano County,2/26/2021,3648,110296,2317,56820,1331,53476,0,0,2160,40235,1481,34952,2160,75187,California
Solano, County,Solano County,2/27/2021,4040,114336,1553,58373,2486,55962,1,1,3252,42714,775,35727,3254,78441,California
Solano, County,Solano County,2/28/2021,1963,116299,1578,59951,384,56346,1,2,1621,44000,337,36064,1623,80064,California
Solano, County,Solano County,3/1/2021,2801,119100,1235,61186,1565,57911,1,3,2110,45428,683,36747,2111,82175,California
Solano, County,Solano County,3/2/2021,2449,121549,1459,62645,990,58901,0,3,1331,45643,1116,37863,1331,83506,California
Solano, County,Solano County,3/3/2021,2308,123857,1292,63937,1016,59917,0,3,1420,46187,878,38741,1422,84928,California
Solano, County,Solano County,3/4/2021,4482,128339,3467,67404,1013,60930,2,5,3193,48106,1279,40020,3198,88126,California
Solano, County,Solano County,3/5/2021,5054,133393,1704,69108,3341,64271,9,14,4024,51119,1019,41039,4032,92158,California
Solano, County,Solano County,3/6/2021,3920,137313,858,69966,3020,67291,42,56,2654,52562,1253,42292,2696,94854,California
Solano, County,Solano County,3/7/2021,3649,140962,768,70734,2855,70146,26,82,1966,52886,1669,43961,1993,96847,California
Solano, County,Solano County,3/8/2021,2204,143166,1352,72086,581,70727,271,353,1629,54213,571,44532,1898,98745,California
Solano, County,Solano County,3/9/2021,3272,146438,1580,73666,1636,72363,56,409,2356,55704,915,45447,2406,101151,California
Solano, County,Solano County,3/10/2021,2445,148883,1762,75428,598,72961,85,494,1287,55922,1151,46598,1369,102520,California
Solano, County,Solano County,3/11/2021,6080,154963,1767,77195,4067,77028,246,740,5027,60148,1048,47646,5274,107794,California
Solano, County,Solano County,3/12/2021,6163,161126,1577,78772,4407,81435,179,919,3253,60683,2897,50543,3432,111226,California
Solano, County,Solano County,3/13/2021,4640,165766,810,79582,3749,85184,81,1000,2252,60640,2379,52922,2336,113562,California
Solano, County,Solano County,3/14/2021,4034,169800,3149,82731,416,85600,469,1469,1544,60164,2485,55407,2009,115571,California
Solano, County,Solano County,3/15/2021,4062,173862,2475,85206,1254,86854,333,1802,2539,61519,1513,56920,2868,118439,California
Solano, County,Solano County,3/16/2021,3110,176972,1329,86535,1547,88401,234,2036,1568,61787,1532,58452,1800,120239,California
Solano, County,Solano County,3/17/2021,6613,183585,1683,88218,4835,93236,95,2131,4978,65230,1630,60082,5073,125312,California
Solano, County,Solano County,3/18/2021,5267,188852,1866,90084,3361,96597,40,2171,3763,67539,1495,61577,3804,129116,California
Solano, County,Solano County,3/19/2021,3616,192468,2668,92752,871,97468,77,2248,1620,67251,1987,63564,1699,130815,California
Solano, County,Solano County,3/20/2021,5625,198093,1687,94439,3886,101354,52,2300,2627,66943,2986,66550,2678,133493,California
Solano, County,Solano County,3/21/2021,1689,199782,1587,96026,77,101431,25,2325,366,66019,1313,67863,389,133882,California
Solano, County,Solano County,3/22/2021,2702,202484,2054,98080,599,102030,49,2374,1559,66487,1137,69000,1605,135487,California
Solano, County,Solano County,3/23/2021,3621,206105,1706,99786,1870,103900,45,2419,1395,65708,2218,71218,1439,136926,California
Solano, County,Solano County,3/24/2021,2851,208956,1783,101569,1034,104934,34,2453,1353,65604,1489,72707,1385,138311,California
Solano, County,Solano County,3/25/2021,4911,213867,4017,105586,859,105793,35,2488,2280,65293,2625,75332,2314,140625,California
Solano, County,Solano County,3/26/2021,3275,217142,2129,107715,1108,106901,38,2526,1737,65543,1526,76858,1776,142401,California
Solano, County,Solano County,3/27/2021,4235,221377,1155,108870,3038,109939,42,2568,1649,64655,2577,79435,1689,144090,California
Solano, County,Solano County,3/28/2021,1435,222812,1119,109989,299,110238,17,2585,538,64318,892,80327,555,144645,California
Solano, County,Solano County,3/29/2021,3587,226399,2055,112044,1513,111751,19,2604,1532,63830,2040,82367,1552,146197,California
Solano, County,Solano County,3/30/2021,3077,229476,2028,114072,947,112698,102,2706,1902,64659,1173,83540,2002,148199,California
Solano, County,Solano County,3/31/2021,3163,232639,2151,116223,851,113549,161,2867,1847,65352,1311,84851,2004,150203,California
Solano, County,Solano County,4/1/2021,5599,238238,2117,118340,3328,116877,154,3021,3528,66977,2057,86908,3682,153885,California
Solano, County,Solano County,4/2/2021,6673,244911,2244,120584,4262,121139,167,3188,2532,65552,4121,91029,2696,156581,California
Solano, County,Solano County,4/3/2021,1553,246464,989,121573,410,121549,154,3342,586,65326,965,91994,739,157320,California
Solano, County,Solano County,4/4/2021,785,247249,290,121863,191,121740,304,3646,239,65327,542,92536,543,157863,California
Solano, County,Solano County,4/5/2021,3050,250299,2097,123960,742,122482,211,3857,1517,65525,1528,94064,1726,159589,California
Solano, County,Solano County,4/6/2021,6136,256435,1648,125608,3999,126481,489,4346,1624,63135,4502,98566,2112,161701,California
Solano, County,Solano County,4/7/2021,6021,262456,4660,130268,956,127437,405,4751,3419,64374,2583,101149,3822,165523,California
Solano, County,Solano County,4/8/2021,6542,268998,1798,132066,3871,131308,873,5624,1798,62323,4712,105861,2661,168184,California
Solano, County,Solano County,4/9/2021,6470,275468,1686,133752,3929,135237,855,6479,1562,59851,4881,110742,2409,170593,California
Solano, County,Solano County,4/10/2021,1806,277274,973,134725,456,135693,377,6856,816,60054,988,111730,1191,171784,California
Solano, County,Solano County,4/11/2021,1204,278478,772,135497,328,136021,104,6960,644,60245,557,112287,748,172532,California
Solano, County,Solano County,4/12/2021,3296,281774,1712,137209,1218,137239,366,7326,1345,60006,1946,114233,1707,174239,California
Solano, County,Solano County,4/13/2021,2573,284347,1121,138330,1451,138690,1,7327,1331,60101,1237,115470,1332,175571,California
Solano, County,Solano County,4/14/2021,6583,290930,1971,140301,4612,143302,0,7327,1845,57218,4729,120199,1846,177417,California
Solano, County,Solano County,4/15/2021,5794,296724,2182,142483,3611,146913,1,7328,1747,54934,4032,124231,1748,179165,California
Solano, County,Solano County,4/16/2021,3732,300456,2633,145116,1097,148010,2,7330,2310,55833,1413,125644,2312,181477,California
Solano, County,Solano County,4/17/2021,3324,303780,1081,146197,2243,150253,0,7330,1131,54784,2182,127826,1133,182610,California
Solano, County,Solano County,4/18/2021,1055,304835,664,146861,391,150644,0,7330,546,54821,509,128335,546,183156,California
Solano, County,Solano County,4/19/2021,2153,306988,1162,148023,991,151635,0,7330,1160,54997,986,129321,1162,184318,California
Solano, County,Solano County,4/20/2021,3070,310058,1872,149895,1198,152833,0,7330,1683,55299,1381,130702,1683,186001,California
Solano, County,Solano County,4/21/2021,3898,313956,2410,152305,1488,154321,0,7330,2035,55480,1854,132556,2035,188036,California
Solano, County,Solano County,4/22/2021,3085,317041,1535,153840,1550,155871,0,7330,1829,56056,1253,133809,1829,189865,California
Solano, County,Solano County,4/23/2021,4245,321286,2152,155992,2093,157964,0,7330,2555,56931,1682,135491,2557,192422,California
Solano, County,Solano County,4/24/2021,3951,325237,2383,158375,1566,159530,2,7332,2625,58322,1236,136727,2627,195049,California
Solano, County,Solano County,4/25/2021,1449,326686,1124,159499,325,159855,0,7332,1146,59172,296,137023,1146,196195,California
Solano, County,Solano County,4/26/2021,2637,329323,1706,161205,927,160782,4,7336,1450,59454,1172,138195,1454,197649,California
Solano, County,Solano County,4/27/2021,2627,331950,1314,162519,1283,162065,30,7366,1488,59845,1128,139323,1519,199168,California
Solano, County,Solano County,4/28/2021,6158,338108,5092,167611,1019,163084,47,7413,3848,61443,2296,141619,3894,203062,California
Solano, County,Solano County,4/29/2021,4672,342780,1501,169112,3137,166221,34,7447,2101,61015,2563,144182,2135,205197,California
Solano, County,Solano County,4/30/2021,4208,346988,2238,171350,1826,168047,144,7591,1957,60882,2232,146414,2099,207296,California
Solano, County,Solano County,5/1/2021,2203,349191,1692,173042,308,168355,203,7794,1302,61493,894,147308,1505,208801,California
Solano, County,Solano County,5/2/2021,1222,350413,965,174007,230,168585,27,7821,673,61649,544,147852,700,209501,California
Solano, County,Solano County,5/3/2021,1482,351895,1026,175033,370,168955,86,7907,609,61474,871,148723,696,210197,California
Solano, County,Solano County,5/4/2021,1840,353735,1073,176106,702,169657,65,7972,825,61350,1014,149737,890,211087,California
Solano, County,Solano County,5/5/2021,2331,356066,1469,177575,747,170404,115,8087,1121,61378,1206,150943,1234,212321,California
Solano, County,Solano County,5/6/2021,2047,358113,1217,178792,616,171020,214,8301,742,61035,1292,152235,949,213270,California
Solano, County,Solano County,5/7/2021,2888,361001,2018,180810,752,171772,118,8419,996,60263,1883,154118,1111,214381,California
Solano, County,Solano County,5/8/2021,1495,362496,946,181756,432,172204,117,8536,574,60038,916,155034,691,215072,California
Solano, County,Solano County,5/9/2021,457,362953,276,182032,169,172373,12,8548,177,59950,278,155312,190,215262,California
Solano, County,Solano County,5/10/2021,1395,364348,648,182680,640,173013,107,8655,388,59442,1003,156315,495,215757,California
Solano, County,Solano County,5/11/2021,2347,366695,1201,183881,1054,174067,92,8747,686,58564,1656,157971,778,216535,California
Solano, County,Solano County,5/12/2021,2209,368904,1263,185144,771,174838,175,8922,733,58010,1461,159432,907,217442,California
Solano, County,Solano County,5/13/2021,3128,372032,2142,187286,775,175613,211,9133,1634,58366,1490,160922,1846,219288,California
Solano, County,Solano County,5/14/2021,2543,374575,1732,189018,689,176302,122,9255,1077,58110,1455,162377,1199,220487,California
Solano, County,Solano County,5/15/2021,3458,378033,2800,191818,570,176872,88,9343,1309,57368,2138,164515,1396,221883,California
Solano, County,Solano County,5/16/2021,1559,379592,1155,192973,371,177243,33,9376,280,56404,1276,165791,312,222195,California
Solano, County,Solano County,5/17/2021,2480,382072,1414,194387,980,178223,86,9462,871,55768,1589,167380,953,223148,California
Solano, County,Solano County,5/18/2021,2975,385047,1646,196033,1240,179463,89,9551,1478,55852,1483,168863,1567,224715,California
Solano, County,Solano County,5/19/2021,5886,390933,4261,200294,1488,180951,137,9688,2221,54559,3652,172515,2359,227074,California
Solano, County,Solano County,5/20/2021,2652,393585,1587,201881,1002,181953,63,9751,943,53868,1697,174212,1006,228080,California
Solano, County,Solano County,5/21/2021,3628,397213,1887,203768,1671,183624,70,9821,1374,53069,2244,176456,1445,229525,California
Solano, County,Solano County,5/22/2021,2755,399968,2123,205891,538,184162,94,9915,1161,52736,1587,178043,1254,230779,California
Solano, County,Solano County,5/23/2021,1429,401397,1178,207069,227,184389,24,9939,756,52846,670,178713,780,231559,California
Solano, County,Solano County,5/24/2021,1889,403286,1089,208158,727,185116,73,10012,636,52308,1245,179958,707,232266,California
Solano, County,Solano County,5/25/2021,1630,404916,817,208975,752,185868,61,10073,581,51908,1041,180999,641,232907,California
Solano, County,Solano County,5/26/2021,1903,406819,1093,210068,754,186622,56,10129,705,51477,1193,182192,762,233669,California
Solano, County,Solano County,5/27/2021,2161,408980,959,211027,1125,187747,77,10206,890,51182,1261,183453,966,234635,California
Solano, County,Solano County,5/28/2021,2033,411013,1039,212066,938,188685,56,10262,761,50736,1264,184717,818,235453,California
Solano, County,Solano County,5/29/2021,661,411674,333,212399,296,188981,32,10294,309,50727,349,185066,340,235793,California
Solano, County,Solano County,5/30/2021,324,411998,153,212552,146,189127,25,10319,114,50660,207,185273,140,235933,California
Solano, County,Solano County,5/31/2021,126,412124,18,212570,100,189227,8,10327,24,50590,102,185375,32,235965,California
Solano, County,Solano County,6/1/2021,1840,413964,1184,213754,579,189806,77,10404,728,50290,1106,186481,806,236771,California
Solano, County,Solano County,6/2/2021,1830,415794,1288,215042,476,190282,66,10470,922,50374,901,187382,985,237756,California
Solano, County,Solano County,6/3/2021,2224,418018,1754,216796,386,190668,84,10554,709,49661,1507,188889,794,238550,California
Solano, County,Solano County,6/4/2021,1663,419681,1156,217952,442,191110,65,10619,499,49066,1159,190048,564,239114,California
Solano, County,Solano County,6/5/2021,1420,421101,1028,218980,341,191451,51,10670,472,48648,941,190989,523,239637,California
Solano, County,Solano County,6/6/2021,674,421775,554,219534,88,191539,32,10702,360,48726,314,191303,392,240029,California
Solano, County,Solano County,6/7/2021,1238,423013,945,220479,229,191768,64,10766,402,48360,832,192135,466,240495,California
Solano, County,Solano County,6/8/2021,1846,424859,1337,221816,474,192242,35,10801,487,47529,1353,193488,522,241017,California
Solano, County,Solano County,6/9/2021,2123,426982,1812,223628,250,192492,61,10862,665,46803,1451,194939,725,241742,California
Solano, County,Solano County,6/10/2021,1297,428279,841,224469,381,192873,75,10937,415,46420,872,195811,489,242231,California
Solano, County,Solano County,6/11/2021,1604,429883,1277,225746,261,193134,66,11003,582,46049,1017,196828,646,242877,California
Solano, County,Solano County,6/12/2021,1205,431088,926,226672,219,193353,60,11063,203,45317,995,197823,263,243140,California
Solano, County,Solano County,6/13/2021,616,431704,527,227199,80,193433,9,11072,111,44933,504,198327,120,243260,California
Solano, County,Solano County,6/14/2021,1321,433025,930,228129,356,193789,35,11107,271,44195,1042,199369,304,243564,California
Solano, County,Solano County,6/15/2021,1477,434502,933,229062,492,194281,52,11159,605,43986,865,200234,656,244220,California
Solano, County,Solano County,6/16/2021,1164,435666,769,229831,325,194606,70,11229,393,43682,766,201000,462,244682,California
Solano, County,Solano County,6/17/2021,1226,436892,936,230767,220,194826,70,11299,436,43411,776,201776,505,245187,California
Solano, County,Solano County,6/18/2021,1266,438158,959,231726,241,195067,66,11365,466,43148,795,202571,532,245719,California
Solano, County,Solano County,6/19/2021,425,438583,297,232023,100,195167,28,11393,157,43069,264,202835,185,245904,California
Solano, County,Solano County,6/20/2021,181,438764,139,232162,35,195202,7,11400,84,43063,97,202932,91,245995,California
Solano, County,Solano County,6/21/2021,635,439399,405,232567,166,195368,64,11464,395,43283,239,203171,459,246454,California
Solano, County,Solano County,6/22/2021,1187,440586,891,233458,241,195609,55,11519,437,43029,746,203917,492,246946,California
Solano, County,Solano County,6/23/2021,1436,442022,1188,234646,175,195784,73,11592,494,42659,936,204853,566,247512,California
Solano, County,Solano County,6/24/2021,931,442953,693,235339,172,195956,66,11658,396,42590,528,205381,459,247971,California
Solano, County,Solano County,6/25/2021,1056,444009,736,236075,247,196203,73,11731,492,42608,546,205927,564,248535,California
Solano, County,Solano County,6/26/2021,607,444616,472,236547,95,196298,40,11771,259,42560,346,206273,298,248833,California
Solano, County,Solano County,6/27/2021,468,445084,408,236955,58,196356,2,11773,165,42426,301,206574,167,249000,California
Solano, County,Solano County,6/28/2021,989,446073,816,237771,133,196489,40,11813,408,42298,576,207150,448,249448,California
Solano, County,Solano County,6/29/2021,860,446933,656,238427,149,196638,55,11868,373,42242,483,207633,427,249875,California
Solano, County,Solano County,6/30/2021,821,447754,607,239034,171,196809,43,11911,375,42213,446,208079,417,250292,California
Solano, County,Solano County,7/1/2021,667,448421,490,239524,113,196922,64,11975,254,42120,411,208490,318,250610,California
Solano, County,Solano County,7/2/2021,756,449177,576,240100,145,197067,35,12010,300,42005,450,208940,335,250945,California
Solano, County,Solano County,7/3/2021,312,449489,209,240309,88,197155,15,12025,155,42022,153,209093,170,251115,California
Solano, County,Solano County,7/4/2021,34,449523,4,240313,17,197172,13,12038,14,42029,20,209113,27,251142,California
Solano, County,Solano County,7/5/2021,350,449873,243,240556,92,197264,15,12053,174,42046,172,209285,189,251331,California
Solano, County,Solano County,7/6/2021,1023,450896,811,241367,190,197454,22,12075,370,41789,650,209935,393,251724,California
Solano, County,Solano County,7/7/2021,718,451614,511,241878,147,197601,60,12135,278,41694,433,210368,338,252062,California
Solano, County,Solano County,7/8/2021,622,452236,441,242319,157,197758,24,12159,266,41635,351,210719,292,252354,California
Solano, County,Solano County,7/9/2021,786,453022,528,242847,230,197988,28,12187,337,41556,444,211163,365,252719,California
Solano, County,Solano County,7/10/2021,293,453315,196,243043,89,198077,8,12195,133,41541,156,211319,141,252860,California
Solano, County,Solano County,7/11/2021,243,453558,178,243221,61,198138,4,12199,104,41527,122,211441,108,252968,California
Solano, County,Solano County,7/12/2021,770,454328,603,243824,123,198261,44,12243,319,41443,447,211888,363,253331,California
Solano, County,Solano County,7/13/2021,762,455090,534,244358,186,198447,42,12285,338,41405,418,212306,380,253711,California
Solano, County,Solano County,7/14/2021,721,455811,561,244919,119,198566,41,12326,339,41410,372,212678,377,254088,California
Solano, County,Solano County,7/15/2021,623,456434,439,245358,138,198704,46,12372,260,41356,360,213038,306,254394,California
Solano, County,Solano County,7/16/2021,919,457353,739,246097,139,198843,41,12413,425,41329,492,213530,465,254859,California
Solano, County,Solano County,7/17/2021,364,457717,276,246373,78,198921,10,12423,153,41282,210,213740,163,255022,California
Solano, County,Solano County,7/18/2021,252,457969,205,246578,42,198963,5,12428,153,41343,97,213837,158,255180,California
Solano, County,Solano County,7/19/2021,841,458810,697,247275,113,199076,31,12459,407,41351,429,214266,437,255617,California
Solano, County,Solano County,7/20/2021,797,459607,634,247909,132,199208,31,12490,400,41389,394,214660,432,256049,California
Solano, County,Solano County,7/21/2021,799,460406,573,248482,199,199407,27,12517,420,41462,374,215034,447,256496,California
Solano, County,Solano County,7/22/2021,734,461140,568,249050,117,199524,49,12566,384,41548,347,215381,433,256929,California
Solano, County,Solano County,7/23/2021,854,461994,614,249664,219,199743,21,12587,472,41660,381,215762,493,257422,California
Solano, County,Solano County,7/24/2021,402,462396,317,249981,76,199819,9,12596,245,41761,152,215914,253,257675,California
Solano, County,Solano County,7/25/2021,183,462579,134,250115,43,199862,6,12602,140,41864,43,215957,146,257821,California
Solano, County,Solano County,7/26/2021,745,463324,480,250595,232,200094,33,12635,530,42215,212,216169,563,258384,California
Solano, County,Solano County,7/27/2021,727,464051,449,251044,251,200345,27,12662,470,42461,250,216419,496,258880,California
Solano, County,Solano County,7/28/2021,910,464961,726,251770,140,200485,44,12706,538,42680,363,216782,582,259462,California
Solano, County,Solano County,7/29/2021,663,465624,399,252169,245,200730,19,12725,467,42971,195,216977,486,259948,California
Solano, County,Solano County,7/30/2021,856,466480,652,252821,157,200887,47,12772,558,43290,285,217262,604,260552,California
Solano, County,Solano County,7/31/2021,418,466898,289,253110,115,201002,14,12786,275,43443,135,217397,288,260840,California
Solano, County,Solano County,8/1/2021,293,467191,237,253347,51,201053,5,12791,210,43579,79,217476,215,261055,California
Solano, County,Solano County,8/2/2021,874,468065,609,253956,252,201305,13,12804,572,43864,300,217776,585,261640,California
Solano, County,Solano County,8/3/2021,967,469032,742,254698,177,201482,48,12852,623,44201,334,218110,671,262311,California
Solano, County,Solano County,8/4/2021,1004,470036,727,255425,259,201741,18,12870,583,44387,415,218525,601,262912,California
Solano, County,Solano County,8/5/2021,870,470906,607,256032,244,201985,19,12889,633,44808,229,218754,650,263562,California
Solano, County,Solano County,8/6/2021,1106,472012,786,256818,287,202272,33,12922,697,45136,402,219156,730,264292,California
Solano, County,Solano County,8/7/2021,387,472399,253,257071,121,202393,13,12935,242,45249,142,219298,255,264547,California
Solano, County,Solano County,8/8/2021,275,472674,206,257277,69,202462,0,12935,170,45316,103,219401,170,264717,California
Solano, County,Solano County,8/9/2021,849,473523,693,257970,121,202583,35,12970,470,45446,374,219775,504,265221,California
Solano, County,Solano County,8/10/2021,780,474303,542,258512,217,202800,21,12991,450,45588,329,220104,471,265692,California
Sonoma, County,Sonoma County,12/15/2020,4,4,4,4,0,0,0,0,4,4,0,0,4,4,California
Sonoma, County,Sonoma County,12/16/2020,28,32,28,32,0,0,0,0,28,32,0,0,28,32,California
Sonoma, County,Sonoma County,12/17/2020,113,145,113,145,0,0,0,0,113,145,0,0,113,145,California
Sonoma, County,Sonoma County,12/18/2020,442,587,442,587,0,0,0,0,442,587,0,0,442,587,California
Sonoma, County,Sonoma County,12/19/2020,118,705,117,704,1,1,0,0,118,705,0,0,118,705,California
Sonoma, County,Sonoma County,12/20/2020,179,884,179,883,0,1,0,0,179,884,0,0,179,884,California
Sonoma, County,Sonoma County,12/21/2020,911,1795,909,1792,2,3,0,0,909,1793,0,0,909,1793,California
Sonoma, County,Sonoma County,12/22/2020,1357,3152,1270,3062,87,90,0,0,1357,3150,0,0,1357,3150,California
Sonoma, County,Sonoma County,12/23/2020,1607,4759,1233,4295,374,464,0,0,1608,4758,0,0,1608,4758,California
Sonoma, County,Sonoma County,12/24/2020,313,5072,103,4398,210,674,0,0,313,5071,0,0,313,5071,California
Sonoma, County,Sonoma County,12/25/2020,8,5080,1,4399,7,681,0,0,8,5079,0,0,8,5079,California
Sonoma, County,Sonoma County,12/26/2020,265,5345,256,4655,9,690,0,0,265,5344,0,0,265,5344,California
Sonoma, County,Sonoma County,12/27/2020,96,5441,81,4736,15,705,0,0,96,5440,0,0,96,5440,California
Sonoma, County,Sonoma County,12/28/2020,976,6417,540,5276,436,1141,0,0,950,6389,1,1,950,6390,California
Sonoma, County,Sonoma County,12/29/2020,1143,7560,784,6060,359,1500,0,0,1110,7499,0,1,1110,7500,California
Sonoma, County,Sonoma County,12/30/2020,1105,8665,488,6548,617,2117,0,0,1097,8596,0,1,1097,8597,California
Sonoma, County,Sonoma County,12/31/2020,521,9186,69,6617,452,2569,0,0,521,9117,0,1,521,9118,California
Sonoma, County,Sonoma County,1/1/2021,497,9683,249,6866,248,2817,0,0,497,9614,0,1,497,9615,California
Sonoma, County,Sonoma County,1/2/2021,136,9819,129,6995,7,2824,0,0,136,9750,0,1,136,9751,California
Sonoma, County,Sonoma County,1/3/2021,27,9846,11,7006,16,2840,0,0,27,9777,0,1,27,9778,California
Sonoma, County,Sonoma County,1/4/2021,341,10187,105,7111,236,3076,0,0,340,10117,0,1,340,10118,California
Sonoma, County,Sonoma County,1/5/2021,432,10619,98,7209,334,3410,0,0,406,10507,16,17,406,10524,California
Sonoma, County,Sonoma County,1/6/2021,952,11571,434,7643,518,3928,0,0,836,11233,110,127,836,11360,California
Sonoma, County,Sonoma County,1/7/2021,1054,12625,551,8194,503,4431,0,0,870,11920,183,310,870,12230,California
Sonoma, County,Sonoma County,1/8/2021,1826,14451,1255,9449,571,5002,0,0,1336,12768,488,798,1336,13566,California
Sonoma, County,Sonoma County,1/9/2021,643,15094,399,9848,244,5246,0,0,597,13319,46,844,597,14163,California
Sonoma, County,Sonoma County,1/10/2021,472,15566,460,10308,12,5258,0,0,276,13399,196,1040,276,14439,California
Sonoma, County,Sonoma County,1/11/2021,1394,16960,1247,11555,147,5405,0,0,421,12852,968,2008,421,14860,California
Sonoma, County,Sonoma County,1/12/2021,1552,18512,1297,12852,255,5660,0,0,398,12098,1152,3160,398,15258,California
Sonoma, County,Sonoma County,1/13/2021,2049,20561,1363,14215,686,6346,0,0,1179,12411,867,4027,1180,16438,California
Sonoma, County,Sonoma County,1/14/2021,1544,22105,808,15023,736,7082,0,0,1312,13492,231,4258,1312,17750,California
Sonoma, County,Sonoma County,1/15/2021,1564,23669,628,15651,936,8018,0,0,1340,14620,214,4472,1342,19092,California
Sonoma, County,Sonoma County,1/16/2021,1150,24819,613,16264,537,8555,0,0,903,15280,243,4715,903,19995,California
Sonoma, County,Sonoma County,1/17/2021,680,25499,559,16823,121,8676,0,0,597,15794,83,4798,597,20592,California
Sonoma, County,Sonoma County,1/18/2021,1101,26600,930,17753,171,8847,0,0,618,15930,483,5281,619,21211,California
Sonoma, County,Sonoma County,1/19/2021,2103,28703,1003,18756,1100,9947,0,0,1386,16602,715,5996,1387,22598,California
Sonoma, County,Sonoma County,1/20/2021,2190,30893,713,19469,1477,11424,0,0,1510,17444,669,6665,1511,24109,California
Sonoma, County,Sonoma County,1/21/2021,2344,33237,682,20151,1662,13086,0,0,2106,19315,236,6901,2107,26216,California
Sonoma, County,Sonoma County,1/22/2021,2784,36021,1060,21211,1724,14810,0,0,2625,21782,158,7059,2625,28841,California
Sonoma, County,Sonoma County,1/23/2021,775,36796,594,21805,181,14991,0,0,663,22334,111,7170,663,29504,California
Sonoma, County,Sonoma County,1/24/2021,853,37649,715,22520,138,15129,0,0,834,23149,19,7189,834,30338,California
Sonoma, County,Sonoma County,1/25/2021,2206,39855,538,23058,1668,16797,0,0,1712,24368,493,7682,1712,32050,California
Sonoma, County,Sonoma County,1/26/2021,2083,41938,311,23369,1772,18569,0,0,1608,25502,474,8156,1608,33658,California
Sonoma, County,Sonoma County,1/27/2021,3763,45701,1281,24650,2482,21051,0,0,3170,28084,590,8746,3172,36830,California
Sonoma, County,Sonoma County,1/28/2021,4152,49853,1852,26502,2300,23351,0,0,3449,30836,699,9445,3451,40281,California
Sonoma, County,Sonoma County,1/29/2021,3040,52893,1436,27938,1604,24955,0,0,2175,32150,863,10308,2177,42458,California
Sonoma, County,Sonoma County,1/30/2021,2588,55481,2392,30330,196,25151,0,0,2232,34029,354,10662,2233,44691,California
Sonoma, County,Sonoma County,1/31/2021,793,56274,675,31005,118,25269,0,0,561,34359,231,10893,561,45252,California
Sonoma, County,Sonoma County,2/1/2021,2516,58790,863,31868,1653,26922,0,0,2120,36088,391,11284,2120,47372,California
Sonoma, County,Sonoma County,2/2/2021,3635,62425,1408,33276,2227,29149,0,0,3039,38536,591,11875,3039,50411,California
Sonoma, County,Sonoma County,2/3/2021,4082,66507,1329,34605,2753,31902,0,0,3134,40726,944,12819,3134,53545,California
Sonoma, County,Sonoma County,2/4/2021,4263,70770,1753,36358,2510,34412,0,0,3442,43351,819,13638,3444,56989,California
Sonoma, County,Sonoma County,2/5/2021,4862,75632,1752,38110,3110,37522,0,0,3788,46071,1069,14707,3789,60778,California
Sonoma, County,Sonoma County,2/6/2021,2696,78328,2322,40432,374,37896,0,0,2141,47660,553,15260,2142,62920,California
Sonoma, County,Sonoma County,2/7/2021,1576,79904,1438,41870,138,38034,0,0,1305,48694,271,15531,1305,64225,California
Sonoma, County,Sonoma County,2/8/2021,3290,83194,1034,42904,2256,40290,0,0,2684,50774,604,16135,2684,66909,California
Sonoma, County,Sonoma County,2/9/2021,3629,86823,1733,44637,1896,42186,0,0,3133,53414,494,16629,3134,70043,California
Sonoma, County,Sonoma County,2/10/2021,4614,91437,2517,47154,2097,44283,0,0,3577,55965,1027,17656,3578,73621,California
Sonoma, County,Sonoma County,2/11/2021,5662,97099,3051,50205,2611,46894,0,0,4370,59049,1286,18942,4370,77991,California
Sonoma, County,Sonoma County,2/12/2021,6018,103117,3323,53528,2695,49589,0,0,4530,62105,1478,20420,4534,82525,California
Sonoma, County,Sonoma County,2/13/2021,2007,105124,1164,54692,843,50432,0,0,1188,62477,816,21236,1188,83713,California
Sonoma, County,Sonoma County,2/14/2021,2362,107486,1859,56551,503,50935,0,0,1599,63318,758,21994,1599,85312,California
Sonoma, County,Sonoma County,2/15/2021,2176,109662,820,57371,1356,52291,0,0,1614,64374,558,22552,1614,86926,California
Sonoma, County,Sonoma County,2/16/2021,5044,114706,2166,59537,2878,55169,0,0,3746,66832,1290,23842,3748,90674,California
Sonoma, County,Sonoma County,2/17/2021,5682,120388,2954,62491,2728,57897,0,0,3563,68295,2103,25945,3566,94240,California
Sonoma, County,Sonoma County,2/18/2021,7133,127521,3239,65730,3894,61791,0,0,4074,69338,3032,28977,4075,98315,California
Sonoma, County,Sonoma County,2/19/2021,5742,133263,1740,67470,4002,65793,0,0,3554,70722,2172,31149,3556,101871,California
Sonoma, County,Sonoma County,2/20/2021,3144,136407,2847,70317,297,66090,0,0,1214,70017,1919,33068,1214,103085,California
Sonoma, County,Sonoma County,2/21/2021,559,136966,441,70758,118,66208,0,0,138,69743,412,33480,138,103223,California
Sonoma, County,Sonoma County,2/22/2021,3080,140046,1459,72217,1621,67829,0,0,1260,69198,1805,35285,1260,104483,California
Sonoma, County,Sonoma County,2/23/2021,3530,143576,2159,74376,1371,69200,0,0,1649,68978,1869,37154,1649,106132,California
Sonoma, County,Sonoma County,2/24/2021,5952,149528,2657,77033,3295,72495,0,0,3026,69102,2903,40057,3027,109159,California
Sonoma, County,Sonoma County,2/25/2021,6253,155781,2430,79463,3823,76318,0,0,3335,69557,2880,42937,3335,112494,California
Sonoma, County,Sonoma County,2/26/2021,6872,162653,3034,82497,3838,80156,0,0,4339,71381,2515,45452,4339,116833,California
Sonoma, County,Sonoma County,2/27/2021,4412,167065,2057,84554,2355,82511,0,0,2928,72836,1473,46925,2928,119761,California
Sonoma, County,Sonoma County,2/28/2021,2630,169695,1953,86507,676,83187,1,1,753,71734,1856,48781,754,120515,California
Sonoma, County,Sonoma County,3/1/2021,4291,173986,1347,87854,2943,86130,1,2,2197,71866,2068,50849,2200,122715,California
Sonoma, County,Sonoma County,3/2/2021,4592,178578,1584,89438,3005,89135,3,5,2615,72523,1961,52810,2618,125333,California
Sonoma, County,Sonoma County,3/3/2021,5177,183755,2684,92122,2493,91628,0,5,2340,72048,2816,55626,2341,127674,California
Sonoma, County,Sonoma County,3/4/2021,6104,189859,2748,94870,3356,94984,0,5,2621,71212,3457,59083,2621,130295,California
Sonoma, County,Sonoma County,3/5/2021,6574,196433,2925,97795,3634,98618,15,20,2734,70145,3817,62900,2750,133045,California
Sonoma, County,Sonoma County,3/6/2021,2824,199257,1239,99034,1444,100062,141,161,1928,71323,884,63784,2062,135107,California
Sonoma, County,Sonoma County,3/7/2021,1834,201091,1423,100457,316,100378,95,256,400,70384,1430,65214,491,135598,California
Sonoma, County,Sonoma County,3/8/2021,4108,205199,660,101117,3265,103643,183,439,2395,71265,1694,66908,2575,138173,California
Sonoma, County,Sonoma County,3/9/2021,5681,210880,3126,104243,2285,105928,270,709,2702,71264,2959,69867,2958,141131,California
Sonoma, County,Sonoma County,3/10/2021,6074,216954,3213,107456,2513,108441,348,1057,2419,70397,3625,73492,2758,143889,California
Sonoma, County,Sonoma County,3/11/2021,7600,224554,3060,110516,3716,112157,824,1881,2531,68703,5034,78526,3340,147229,California
Sonoma, County,Sonoma County,3/12/2021,7464,232018,2266,112782,3821,115978,1377,3258,2065,66763,5358,83884,3418,150647,California
Sonoma, County,Sonoma County,3/13/2021,3497,235515,1736,114518,1519,117497,242,3500,2044,67598,1445,85329,2280,152927,California
Sonoma, County,Sonoma County,3/14/2021,1381,236896,377,114895,861,118358,143,3643,844,68050,533,85862,985,153912,California
Sonoma, County,Sonoma County,3/15/2021,5289,242185,1541,116436,3358,121716,390,4033,2173,67521,3089,88951,2560,156472,California
Sonoma, County,Sonoma County,3/16/2021,6344,248529,2278,118714,3836,125552,230,4263,2886,67196,3437,92388,3112,159584,California
Sonoma, County,Sonoma County,3/17/2021,6881,255410,3607,122321,3088,128640,186,4449,3273,67071,3582,95970,3457,163041,California
Sonoma, County,Sonoma County,3/18/2021,7203,262613,2966,125287,3620,132260,617,5066,3099,66695,4083,100053,3707,166748,California
Sonoma, County,Sonoma County,3/19/2021,7558,270171,3268,128555,4059,136319,231,5297,2956,65322,4564,104617,3191,169939,California
Sonoma, County,Sonoma County,3/20/2021,3756,273927,1769,130324,1153,137472,834,6131,2026,66450,1718,106335,2846,172785,California
Sonoma, County,Sonoma County,3/21/2021,1399,275326,604,130928,758,138230,37,6168,1204,67505,186,106521,1241,174026,California
Sonoma, County,Sonoma County,3/22/2021,4615,279941,3131,134059,1384,139614,100,6268,3353,69705,1253,107774,3453,177479,California
Sonoma, County,Sonoma County,3/23/2021,5919,285860,3667,137726,2178,141792,74,6342,4445,72764,1459,109233,4518,181997,California
Sonoma, County,Sonoma County,3/24/2021,6930,292790,4338,142064,2512,144304,80,6422,4183,74303,2720,111953,4259,186256,California
Sonoma, County,Sonoma County,3/25/2021,7244,300034,4251,146315,2873,147177,120,6542,4258,75727,2954,114907,4378,190634,California
Sonoma, County,Sonoma County,3/26/2021,7565,307599,3501,149816,3962,151139,102,6644,3784,75868,3744,118651,3885,194519,California
Sonoma, County,Sonoma County,3/27/2021,3964,311563,1527,151343,2067,153206,370,7014,1007,74302,2939,121590,1373,195892,California
Sonoma, County,Sonoma County,3/28/2021,1521,313084,949,152292,544,153750,28,7042,795,74404,720,122310,822,196714,California
Sonoma, County,Sonoma County,3/29/2021,3014,316098,1115,153407,1866,155616,33,7075,1539,74512,1464,123774,1572,198286,California
Sonoma, County,Sonoma County,3/30/2021,6010,322108,3279,156686,2667,158283,64,7139,3115,74809,2881,126655,3178,201464,California
Sonoma, County,Sonoma County,3/31/2021,5814,327922,3446,160132,2152,160435,216,7355,3367,75966,2425,129080,3582,205046,California
Sonoma, County,Sonoma County,4/1/2021,7011,334933,4088,164220,2570,163005,353,7708,3766,76863,3212,132292,4109,209155,California
Sonoma, County,Sonoma County,4/2/2021,6026,340959,3602,167822,2311,165316,113,7821,3600,78160,2407,134699,3704,212859,California
Sonoma, County,Sonoma County,4/3/2021,3813,344772,1887,169709,1701,167017,225,8046,1685,77952,2110,136809,1902,214761,California
Sonoma, County,Sonoma County,4/4/2021,1076,345848,697,170406,288,167305,91,8137,647,78265,425,137234,738,215499,California
Sonoma, County,Sonoma County,4/5/2021,4477,350325,666,171072,3462,170767,349,8486,1671,77484,2800,140034,2019,217518,California
Sonoma, County,Sonoma County,4/6/2021,6997,357322,3537,174609,3044,173811,416,8902,4063,79045,2913,142947,4474,221992,California
Sonoma, County,Sonoma County,4/7/2021,6927,364249,3918,178527,2161,175972,848,9750,3364,79705,3543,146490,4203,226195,California
Sonoma, County,Sonoma County,4/8/2021,7713,371962,4175,182702,2763,178735,775,10525,4226,81229,3468,149958,4992,231187,California
Sonoma, County,Sonoma County,4/9/2021,6889,378851,3840,186542,2152,180887,897,11422,3528,82304,3342,153300,4417,235604,California
Sonoma, County,Sonoma County,4/10/2021,3942,382793,1709,188251,1672,182559,561,11983,1162,81254,2765,156065,1715,237319,California
Sonoma, County,Sonoma County,4/11/2021,1291,384084,614,188865,597,183156,80,12063,443,80930,845,156910,521,237840,California
Sonoma, County,Sonoma County,4/12/2021,4997,389081,2080,190945,2426,185582,491,12554,1848,80131,3130,160040,2331,240171,California
Sonoma, County,Sonoma County,4/13/2021,7983,397064,4688,195633,3291,188873,4,12558,3041,78254,4921,164961,3044,243215,California
Sonoma, County,Sonoma County,4/14/2021,6748,403812,3823,199456,2905,191778,20,12578,2556,76650,4179,169140,2575,245790,California
Sonoma, County,Sonoma County,4/15/2021,7578,411390,4303,203759,3274,195052,1,12579,3632,76355,3928,173068,3633,249423,California
Sonoma, County,Sonoma County,4/16/2021,6977,418367,3490,207249,3485,198537,2,12581,3895,77182,3071,176139,3898,253321,California
Sonoma, County,Sonoma County,4/17/2021,3570,421937,1843,209092,1727,200264,0,12581,1687,77015,1856,177995,1689,255010,California
Sonoma, County,Sonoma County,4/18/2021,1418,423355,1022,210114,396,200660,0,12581,542,76686,871,178866,542,255552,California
Sonoma, County,Sonoma County,4/19/2021,3472,426827,1906,212020,1565,202225,1,12582,1530,76282,1935,180801,1531,257083,California
Sonoma, County,Sonoma County,4/20/2021,6466,433293,3567,215587,2899,205124,0,12582,2389,74612,4061,184862,2391,259474,California
Sonoma, County,Sonoma County,4/21/2021,6934,440227,4393,219980,2539,207663,2,12584,3137,73984,3767,188629,3139,262613,California
Sonoma, County,Sonoma County,4/22/2021,6605,446832,4622,224602,1982,209645,1,12585,2646,72693,3937,192566,2646,265259,California
Sonoma, County,Sonoma County,4/23/2021,7709,454541,4759,229361,2943,212588,7,12592,3734,72485,3951,196517,3743,269002,California
Sonoma, County,Sonoma County,4/24/2021,2843,457384,1534,230895,1294,213882,15,12607,1561,72788,1273,197790,1576,270578,California
Sonoma, County,Sonoma County,4/25/2021,1101,458485,801,231696,300,214182,0,12607,436,72564,660,198450,436,271014,California
Sonoma, County,Sonoma County,4/26/2021,3025,461510,1438,233134,1559,215741,28,12635,1638,72855,1376,199826,1667,272681,California
Sonoma, County,Sonoma County,4/27/2021,5626,467136,3793,236927,1708,217449,125,12760,2247,71865,3362,203188,2372,275053,California
Sonoma, County,Sonoma County,4/28/2021,5028,472164,3302,240229,1522,218971,204,12964,2031,71119,2975,206163,2229,277282,California
Sonoma, County,Sonoma County,4/29/2021,5195,477359,3659,243888,1390,220361,146,13110,1944,69982,3227,209390,2090,279372,California
Sonoma, County,Sonoma County,4/30/2021,5648,483007,3695,247583,1658,222019,295,13405,1849,68351,3774,213164,2143,281515,California
Sonoma, County,Sonoma County,5/1/2021,2586,485593,1831,249414,647,222666,108,13513,1220,68322,1353,214517,1324,282839,California
Sonoma, County,Sonoma County,5/2/2021,881,486474,656,250070,173,222839,52,13565,561,68616,320,214837,614,283453,California
Sonoma, County,Sonoma County,5/3/2021,3319,489793,1715,251785,1451,224290,153,13718,1086,67640,2213,217050,1237,284690,California
Sonoma, County,Sonoma County,5/4/2021,4689,494482,2443,254228,2059,226349,187,13905,1467,66094,3192,220242,1646,286336,California
Sonoma, County,Sonoma County,5/5/2021,3797,498279,2227,256455,1374,227723,196,14101,1343,65198,2433,222675,1537,287873,California
Sonoma, County,Sonoma County,5/6/2021,4674,502953,2460,258915,2083,229806,131,14232,1313,63349,3290,225965,1441,289314,California
Sonoma, County,Sonoma County,5/7/2021,3696,506649,2357,261272,1213,231019,126,14358,1094,61984,2584,228549,1219,290533,California
Sonoma, County,Sonoma County,5/8/2021,1967,508616,1312,262584,562,231581,93,14451,688,61502,1263,229812,781,291314,California
Sonoma, County,Sonoma County,5/9/2021,508,509124,286,262870,179,231760,43,14494,160,61362,343,230155,203,291517,California
Sonoma, County,Sonoma County,5/10/2021,2376,511500,1050,263920,1193,232953,133,14627,295,59723,2064,232219,425,291942,California
Sonoma, County,Sonoma County,5/11/2021,3660,515160,1981,265901,1553,234506,126,14753,878,57966,2761,234980,1004,292946,California
Sonoma, County,Sonoma County,5/12/2021,4132,519292,2542,268443,1437,235943,153,14906,854,55710,3262,238242,1006,293952,California
Sonoma, County,Sonoma County,5/13/2021,5060,524352,2881,271324,2045,237988,134,15040,1678,54155,3365,241607,1810,295762,California
Sonoma, County,Sonoma County,5/14/2021,5931,530283,3660,274984,2133,240121,138,15178,2235,52853,3676,245283,2374,298136,California
Sonoma, County,Sonoma County,5/15/2021,3033,533316,2236,277220,735,240856,62,15240,1905,53705,1116,246399,1968,300104,California
Sonoma, County,Sonoma County,5/16/2021,1359,534675,1139,278359,161,241017,59,15299,1001,54414,351,246750,1060,301164,California
Sonoma, County,Sonoma County,5/17/2021,2472,537147,1835,280194,541,241558,96,15395,901,53845,1564,248314,995,302159,California
Sonoma, County,Sonoma County,5/18/2021,4384,541531,2893,283087,1381,242939,110,15505,1460,52515,2900,251214,1570,303729,California
Sonoma, County,Sonoma County,5/19/2021,3924,545455,2445,285532,1363,244302,116,15621,1489,51701,2419,253633,1605,305334,California
Sonoma, County,Sonoma County,5/20/2021,3476,548931,2271,287803,1110,245412,95,15716,1332,50994,2129,255762,1422,306756,California
Sonoma, County,Sonoma County,5/21/2021,4328,553259,2427,290230,1770,247182,131,15847,1508,49826,2794,258556,1626,308382,California
Sonoma, County,Sonoma County,5/22/2021,2387,555646,1309,291539,1038,248220,40,15887,670,48837,1699,260255,710,309092,California
Sonoma, County,Sonoma County,5/23/2021,1513,557159,1232,292771,264,248484,17,15904,770,48886,738,260993,787,309879,California
Sonoma, County,Sonoma County,5/24/2021,2043,559202,1273,294044,636,249120,134,16038,662,48335,1347,262340,796,310675,California
Sonoma, County,Sonoma County,5/25/2021,2964,562166,1809,295853,1065,250185,90,16128,732,46939,2215,264555,819,311494,California
Sonoma, County,Sonoma County,5/26/2021,2503,564669,1747,297600,643,250828,113,16241,1002,46567,1485,266040,1113,312607,California
Sonoma, County,Sonoma County,5/27/2021,2088,566757,1138,298738,854,251682,96,16337,679,45945,1394,267434,772,313379,California
Sonoma, County,Sonoma County,5/28/2021,2213,568970,1140,299878,980,252662,93,16430,621,45079,1580,269014,714,314093,California
Sonoma, County,Sonoma County,5/29/2021,1356,570326,927,300805,361,253023,68,16498,632,45064,715,269729,700,314793,California
Sonoma, County,Sonoma County,5/30/2021,352,570678,216,301021,125,253148,11,16509,136,45003,207,269936,146,314939,California
Sonoma, County,Sonoma County,5/31/2021,71,570749,27,301048,43,253191,1,16510,18,44969,53,269989,19,314958,California
Sonoma, County,Sonoma County,6/1/2021,1966,572715,1124,302172,766,253957,76,16586,698,44488,1252,271241,771,315729,California
Sonoma, County,Sonoma County,6/2/2021,1590,574305,972,303144,501,254458,117,16703,663,44342,922,272163,776,316505,California
Sonoma, County,Sonoma County,6/3/2021,2029,576334,1400,304544,548,255006,81,16784,434,43270,1586,273749,514,317019,California
Sonoma, County,Sonoma County,6/4/2021,2723,579057,2214,306758,400,255406,109,16893,514,41692,2199,275948,621,317640,California
Sonoma, County,Sonoma County,6/5/2021,1835,580892,1509,308267,295,255701,31,16924,278,40450,1551,277499,309,317949,California
Sonoma, County,Sonoma County,6/6/2021,1035,581927,955,309222,70,255771,10,16934,141,39713,889,278388,152,318101,California
Sonoma, County,Sonoma County,6/7/2021,1506,583433,1259,310481,192,255963,55,16989,334,38935,1164,279552,386,318487,California
Sonoma, County,Sonoma County,6/8/2021,1909,585342,1531,312012,329,256292,49,17038,525,38135,1372,280924,572,319059,California
Sonoma, County,Sonoma County,6/9/2021,1667,587009,1380,313392,225,256517,62,17100,393,37331,1260,282184,456,319515,California
Sonoma, County,Sonoma County,6/10/2021,1851,588860,1511,314903,235,256752,105,17205,552,36702,1284,283468,655,320170,California
Sonoma, County,Sonoma County,6/11/2021,2011,590871,1641,316544,279,257031,91,17296,545,35879,1459,284927,636,320806,California
Sonoma, County,Sonoma County,6/12/2021,1125,591996,889,317433,190,257221,46,17342,344,35494,775,285702,390,321196,California
Sonoma, County,Sonoma County,6/13/2021,560,592556,468,317901,73,257294,19,17361,105,35165,452,286154,123,321319,California
Sonoma, County,Sonoma County,6/14/2021,951,593507,682,318583,207,257501,62,17423,344,34972,599,286753,406,321725,California
Sonoma, County,Sonoma County,6/15/2021,1851,595358,1387,319970,356,257857,108,17531,601,34441,1239,287992,708,322433,California
Sonoma, County,Sonoma County,6/16/2021,1584,596942,1215,321185,267,258124,102,17633,500,33965,1076,289068,600,323033,California
Sonoma, County,Sonoma County,6/17/2021,1038,597980,787,321972,171,258295,80,17713,410,33831,623,289691,489,323522,California
Sonoma, County,Sonoma County,6/18/2021,1080,599060,775,322747,203,258498,102,17815,451,33763,618,290309,550,324072,California
Sonoma, County,Sonoma County,6/19/2021,839,599899,693,323440,107,258605,39,17854,275,33515,561,290870,313,324385,California
Sonoma, County,Sonoma County,6/20/2021,241,600140,199,323639,36,258641,6,17860,82,33447,156,291026,88,324473,California
Sonoma, County,Sonoma County,6/21/2021,550,600690,315,323954,157,258798,78,17938,260,33509,275,291301,337,324810,California
Sonoma, County,Sonoma County,6/22/2021,1255,601945,992,324946,171,258969,92,18030,584,33518,664,291965,673,325483,California
Sonoma, County,Sonoma County,6/23/2021,1226,603171,943,325889,198,259167,85,18115,474,33333,745,292710,560,326043,California
Sonoma, County,Sonoma County,6/24/2021,955,604126,635,326524,218,259385,102,18217,418,33325,526,293236,518,326561,California
Sonoma, County,Sonoma County,6/25/2021,1202,605328,919,327443,202,259587,81,18298,523,33269,658,293894,602,327163,California
Sonoma, County,Sonoma County,6/26/2021,692,606020,496,327939,116,259703,80,18378,332,33324,356,294250,411,327574,California
Sonoma, County,Sonoma County,6/27/2021,193,606213,159,328098,23,259726,11,18389,100,33344,91,294341,111,327685,California
Sonoma, County,Sonoma County,6/28/2021,712,606925,574,328672,82,259808,56,18445,311,33311,399,294740,366,328051,California
Sonoma, County,Sonoma County,6/29/2021,949,607874,731,329403,168,259976,50,18495,400,33215,546,295286,450,328501,California
Sonoma, County,Sonoma County,6/30/2021,895,608769,693,330096,161,260137,41,18536,387,33141,501,295787,427,328928,California
Sonoma, County,Sonoma County,7/1/2021,973,609742,760,330856,141,260278,72,18608,425,33092,544,296331,495,329423,California
Sonoma, County,Sonoma County,7/2/2021,771,610513,551,331407,171,260449,49,18657,364,33104,401,296732,413,329836,California
Sonoma, County,Sonoma County,7/3/2021,565,611078,465,331872,75,260524,25,18682,228,33022,335,297067,253,330089,California
Sonoma, County,Sonoma County,7/4/2021,22,611100,13,331885,8,260532,1,18683,14,33029,8,297075,15,330104,California
Sonoma, County,Sonoma County,7/5/2021,328,611428,245,332130,59,260591,24,18707,151,33027,176,297251,174,330278,California
Sonoma, County,Sonoma County,7/6/2021,1126,612554,901,333031,154,260745,71,18778,412,32803,705,297956,481,330759,California
Sonoma, County,Sonoma County,7/7/2021,787,613341,599,333630,131,260876,57,18835,312,32702,471,298427,370,331129,California
Sonoma, County,Sonoma County,7/8/2021,874,614215,663,334293,124,261000,87,18922,347,32612,522,298949,432,331561,California
Sonoma, County,Sonoma County,7/9/2021,855,615070,637,334930,158,261158,60,18982,401,32620,452,299401,460,332021,California
Sonoma, County,Sonoma County,7/10/2021,601,615671,479,335409,81,261239,41,19023,263,32590,332,299733,302,332323,California
Sonoma, County,Sonoma County,7/11/2021,222,615893,154,335563,65,261304,3,19026,93,32557,129,299862,96,332419,California
Sonoma, County,Sonoma County,7/12/2021,573,616466,419,335982,108,261412,46,19072,234,32503,332,300194,278,332697,California
Sonoma, County,Sonoma County,7/13/2021,1028,617494,831,336813,139,261551,58,19130,401,32339,622,300816,458,333155,California
Sonoma, County,Sonoma County,7/14/2021,715,618209,563,337376,115,261666,37,19167,324,32312,388,301204,361,333516,California
Sonoma, County,Sonoma County,7/15/2021,941,619150,765,338141,115,261781,61,19228,435,32303,504,301708,495,334011,California
Sonoma, County,Sonoma County,7/16/2021,878,620028,687,338828,147,261928,44,19272,408,32287,468,302176,452,334463,California
Sonoma, County,Sonoma County,7/17/2021,793,620821,648,339476,106,262034,39,19311,346,32230,441,302617,384,334847,California
Sonoma, County,Sonoma County,7/18/2021,192,621013,153,339629,24,262058,15,19326,96,32247,92,302709,109,334956,California
Sonoma, County,Sonoma County,7/19/2021,699,621712,523,340152,116,262174,60,19386,334,32280,358,303067,391,335347,California
Sonoma, County,Sonoma County,7/20/2021,1042,622754,853,341005,130,262304,59,19445,543,32390,490,303557,600,335947,California
Sonoma, County,Sonoma County,7/21/2021,795,623549,653,341658,109,262413,33,19478,403,32437,388,303945,435,336382,California
Sonoma, County,Sonoma County,7/22/2021,1001,624550,791,342449,156,262569,54,19532,487,32470,507,304452,540,336922,California
Sonoma, County,Sonoma County,7/23/2021,901,625451,652,343101,183,262752,66,19598,459,32560,435,304887,525,337447,California
Sonoma, County,Sonoma County,7/24/2021,678,626129,550,343651,90,262842,38,19636,406,32736,267,305154,443,337890,California
Sonoma, County,Sonoma County,7/25/2021,196,626325,160,343811,30,262872,6,19642,137,32823,56,305210,143,338033,California
Sonoma, County,Sonoma County,7/26/2021,535,626860,398,344209,98,262970,39,19681,344,33019,186,305396,382,338415,California
Sonoma, County,Sonoma County,7/27/2021,1120,627980,932,345141,138,263108,50,19731,655,33265,458,305854,704,339119,California
Sonoma, County,Sonoma County,7/28/2021,761,628741,600,345741,105,263213,56,19787,418,33402,337,306191,474,339593,California
Sonoma, County,Sonoma County,7/29/2021,1001,629742,806,346547,138,263351,57,19844,608,33679,387,306578,664,340257,California
Sonoma, County,Sonoma County,7/30/2021,979,630721,777,347324,176,263527,26,19870,552,33843,414,306992,578,340835,California
Sonoma, County,Sonoma County,7/31/2021,869,631590,711,348035,121,263648,37,19907,593,34201,272,307264,630,341465,California
Sonoma, County,Sonoma County,8/1/2021,275,631865,201,348236,68,263716,6,19913,175,34292,90,307354,181,341646,California
Sonoma, County,Sonoma County,8/2/2021,657,632522,489,348725,140,263856,28,19941,393,34455,258,307612,421,342067,California
Sonoma, County,Sonoma County,8/3/2021,1381,633903,1131,349856,171,264027,79,20020,891,34942,483,308095,970,343037,California
Sonoma, County,Sonoma County,8/4/2021,1106,635009,883,350739,165,264192,58,20078,679,35262,417,308512,737,343774,California
Sonoma, County,Sonoma County,8/5/2021,1142,636151,936,351675,152,264344,54,20132,667,35517,466,308978,721,344495,California
Sonoma, County,Sonoma County,8/6/2021,1206,637357,970,352645,159,264503,77,20209,771,35942,421,309399,846,345341,California
Sonoma, County,Sonoma County,8/7/2021,794,638151,642,353287,122,264625,30,20239,463,36111,324,309723,493,345834,California
Sonoma, County,Sonoma County,8/8/2021,258,638409,210,353497,47,264672,1,20240,147,36152,107,309830,148,345982,California
Sonoma, County,Sonoma County,8/9/2021,772,639181,622,354119,86,264758,64,20304,432,36328,319,310149,495,346477,California
Sonoma, County,Sonoma County,8/10/2021,903,640084,802,354921,73,264831,28,20332,488,36437,407,310556,516,346993,California
Stanislaus, County,Stanislaus County,12/15/2020,6,6,6,6,0,0,0,0,6,6,0,0,6,6,California
Stanislaus, County,Stanislaus County,12/16/2020,42,48,42,48,0,0,0,0,42,48,0,0,42,48,California
Stanislaus, County,Stanislaus County,12/17/2020,76,124,76,124,0,0,0,0,76,124,0,0,76,124,California
Stanislaus, County,Stanislaus County,12/18/2020,346,470,340,464,6,6,0,0,346,470,0,0,346,470,California
Stanislaus, County,Stanislaus County,12/19/2020,132,602,132,596,0,6,0,0,132,602,0,0,132,602,California
Stanislaus, County,Stanislaus County,12/20/2020,88,690,87,683,1,7,0,0,88,690,0,0,88,690,California
Stanislaus, County,Stanislaus County,12/21/2020,1004,1694,1003,1686,1,8,0,0,1003,1693,1,1,1004,1694,California
Stanislaus, County,Stanislaus County,12/22/2020,796,2490,784,2470,12,20,0,0,796,2489,0,1,796,2490,California
Stanislaus, County,Stanislaus County,12/23/2020,451,2941,432,2902,19,39,0,0,450,2939,1,2,451,2941,California
Stanislaus, County,Stanislaus County,12/24/2020,96,3037,88,2990,8,47,0,0,96,3035,0,2,96,3037,California
Stanislaus, County,Stanislaus County,12/25/2020,0,3037,0,2990,0,47,0,0,0,3035,0,2,0,3037,California
Stanislaus, County,Stanislaus County,12/26/2020,54,3091,10,3000,44,91,0,0,54,3089,0,2,54,3091,California
Stanislaus, County,Stanislaus County,12/27/2020,11,3102,6,3006,5,96,0,0,11,3100,0,2,11,3102,California
Stanislaus, County,Stanislaus County,12/28/2020,488,3590,395,3401,93,189,0,0,487,3586,1,3,487,3589,California
Stanislaus, County,Stanislaus County,12/29/2020,497,4087,412,3813,85,274,0,0,497,4083,0,3,497,4086,California
Stanislaus, County,Stanislaus County,12/30/2020,539,4626,283,4096,256,530,0,0,538,4620,1,4,538,4624,California
Stanislaus, County,Stanislaus County,12/31/2020,280,4906,160,4256,120,650,0,0,280,4900,0,4,280,4904,California
Stanislaus, County,Stanislaus County,1/1/2021,22,4928,9,4265,13,663,0,0,21,4920,1,5,21,4925,California
Stanislaus, County,Stanislaus County,1/2/2021,34,4962,26,4291,8,671,0,0,34,4954,0,5,34,4959,California
Stanislaus, County,Stanislaus County,1/3/2021,89,5051,86,4377,3,674,0,0,89,5043,0,5,89,5048,California
Stanislaus, County,Stanislaus County,1/4/2021,236,5287,157,4534,79,753,0,0,236,5279,0,5,236,5284,California
Stanislaus, County,Stanislaus County,1/5/2021,861,6148,362,4896,499,1252,0,0,831,6092,29,34,842,6126,California
Stanislaus, County,Stanislaus County,1/6/2021,1014,7162,608,5504,406,1658,0,0,931,6952,80,114,940,7066,California
Stanislaus, County,Stanislaus County,1/7/2021,1088,8250,710,6214,378,2036,0,0,891,7656,192,306,896,7962,California
Stanislaus, County,Stanislaus County,1/8/2021,1304,9554,745,6959,559,2595,0,0,946,8260,355,661,959,8921,California
Stanislaus, County,Stanislaus County,1/9/2021,293,9847,145,7104,148,2743,0,0,205,8377,88,749,205,9126,California
Stanislaus, County,Stanislaus County,1/10/2021,48,9895,20,7124,28,2771,0,0,29,8387,19,768,29,9155,California
Stanislaus, County,Stanislaus County,1/11/2021,1518,11413,1230,8354,288,3059,0,0,576,8049,934,1702,596,9751,California
Stanislaus, County,Stanislaus County,1/12/2021,1491,12904,877,9231,614,3673,0,0,833,8248,654,2356,853,10604,California
Stanislaus, County,Stanislaus County,1/13/2021,1463,14367,692,9923,771,4444,0,0,1125,9056,337,2693,1145,11749,California
Stanislaus, County,Stanislaus County,1/14/2021,2289,16656,288,10211,2001,6445,0,0,2080,11032,205,2898,2181,13930,California
Stanislaus, County,Stanislaus County,1/15/2021,2862,19518,1173,11384,1689,8134,0,0,2678,13637,178,3076,2783,16713,California
Stanislaus, County,Stanislaus County,1/16/2021,476,19994,51,11435,425,8559,0,0,457,14078,18,3094,459,17172,California
Stanislaus, County,Stanislaus County,1/17/2021,245,20239,203,11638,42,8601,0,0,237,14308,7,3101,237,17409,California
Stanislaus, County,Stanislaus County,1/18/2021,2213,22452,1032,12670,1181,9782,0,0,1802,15795,406,3507,1893,19302,California
Stanislaus, County,Stanislaus County,1/19/2021,1273,23725,724,13394,549,10331,0,0,822,16172,446,3953,823,20125,California
Stanislaus, County,Stanislaus County,1/20/2021,1042,24767,496,13890,546,10877,0,0,746,16625,293,4246,746,20871,California
Stanislaus, County,Stanislaus County,1/21/2021,3754,28521,3014,16904,740,11617,0,0,3375,19771,374,4620,3520,24391,California
Stanislaus, County,Stanislaus County,1/22/2021,1125,29646,315,17219,810,12427,0,0,1078,20809,43,4663,1081,25472,California
Stanislaus, County,Stanislaus County,1/23/2021,379,30025,41,17260,338,12765,0,0,319,21071,58,4721,320,25792,California
Stanislaus, County,Stanislaus County,1/24/2021,314,30339,98,17358,216,12981,0,0,248,21256,66,4787,251,26043,California
Stanislaus, County,Stanislaus County,1/25/2021,3213,33552,235,17593,2978,15959,0,0,2846,23953,330,5117,3027,29070,California
Stanislaus, County,Stanislaus County,1/26/2021,1759,35311,756,18349,1003,16962,0,0,1305,24836,443,5560,1326,30396,California
Stanislaus, County,Stanislaus County,1/27/2021,1942,37253,1071,19420,871,17833,0,0,1223,25398,664,6224,1226,31622,California
Stanislaus, County,Stanislaus County,1/28/2021,2247,39500,1537,20957,710,18543,0,0,1728,26698,507,6731,1807,33429,California
Stanislaus, County,Stanislaus County,1/29/2021,2491,41991,1221,22178,1270,19813,0,0,1925,28181,507,7238,1990,35419,California
Stanislaus, County,Stanislaus County,1/30/2021,298,42289,133,22311,165,19978,0,0,229,28355,56,7294,230,35649,California
Stanislaus, County,Stanislaus County,1/31/2021,374,42663,317,22628,57,20035,0,0,358,28700,13,7307,358,36007,California
Stanislaus, County,Stanislaus County,2/1/2021,1347,44010,580,23208,767,20802,0,0,981,29330,351,7658,981,36988,California
Stanislaus, County,Stanislaus County,2/2/2021,1268,45278,354,23562,914,21716,0,0,823,29725,432,8090,827,37815,California
Stanislaus, County,Stanislaus County,2/3/2021,2666,47944,1229,24791,1437,23153,0,0,1961,31003,700,8790,1978,39793,California
Stanislaus, County,Stanislaus County,2/4/2021,2137,50081,720,25511,1417,24570,0,0,1610,32110,513,9303,1620,41413,California
Stanislaus, County,Stanislaus County,2/5/2021,2894,52975,1489,27000,1405,25975,0,0,1610,32532,1206,10509,1628,43041,California
Stanislaus, County,Stanislaus County,2/6/2021,896,53871,303,27303,593,26568,0,0,700,33041,193,10702,702,43743,California
Stanislaus, County,Stanislaus County,2/7/2021,231,54102,203,27506,28,26596,0,0,40,32896,186,10888,41,43784,California
Stanislaus, County,Stanislaus County,2/8/2021,2091,56193,1360,28866,731,27327,0,0,1135,33153,907,11795,1164,44948,California
Stanislaus, County,Stanislaus County,2/9/2021,1874,58067,794,29660,1080,28407,0,0,1059,33440,784,12579,1071,46019,California
Stanislaus, County,Stanislaus County,2/10/2021,1988,60055,543,30203,1445,29852,0,0,1046,33581,907,13486,1048,47067,California
Stanislaus, County,Stanislaus County,2/11/2021,5474,65529,3302,33505,2172,32024,0,0,1235,30878,3947,17433,1244,48311,California
Stanislaus, County,Stanislaus County,2/12/2021,3361,68890,928,34433,2433,34457,0,0,1479,30589,1782,19215,1493,49804,California
Stanislaus, County,Stanislaus County,2/13/2021,1388,70278,676,35109,712,35169,0,0,1014,31243,365,19580,1019,50823,California
Stanislaus, County,Stanislaus County,2/14/2021,427,70705,170,35279,257,35426,0,0,352,31524,72,19652,353,51176,California
Stanislaus, County,Stanislaus County,2/15/2021,1846,72551,235,35514,1611,37037,0,0,587,30983,1135,20787,594,51770,California
Stanislaus, County,Stanislaus County,2/16/2021,1391,73942,430,35944,961,37998,0,0,586,30782,790,21577,589,52359,California
Stanislaus, County,Stanislaus County,2/17/2021,2819,76761,1730,37674,1089,39087,0,0,1927,31849,880,22457,1947,54306,California
Stanislaus, County,Stanislaus County,2/18/2021,3422,80183,1938,39612,1484,40571,0,0,1758,32124,1553,24010,1828,56134,California
Stanislaus, County,Stanislaus County,2/19/2021,2853,83036,1115,40727,1738,42309,0,0,1540,32434,1252,25262,1562,57696,California
Stanislaus, County,Stanislaus County,2/20/2021,766,83802,389,41116,377,42686,0,0,471,32633,273,25535,472,58168,California
Stanislaus, County,Stanislaus County,2/21/2021,917,84719,700,41816,217,42903,0,0,533,32826,354,25889,547,58715,California
Stanislaus, County,Stanislaus County,2/22/2021,2393,87112,1716,43532,677,43580,0,0,1631,33721,738,26627,1633,60348,California
Stanislaus, County,Stanislaus County,2/23/2021,3774,90886,684,44216,3090,46670,0,0,1715,33586,1861,28488,1726,62074,California
Stanislaus, County,Stanislaus County,2/24/2021,4268,95154,2913,47129,1355,48025,0,0,3120,35594,1118,29606,3126,65200,California
Stanislaus, County,Stanislaus County,2/25/2021,4015,99169,2762,49891,1253,49278,0,0,3181,37967,812,30418,3185,68385,California
Stanislaus, County,Stanislaus County,2/26/2021,4270,103439,1230,51121,3040,52318,0,0,2846,39469,1357,31775,2859,71244,California
Stanislaus, County,Stanislaus County,2/27/2021,2108,105547,717,51838,1390,53708,1,1,1869,41133,208,31983,1872,73116,California
Stanislaus, County,Stanislaus County,2/28/2021,841,106388,268,52106,573,54281,0,1,783,41871,46,32029,784,73900,California
Stanislaus, County,Stanislaus County,3/1/2021,3174,109562,1685,53791,1483,55764,6,7,1680,42133,1439,33468,1701,75601,California
Stanislaus, County,Stanislaus County,3/2/2021,2445,112007,1462,55253,982,56746,1,8,1679,43071,747,34215,1685,77286,California
Stanislaus, County,Stanislaus County,3/3/2021,3763,115770,2269,57522,1490,58236,4,12,2930,45196,813,35028,2938,80224,California
Stanislaus, County,Stanislaus County,3/4/2021,5498,121268,3146,60668,2335,60571,17,29,4211,48179,1241,36269,4224,84448,California
Stanislaus, County,Stanislaus County,3/5/2021,4158,125426,1150,61818,2992,63563,16,45,3134,50338,990,37259,3149,87597,California
Stanislaus, County,Stanislaus County,3/6/2021,3611,129037,2243,64061,1274,64837,94,139,2744,52318,860,38119,2840,90437,California
Stanislaus, County,Stanislaus County,3/7/2021,917,129954,394,64455,445,65282,78,217,683,52851,228,38347,761,91198,California
Stanislaus, County,Stanislaus County,3/8/2021,2035,131989,883,65338,1054,66336,98,315,1343,53622,670,39017,1441,92639,California
Stanislaus, County,Stanislaus County,3/9/2021,2705,134694,1028,66366,1585,67921,92,407,1648,54325,1042,40059,1745,94384,California
Stanislaus, County,Stanislaus County,3/10/2021,5594,140288,2735,69101,2629,70550,230,637,3770,56543,1793,41852,4011,98395,California
Stanislaus, County,Stanislaus County,3/11/2021,6193,146481,3380,72481,2331,72881,482,1119,4137,59305,1861,43713,4623,103018,California
Stanislaus, County,Stanislaus County,3/12/2021,6329,152810,1373,73854,3016,75897,1940,3059,2931,60808,3362,47075,4865,107883,California
Stanislaus, County,Stanislaus County,3/13/2021,3754,156564,2345,76199,1337,77234,72,3131,2838,62816,907,47982,2915,110798,California
Stanislaus, County,Stanislaus County,3/14/2021,1001,157565,594,76793,351,77585,56,3187,492,62862,503,48485,549,111347,California
Stanislaus, County,Stanislaus County,3/15/2021,3824,161389,1992,78785,1469,79054,363,3550,1651,62813,2069,50554,2020,113367,California
Stanislaus, County,Stanislaus County,3/16/2021,5136,166525,2522,81307,2173,81227,441,3991,3682,65505,1428,51982,4120,117487,California
Stanislaus, County,Stanislaus County,3/17/2021,4963,171488,2954,84261,1829,83056,180,4171,2987,66749,1926,53908,3170,120657,California
Stanislaus, County,Stanislaus County,3/18/2021,5585,177073,3471,87732,2047,85103,67,4238,3046,67482,2384,56292,3117,123774,California
Stanislaus, County,Stanislaus County,3/19/2021,6048,183121,1593,89325,2930,88033,1525,5763,3196,69386,2809,59101,4713,128487,California
Stanislaus, County,Stanislaus County,3/20/2021,3863,186984,3027,92352,768,88801,68,5831,3381,72359,477,59578,3450,131937,California
Stanislaus, County,Stanislaus County,3/21/2021,1024,188008,915,93267,45,88846,64,5895,775,72957,241,59819,839,132776,California
Stanislaus, County,Stanislaus County,3/22/2021,3024,191032,1396,94663,903,89749,725,6620,1407,73515,1578,61397,2136,134912,California
Stanislaus, County,Stanislaus County,3/23/2021,4141,195173,2116,96779,1765,91514,260,6880,2970,75623,1142,62539,3250,138162,California
Stanislaus, County,Stanislaus County,3/24/2021,4723,199896,3293,100072,1351,92865,79,6959,2755,76544,1917,64456,2838,141000,California
Stanislaus, County,Stanislaus County,3/25/2021,4439,204335,3014,103086,1411,94276,14,6973,1960,76126,2397,66853,1979,142979,California
Stanislaus, County,Stanislaus County,3/26/2021,4962,209297,1419,104505,3470,97746,73,7046,2540,76366,2383,69236,2623,145602,California
Stanislaus, County,Stanislaus County,3/27/2021,4439,213736,2772,107277,1584,99330,83,7129,1387,74811,3030,72266,1475,147077,California
Stanislaus, County,Stanislaus County,3/28/2021,1118,214854,446,107723,564,99894,108,7237,320,74462,782,73048,433,147510,California
Stanislaus, County,Stanislaus County,3/29/2021,3193,218047,1848,109571,1304,101198,41,7278,2167,75662,1012,74060,2212,149722,California
Stanislaus, County,Stanislaus County,3/30/2021,3873,221920,2084,111655,1763,102961,26,7304,2389,76614,1469,75529,2421,152143,California
Stanislaus, County,Stanislaus County,3/31/2021,5647,227567,3891,115546,1627,104588,129,7433,2936,76999,2684,78213,3069,155212,California
Stanislaus, County,Stanislaus County,4/1/2021,5949,233516,3876,119422,1957,106545,116,7549,2753,76714,3162,81375,2877,158089,California
Stanislaus, County,Stanislaus County,4/2/2021,5224,238740,1241,120663,3816,110361,167,7716,2381,76531,2740,84115,2557,160646,California
Stanislaus, County,Stanislaus County,4/3/2021,4703,243443,3451,124114,1215,111576,37,7753,2255,76397,2435,86550,2301,162947,California
Stanislaus, County,Stanislaus County,4/4/2021,1341,244784,479,124593,832,112408,30,7783,650,76400,682,87232,685,163632,California
Stanislaus, County,Stanislaus County,4/5/2021,3767,248551,2560,127153,949,113357,258,8041,2447,77800,1308,88540,2708,166340,California
Stanislaus, County,Stanislaus County,4/6/2021,5981,254532,4250,131403,1444,114801,287,8328,3219,78567,2741,91281,3508,169848,California
Stanislaus, County,Stanislaus County,4/7/2021,6546,261078,3677,135080,2428,117229,441,8769,2897,78289,3623,94904,3345,173193,California
Stanislaus, County,Stanislaus County,4/8/2021,5932,267010,3434,138514,2050,119279,448,9217,2946,78732,2952,97856,3395,176588,California
Stanislaus, County,Stanislaus County,4/9/2021,5021,272031,2188,140702,2451,121730,382,9599,2290,78709,2699,100555,2676,179264,California
Stanislaus, County,Stanislaus County,4/10/2021,6521,278552,4002,144704,878,122608,1641,11240,1994,77837,4501,105056,3629,182893,California
Stanislaus, County,Stanislaus County,4/11/2021,1531,280083,856,145560,543,123151,132,11372,661,77765,866,105922,794,183687,California
Stanislaus, County,Stanislaus County,4/12/2021,3796,283879,2127,147687,1223,124374,446,11818,1952,78367,1809,107731,2411,186098,California
Stanislaus, County,Stanislaus County,4/13/2021,5416,289295,3505,151192,1897,126271,14,11832,2971,78957,2392,110123,2982,189080,California
Stanislaus, County,Stanislaus County,4/14/2021,4819,294114,3329,154521,1488,127759,2,11834,2345,78876,2432,112555,2351,191431,California
Stanislaus, County,Stanislaus County,4/15/2021,5582,299696,3387,157908,2192,129951,3,11837,3246,79845,2280,114835,3249,194680,California
Stanislaus, County,Stanislaus County,4/16/2021,4493,304189,1057,158965,3435,133386,1,11838,1855,79125,2578,117413,1858,196538,California
Stanislaus, County,Stanislaus County,4/17/2021,3173,307362,2135,161100,1038,134424,0,11838,1841,79650,1318,118731,1843,198381,California
Stanislaus, County,Stanislaus County,4/18/2021,826,308188,499,161599,326,134750,1,11839,514,79867,300,119031,517,198898,California
Stanislaus, County,Stanislaus County,4/19/2021,3707,311895,2527,164126,1178,135928,2,11841,1704,79620,1958,120989,1711,200609,California
Stanislaus, County,Stanislaus County,4/20/2021,4262,316157,2578,166704,1684,137612,0,11841,1824,79053,2393,123382,1826,202435,California
Stanislaus, County,Stanislaus County,4/21/2021,4200,320357,2826,169530,1373,138985,1,11842,1741,78395,2406,125788,1748,204183,California
Stanislaus, County,Stanislaus County,4/22/2021,4259,324616,2573,172103,1684,140669,2,11844,1718,77628,2489,128277,1722,205905,California
Stanislaus, County,Stanislaus County,4/23/2021,3962,328578,1035,173138,2925,143594,2,11846,1643,77064,2215,130492,1651,207556,California
Stanislaus, County,Stanislaus County,4/24/2021,3948,332526,3035,176173,913,144507,0,11846,1872,76884,2057,132549,1877,209433,California
Stanislaus, County,Stanislaus County,4/25/2021,975,333501,519,176692,456,144963,0,11846,705,77330,263,132812,709,210142,California
Stanislaus, County,Stanislaus County,4/26/2021,3742,337243,2515,179207,1221,146184,6,11852,1178,75983,2536,135348,1189,211331,California
Stanislaus, County,Stanislaus County,4/27/2021,4378,341621,2960,182167,1370,147554,48,11900,1270,74230,3074,138422,1321,212652,California
Stanislaus, County,Stanislaus County,4/28/2021,4699,346320,3239,185406,1397,148951,63,11963,1980,73591,2691,141113,2052,214704,California
Stanislaus, County,Stanislaus County,4/29/2021,4062,350382,2522,187928,1492,150443,48,12011,1606,72824,2429,143542,1662,216366,California
Stanislaus, County,Stanislaus County,4/30/2021,4942,355324,2256,190184,2600,153043,86,12097,1974,71951,2941,146483,2068,218434,California
Stanislaus, County,Stanislaus County,5/1/2021,2838,358162,2039,192223,758,153801,41,12138,1047,71269,1778,148261,1096,219530,California
Stanislaus, County,Stanislaus County,5/2/2021,1182,359344,718,192941,427,154228,37,12175,547,71232,627,148888,590,220120,California
Stanislaus, County,Stanislaus County,5/3/2021,2740,362084,2161,195102,506,154734,73,12248,1012,70610,1711,150599,1089,221209,California
Stanislaus, County,Stanislaus County,5/4/2021,3892,365976,2690,197792,1097,155831,105,12353,1204,69255,2670,153269,1315,222524,California
Stanislaus, County,Stanislaus County,5/5/2021,3583,369559,2375,200167,1132,156963,76,12429,1234,68248,2321,155590,1314,223838,California
Stanislaus, County,Stanislaus County,5/6/2021,3833,373392,2917,203084,792,157755,124,12553,1192,66958,2611,158201,1321,225159,California
Stanislaus, County,Stanislaus County,5/7/2021,2637,376029,1076,204160,1400,159155,161,12714,1138,66772,1486,159687,1300,226459,California
Stanislaus, County,Stanislaus County,5/8/2021,2088,378117,1468,205628,587,159742,33,12747,771,66287,1296,160983,811,227270,California
Stanislaus, County,Stanislaus County,5/9/2021,779,378896,405,206033,348,160090,26,12773,304,66146,472,161455,331,227601,California
Stanislaus, County,Stanislaus County,5/10/2021,1884,380780,1215,207248,570,160660,99,12872,508,65394,1361,162816,609,228210,California
Stanislaus, County,Stanislaus County,5/11/2021,2645,383425,1696,208944,790,161450,159,13031,784,64494,1849,164665,949,229159,California
Stanislaus, County,Stanislaus County,5/12/2021,2498,385923,1464,210408,924,162374,110,13141,949,64026,1531,166196,1063,230222,California
Stanislaus, County,Stanislaus County,5/13/2021,2293,388216,1401,211809,773,163147,119,13260,1073,64013,1210,167406,1197,231419,California
Stanislaus, County,Stanislaus County,5/14/2021,2922,391138,1389,213198,1396,164543,137,13397,1366,63985,1533,168939,1505,232924,California
Stanislaus, County,Stanislaus County,5/15/2021,2603,393741,1889,215087,663,165206,51,13448,1288,64031,1302,170241,1348,234272,California
Stanislaus, County,Stanislaus County,5/16/2021,1173,394914,813,215900,352,165558,8,13456,632,64138,537,170778,644,234916,California
Stanislaus, County,Stanislaus County,5/17/2021,2118,397032,1447,217347,587,166145,84,13540,1020,64159,1091,171869,1112,236028,California
Stanislaus, County,Stanislaus County,5/18/2021,2405,399437,1682,219029,608,166753,115,13655,1251,64382,1142,173011,1365,237393,California
Stanislaus, County,Stanislaus County,5/19/2021,3217,402654,2222,221251,840,167593,155,13810,1417,64176,1782,174793,1576,238969,California
Stanislaus, County,Stanislaus County,5/20/2021,2323,404977,1291,222542,922,168515,110,13920,929,63837,1382,176175,1043,240012,California
Stanislaus, County,Stanislaus County,5/21/2021,2575,407552,1295,223837,1181,169696,99,14019,1013,63410,1542,177717,1115,241127,California
Stanislaus, County,Stanislaus County,5/22/2021,2067,409619,1270,225107,726,170422,71,14090,908,63241,1150,178867,981,242108,California
Stanislaus, County,Stanislaus County,5/23/2021,1104,410723,730,225837,358,170780,16,14106,525,63209,574,179441,542,242650,California
Stanislaus, County,Stanislaus County,5/24/2021,1861,412584,1303,227140,479,171259,79,14185,744,62926,1112,180553,829,243479,California
Stanislaus, County,Stanislaus County,5/25/2021,1856,414440,1279,228419,476,171735,101,14286,893,62969,956,181509,999,244478,California
Stanislaus, County,Stanislaus County,5/26/2021,2086,416526,1311,229730,720,172455,55,14341,980,62906,1097,182606,1034,245512,California
Stanislaus, County,Stanislaus County,5/27/2021,1842,418368,1030,230760,725,173180,87,14428,634,62432,1196,183802,722,246234,California
Stanislaus, County,Stanislaus County,5/28/2021,2248,420616,1088,231848,1073,174253,87,14515,965,62208,1276,185078,1052,247286,California
Stanislaus, County,Stanislaus County,5/29/2021,1343,421959,873,232721,427,174680,43,14558,596,62106,743,185821,641,247927,California
Stanislaus, County,Stanislaus County,5/30/2021,476,422435,294,233015,148,174828,34,14592,216,62101,255,186076,250,248177,California
Stanislaus, County,Stanislaus County,5/31/2021,273,422708,136,233151,130,174958,7,14599,107,62049,166,186242,114,248291,California
Stanislaus, County,Stanislaus County,6/1/2021,1733,424441,1098,234249,579,175537,56,14655,648,61679,1076,187318,706,248997,California
Stanislaus, County,Stanislaus County,6/2/2021,1866,426307,1204,235453,591,176128,71,14726,778,61459,1073,188391,853,249850,California
Stanislaus, County,Stanislaus County,6/3/2021,1451,427758,881,236334,520,176648,50,14776,528,61131,909,189300,581,250431,California
Stanislaus, County,Stanislaus County,6/4/2021,1992,429750,1223,237557,700,177348,69,14845,747,60714,1237,190537,820,251251,California
Stanislaus, County,Stanislaus County,6/5/2021,1652,431402,1305,238862,304,177652,43,14888,532,60180,1109,191646,575,251826,California
Stanislaus, County,Stanislaus County,6/6/2021,566,431968,475,239337,82,177734,9,14897,193,60012,371,192017,203,252029,California
Stanislaus, County,Stanislaus County,6/7/2021,1655,433623,1276,240613,334,178068,45,14942,613,59640,1029,193046,657,252686,California
Stanislaus, County,Stanislaus County,6/8/2021,1978,435601,1504,242117,396,178464,78,15020,692,59134,1276,194322,770,253456,California
Stanislaus, County,Stanislaus County,6/9/2021,1897,437498,1354,243471,461,178925,82,15102,648,58620,1245,195567,731,254187,California
Stanislaus, County,Stanislaus County,6/10/2021,1527,439025,985,244456,477,179402,65,15167,626,58421,894,196461,695,254882,California
Stanislaus, County,Stanislaus County,6/11/2021,1544,440569,945,245401,549,179951,50,15217,569,58082,961,197422,622,255504,California
Stanislaus, County,Stanislaus County,6/12/2021,1082,441651,802,246203,254,180205,26,15243,400,57835,676,198098,429,255933,California
Stanislaus, County,Stanislaus County,6/13/2021,569,442220,426,246629,137,180342,6,15249,184,57645,382,198480,192,256125,California
Stanislaus, County,Stanislaus County,6/14/2021,1390,443610,995,247624,371,180713,24,15273,502,57294,877,199357,526,256651,California
Stanislaus, County,Stanislaus County,6/15/2021,1630,445240,1184,248808,399,181112,47,15320,543,56809,1079,200436,594,257245,California
Stanislaus, County,Stanislaus County,6/16/2021,1992,447232,1439,250247,484,181596,69,15389,795,56481,1193,201629,865,258110,California
Stanislaus, County,Stanislaus County,6/17/2021,1217,448449,790,251037,377,181973,50,15439,571,56464,641,202270,624,258734,California
Stanislaus, County,Stanislaus County,6/18/2021,1422,449871,893,251930,444,182417,85,15524,572,56279,845,203115,660,259394,California
Stanislaus, County,Stanislaus County,6/19/2021,879,450750,652,252582,183,182600,44,15568,384,56217,491,203606,429,259823,California
Stanislaus, County,Stanislaus County,6/20/2021,347,451097,254,252836,87,182687,6,15574,161,56198,186,203792,167,259990,California
Stanislaus, County,Stanislaus County,6/21/2021,1016,452113,606,253442,280,182967,130,15704,529,56377,482,204274,661,260651,California
Stanislaus, County,Stanislaus County,6/22/2021,1267,453380,933,254375,261,183228,73,15777,524,56244,732,205006,599,261250,California
Stanislaus, County,Stanislaus County,6/23/2021,1291,454671,876,255251,353,183581,62,15839,551,56119,738,205744,613,261863,California
Stanislaus, County,Stanislaus County,6/24/2021,968,455639,649,255900,269,183850,50,15889,488,56184,476,206220,541,262404,California
Stanislaus, County,Stanislaus County,6/25/2021,1137,456776,744,256644,331,184181,62,15951,482,56076,650,206870,542,262946,California
Stanislaus, County,Stanislaus County,6/26/2021,653,457429,502,257146,123,184304,28,15979,294,56043,356,207226,323,263269,California
Stanislaus, County,Stanislaus County,6/27/2021,417,457846,321,257467,86,184390,10,15989,213,56064,202,207428,223,263492,California
Stanislaus, County,Stanislaus County,6/28/2021,1028,458874,820,258287,165,184555,43,16032,462,56004,565,207993,505,263997,California
Stanislaus, County,Stanislaus County,6/29/2021,997,459871,802,259089,151,184706,44,16076,449,55956,541,208534,493,264490,California
Stanislaus, County,Stanislaus County,6/30/2021,1008,460879,705,259794,268,184974,35,16111,474,55939,528,209062,511,265001,California
Stanislaus, County,Stanislaus County,7/1/2021,1001,461880,658,260452,304,185278,39,16150,481,55951,511,209573,523,265524,California
Stanislaus, County,Stanislaus County,7/2/2021,761,462641,441,260893,284,185562,36,16186,374,55980,380,209953,409,265933,California
Stanislaus, County,Stanislaus County,7/3/2021,415,463056,315,261208,90,185652,10,16196,216,56009,199,210152,228,266161,California
Stanislaus, County,Stanislaus County,7/4/2021,63,463119,31,261239,26,185678,6,16202,21,55995,41,210193,27,266188,California
Stanislaus, County,Stanislaus County,7/5/2021,582,463701,438,261677,141,185819,3,16205,277,55972,304,210497,281,266469,California
Stanislaus, County,Stanislaus County,7/6/2021,877,464578,639,262316,191,186010,47,16252,400,55947,472,210969,447,266916,California
Stanislaus, County,Stanislaus County,7/7/2021,955,465533,631,262947,272,186282,52,16304,378,55807,574,211543,434,267350,California
Stanislaus, County,Stanislaus County,7/8/2021,853,466386,539,263486,268,186550,46,16350,408,55819,442,211985,454,267804,California
Stanislaus, County,Stanislaus County,7/9/2021,932,467318,587,264073,299,186849,46,16396,456,55856,467,212452,504,268308,California
Stanislaus, County,Stanislaus County,7/10/2021,488,467806,387,264460,91,186940,10,16406,238,55856,248,212700,248,268556,California
Stanislaus, County,Stanislaus County,7/11/2021,336,468142,260,264720,74,187014,2,16408,169,55866,162,212862,172,268728,California
Stanislaus, County,Stanislaus County,7/12/2021,971,469113,727,265447,210,187224,34,16442,497,55930,469,213331,533,269261,California
Stanislaus, County,Stanislaus County,7/13/2021,768,469881,587,266034,142,187366,39,16481,394,55993,369,213700,432,269693,California
Stanislaus, County,Stanislaus County,7/14/2021,791,470672,535,266569,236,187602,20,16501,390,56005,395,214095,407,270100,California
Stanislaus, County,Stanislaus County,7/15/2021,847,471519,580,267149,243,187845,24,16525,415,56017,428,214523,440,270540,California
Stanislaus, County,Stanislaus County,7/16/2021,809,472328,529,267678,263,188108,17,16542,438,56105,368,214891,456,270996,California
Stanislaus, County,Stanislaus County,7/17/2021,556,472884,424,268102,108,188216,24,16566,318,56214,233,215124,342,271338,California
Stanislaus, County,Stanislaus County,7/18/2021,437,473321,349,268451,83,188299,5,16571,241,56267,194,215318,247,271585,California
Stanislaus, County,Stanislaus County,7/19/2021,835,474156,644,269095,176,188475,15,16586,463,56376,370,215688,479,272064,California
Stanislaus, County,Stanislaus County,7/20/2021,879,475035,673,269768,162,188637,44,16630,469,56488,398,216086,510,272574,California
Stanislaus, County,Stanislaus County,7/21/2021,1000,476035,705,270473,270,188907,25,16655,565,56656,432,216518,600,273174,California
Stanislaus, County,Stanislaus County,7/22/2021,1008,477043,708,271181,264,189171,36,16691,562,56818,435,216953,597,273771,California
Stanislaus, County,Stanislaus County,7/23/2021,928,477971,593,271774,316,189487,19,16710,570,57052,353,217306,587,274358,California
Stanislaus, County,Stanislaus County,7/24/2021,602,478573,447,272221,133,189620,22,16732,385,57244,215,217521,407,274765,California
Stanislaus, County,Stanislaus County,7/25/2021,402,478975,317,272538,77,189697,8,16740,334,57521,67,217588,344,275109,California
Stanislaus, County,Stanislaus County,7/26/2021,880,479855,677,273215,188,189885,15,16755,598,57858,278,217866,615,275724,California
Stanislaus, County,Stanislaus County,7/27/2021,898,480753,709,273924,164,190049,25,16780,567,58126,324,218190,592,276316,California
Stanislaus, County,Stanislaus County,7/28/2021,913,481666,626,274550,247,190296,40,16820,560,58379,346,218536,599,276915,California
Stanislaus, County,Stanislaus County,7/29/2021,1095,482761,711,275261,352,190648,32,16852,686,58690,400,218936,711,277626,California
Stanislaus, County,Stanislaus County,7/30/2021,1016,483777,621,275882,377,191025,18,16870,688,59076,322,219258,708,278334,California
Stanislaus, County,Stanislaus County,7/31/2021,597,484374,453,276335,130,191155,14,16884,381,59262,210,219468,396,278730,California
Stanislaus, County,Stanislaus County,8/1/2021,398,484772,302,276637,90,191245,6,16890,279,59431,117,219585,286,279016,California
Stanislaus, County,Stanislaus County,8/2/2021,1063,485835,831,277468,198,191443,34,16924,669,59743,392,219977,704,279720,California
Stanislaus, County,Stanislaus County,8/3/2021,999,486834,756,278224,204,191647,39,16963,638,60061,361,220338,679,280399,California
Stanislaus, County,Stanislaus County,8/4/2021,1088,487922,787,279011,268,191915,33,16996,714,60442,367,220705,748,281147,California
Stanislaus, County,Stanislaus County,8/5/2021,1047,488969,712,279723,313,192228,22,17018,670,60761,374,221079,693,281840,California
Stanislaus, County,Stanislaus County,8/6/2021,1060,490029,651,280374,380,192608,29,17047,698,61131,357,221436,727,282567,California
Stanislaus, County,Stanislaus County,8/7/2021,682,490711,528,280902,129,192737,25,17072,467,61412,210,221646,491,283058,California
Stanislaus, County,Stanislaus County,8/8/2021,339,491050,238,281140,98,192835,3,17075,225,61529,112,221758,229,283287,California
Stanislaus, County,Stanislaus County,8/9/2021,768,491818,524,281664,199,193034,45,17120,520,61854,242,222000,567,283854,California
Stanislaus, County,Stanislaus County,8/10/2021,465,492283,355,282019,83,193117,27,17147,279,61976,183,222183,305,284159,California
Sutter, County,Sutter County,12/15/2020,1,1,1,1,0,0,0,0,1,1,0,0,1,1,California
Sutter, County,Sutter County,12/16/2020,4,5,4,5,0,0,0,0,4,5,0,0,4,5,California
Sutter, County,Sutter County,12/17/2020,3,8,3,8,0,0,0,0,3,8,0,0,3,8,California
Sutter, County,Sutter County,12/18/2020,20,28,20,28,0,0,0,0,20,28,0,0,20,28,California
Sutter, County,Sutter County,12/19/2020,46,74,46,74,0,0,0,0,46,74,0,0,46,74,California
Sutter, County,Sutter County,12/20/2020,43,117,43,117,0,0,0,0,43,117,0,0,43,117,California
Sutter, County,Sutter County,12/21/2020,100,217,100,217,0,0,0,0,100,217,0,0,100,217,California
Sutter, County,Sutter County,12/22/2020,172,389,172,389,0,0,0,0,172,389,0,0,172,389,California
Sutter, County,Sutter County,12/23/2020,117,506,112,501,5,5,0,0,117,506,0,0,117,506,California
Sutter, County,Sutter County,12/24/2020,17,523,11,512,6,11,0,0,17,523,0,0,17,523,California
Sutter, County,Sutter County,12/25/2020,0,523,0,512,0,11,0,0,0,523,0,0,0,523,California
Sutter, County,Sutter County,12/26/2020,38,561,34,546,4,15,0,0,38,561,0,0,38,561,California
Sutter, County,Sutter County,12/27/2020,24,585,23,569,1,16,0,0,24,585,0,0,24,585,California
Sutter, County,Sutter County,12/28/2020,85,670,57,626,28,44,0,0,85,670,0,0,85,670,California
Sutter, County,Sutter County,12/29/2020,103,773,14,640,89,133,0,0,103,773,0,0,103,773,California
Sutter, County,Sutter County,12/30/2020,139,912,34,674,105,238,0,0,139,912,0,0,139,912,California
Sutter, County,Sutter County,12/31/2020,69,981,6,680,63,301,0,0,69,981,0,0,69,981,California
Sutter, County,Sutter County,1/1/2021,3,984,3,683,0,301,0,0,3,984,0,0,3,984,California
Sutter, County,Sutter County,1/2/2021,134,1118,132,815,2,303,0,0,134,1118,0,0,134,1118,California
Sutter, County,Sutter County,1/3/2021,1,1119,0,815,1,304,0,0,1,1119,0,0,1,1119,California
Sutter, County,Sutter County,1/4/2021,244,1363,137,952,107,411,0,0,244,1363,0,0,244,1363,California
Sutter, County,Sutter County,1/5/2021,100,1463,56,1008,44,455,0,0,97,1457,3,3,97,1460,California
Sutter, County,Sutter County,1/6/2021,203,1666,51,1059,152,607,0,0,198,1650,5,8,198,1658,California
Sutter, County,Sutter County,1/7/2021,255,1921,154,1213,101,708,0,0,246,1887,9,17,246,1904,California
Sutter, County,Sutter County,1/8/2021,151,2072,41,1254,110,818,0,0,133,2002,18,35,133,2037,California
Sutter, County,Sutter County,1/9/2021,45,2117,44,1298,1,819,0,0,3,1963,42,77,3,2040,California
Sutter, County,Sutter County,1/10/2021,397,2514,38,1336,359,1178,0,0,359,2285,37,114,359,2399,California
Sutter, County,Sutter County,1/11/2021,133,2647,117,1453,16,1194,0,0,24,2200,109,223,24,2423,California
Sutter, County,Sutter County,1/12/2021,202,2849,165,1618,37,1231,0,0,58,2114,144,367,58,2481,California
Sutter, County,Sutter County,1/13/2021,164,3013,100,1718,64,1295,0,0,72,2095,91,458,72,2553,California
Sutter, County,Sutter County,1/14/2021,148,3161,52,1770,96,1391,0,0,128,2203,20,478,128,2681,California
Sutter, County,Sutter County,1/15/2021,436,3597,130,1900,306,1697,0,0,421,2609,15,493,421,3102,California
Sutter, County,Sutter County,1/16/2021,392,3989,42,1942,350,2047,0,0,362,2941,30,523,362,3464,California
Sutter, County,Sutter County,1/17/2021,28,4017,25,1967,3,2050,0,0,12,2937,16,539,12,3476,California
Sutter, County,Sutter County,1/18/2021,121,4138,64,2031,57,2107,0,0,72,2960,49,588,72,3548,California
Sutter, County,Sutter County,1/19/2021,112,4250,45,2076,67,2174,0,0,86,3020,26,614,86,3634,California
Sutter, County,Sutter County,1/20/2021,275,4525,210,2286,65,2239,0,0,253,3251,22,636,253,3887,California
Sutter, County,Sutter County,1/21/2021,532,5057,359,2645,173,2412,0,0,514,3747,18,654,514,4401,California
Sutter, County,Sutter County,1/22/2021,243,5300,52,2697,191,2603,0,0,234,3972,9,663,234,4635,California
Sutter, County,Sutter County,1/23/2021,400,5700,39,2736,361,2964,0,0,374,4320,26,689,374,5009,California
Sutter, County,Sutter County,1/24/2021,18,5718,15,2751,3,2967,0,0,16,4334,2,691,16,5025,California
Sutter, County,Sutter County,1/25/2021,309,6027,195,2946,114,3081,0,0,153,4333,155,846,154,5179,California
Sutter, County,Sutter County,1/26/2021,255,6282,111,3057,144,3225,0,0,146,4371,108,954,146,5325,California
Sutter, County,Sutter County,1/27/2021,391,6673,257,3314,134,3359,0,0,321,4622,70,1024,321,5646,California
Sutter, County,Sutter County,1/28/2021,594,7267,361,3675,233,3592,0,0,412,4855,179,1203,412,6058,California
Sutter, County,Sutter County,1/29/2021,367,7634,88,3763,279,3871,0,0,244,4977,122,1325,244,6302,California
Sutter, County,Sutter County,1/30/2021,779,8413,38,3801,741,4612,0,0,768,5734,11,1336,768,7070,California
Sutter, County,Sutter County,1/31/2021,27,8440,26,3827,1,4613,0,0,27,5761,0,1336,27,7097,California
Sutter, County,Sutter County,2/1/2021,177,8617,52,3879,125,4738,0,0,141,5867,35,1371,141,7238,California
Sutter, County,Sutter County,2/2/2021,248,8865,26,3905,222,4960,0,0,212,6043,36,1407,212,7450,California
Sutter, County,Sutter County,2/3/2021,446,9311,36,3941,410,5370,0,0,213,6024,232,1639,213,7663,California
Sutter, County,Sutter County,2/4/2021,686,9997,369,4310,317,5687,0,0,630,6599,55,1694,630,8293,California
Sutter, County,Sutter County,2/5/2021,293,10290,33,4343,260,5947,0,0,140,6586,153,1847,140,8433,California
Sutter, County,Sutter County,2/6/2021,745,11035,30,4373,715,6662,0,0,725,7291,20,1867,725,9158,California
Sutter, County,Sutter County,2/7/2021,23,11058,19,4392,4,6666,0,0,18,7304,5,1872,18,9176,California
Sutter, County,Sutter County,2/8/2021,136,11194,33,4425,103,6769,0,0,99,7366,37,1909,99,9275,California
Sutter, County,Sutter County,2/9/2021,253,11447,50,4475,203,6972,0,0,188,7489,65,1974,188,9463,California
Sutter, County,Sutter County,2/10/2021,826,12273,387,4862,439,7411,0,0,179,7022,646,2620,179,9642,California
Sutter, County,Sutter County,2/11/2021,612,12885,272,5134,340,7751,0,0,317,7044,295,2915,317,9959,California
Sutter, County,Sutter County,2/12/2021,647,13532,71,5205,576,8327,0,0,318,7034,328,3243,318,10277,California
Sutter, County,Sutter County,2/13/2021,918,14450,48,5253,870,9197,0,0,798,7712,120,3363,798,11075,California
Sutter, County,Sutter County,2/14/2021,100,14550,26,5279,74,9271,0,0,88,7788,12,3375,88,11163,California
Sutter, County,Sutter County,2/15/2021,205,14755,70,5349,135,9406,0,0,124,7831,81,3456,124,11287,California
Sutter, County,Sutter County,2/16/2021,293,15048,44,5393,249,9655,0,0,206,7952,85,3541,206,11493,California
Sutter, County,Sutter County,2/17/2021,843,15891,440,5833,403,10058,0,0,138,7386,704,4245,138,11631,California
Sutter, County,Sutter County,2/18/2021,729,16620,61,5894,668,10726,0,0,506,7671,221,4466,506,12137,California
Sutter, County,Sutter County,2/19/2021,677,17297,381,6275,296,11022,0,0,467,7931,207,4673,467,12604,California
Sutter, County,Sutter County,2/20/2021,630,17927,58,6333,572,11594,0,0,521,8344,108,4781,521,13125,California
Sutter, County,Sutter County,2/21/2021,30,17957,27,6360,3,11597,0,0,9,8332,21,4802,9,13134,California
Sutter, County,Sutter County,2/22/2021,217,18174,125,6485,92,11689,0,0,87,8290,129,4931,87,13221,California
Sutter, County,Sutter County,2/23/2021,244,18418,34,6519,210,11899,0,0,107,8262,135,5066,107,13328,California
Sutter, County,Sutter County,2/24/2021,1058,19476,386,6905,672,12571,0,0,205,7616,851,5917,205,13533,California
Sutter, County,Sutter County,2/25/2021,887,20363,561,7466,326,12897,0,0,676,8085,207,6124,676,14209,California
Sutter, County,Sutter County,2/26/2021,421,20784,63,7529,358,13255,0,0,175,8019,241,6365,175,14384,California
Sutter, County,Sutter County,2/27/2021,930,21714,51,7580,879,14134,0,0,753,8595,177,6542,753,15137,California
Sutter, County,Sutter County,2/28/2021,99,21813,50,7630,49,14183,0,0,76,8649,22,6564,76,15213,California
Sutter, County,Sutter County,3/1/2021,277,22090,66,7696,211,14394,0,0,164,8700,113,6677,164,15377,California
Sutter, County,Sutter County,3/2/2021,363,22453,64,7760,299,14693,0,0,173,8686,187,6864,173,15550,California
Sutter, County,Sutter County,3/3/2021,1486,23939,544,8304,942,15635,0,0,681,8570,797,7661,681,16231,California
Sutter, County,Sutter County,3/4/2021,1286,25225,866,9170,420,16055,0,0,954,9196,328,7989,954,17185,California
Sutter, County,Sutter County,3/5/2021,345,25570,81,9251,263,16318,1,1,210,9272,135,8124,211,17396,California
Sutter, County,Sutter County,3/6/2021,1030,26600,49,9300,976,17294,5,6,857,9963,171,8295,862,18258,California
Sutter, County,Sutter County,3/7/2021,66,26666,22,9322,43,17337,1,7,42,9983,23,8318,43,18301,California
Sutter, County,Sutter County,3/8/2021,235,26901,79,9401,144,17481,12,19,165,10090,70,8388,177,18478,California
Sutter, County,Sutter County,3/9/2021,398,27299,143,9544,243,17724,12,31,193,10090,205,8593,205,18683,California
Sutter, County,Sutter County,3/10/2021,1593,28892,682,10226,847,18571,64,95,529,9626,1057,9650,593,19276,California
Sutter, County,Sutter County,3/11/2021,908,29800,441,10667,450,19021,17,112,655,10049,249,9899,672,19948,California
Sutter, County,Sutter County,3/12/2021,687,30487,110,10777,396,19417,181,293,201,9947,481,10380,379,20327,California
Sutter, County,Sutter County,3/13/2021,1003,31490,752,11529,232,19649,19,312,784,10534,216,10596,803,21130,California
Sutter, County,Sutter County,3/14/2021,140,31630,22,11551,107,19756,11,323,45,10495,95,10691,56,21186,California
Sutter, County,Sutter County,3/15/2021,333,31963,68,11619,216,19972,49,372,155,10523,176,10867,204,21390,California
Sutter, County,Sutter County,3/16/2021,392,32355,86,11705,258,20230,48,420,211,10600,181,11048,258,21648,California
Sutter, County,Sutter County,3/17/2021,1501,33856,564,12269,916,21146,21,441,264,9663,1222,12270,285,21933,California
Sutter, County,Sutter County,3/18/2021,981,34837,177,12446,600,21746,204,645,571,10031,404,12674,772,22705,California
Sutter, County,Sutter County,3/19/2021,465,35302,166,12612,269,22015,30,675,281,10159,182,12856,310,23015,California
Sutter, County,Sutter County,3/20/2021,943,36245,115,12727,817,22832,11,686,849,10927,92,12948,860,23875,California
Sutter, County,Sutter County,3/21/2021,72,36317,50,12777,19,22851,3,689,28,10915,43,12991,31,23906,California
Sutter, County,Sutter County,3/22/2021,292,36609,120,12897,145,22996,27,716,207,11067,82,13073,234,24140,California
Sutter, County,Sutter County,3/23/2021,378,36987,116,13013,227,23223,35,751,244,11212,133,13206,278,24418,California
Sutter, County,Sutter County,3/24/2021,1699,38686,773,13786,857,24080,69,820,289,10177,1393,14599,358,24776,California
Sutter, County,Sutter County,3/25/2021,1055,39741,682,14468,329,24409,44,864,359,9890,690,15289,403,25179,California
Sutter, County,Sutter County,3/26/2021,502,40243,179,14647,307,24716,16,880,282,9974,214,15503,298,25477,California
Sutter, County,Sutter County,3/27/2021,939,41182,63,14710,874,25590,2,882,815,10675,116,15619,817,26294,California
Sutter, County,Sutter County,3/28/2021,125,41307,72,14782,53,25643,0,882,74,10701,49,15668,75,26369,California
Sutter, County,Sutter County,3/29/2021,424,41731,140,14922,228,25871,56,938,211,10757,211,15879,267,26636,California
Sutter, County,Sutter County,3/30/2021,481,42212,162,15084,309,26180,10,948,307,10901,173,16052,317,26953,California
Sutter, County,Sutter County,3/31/2021,1253,43465,180,15264,1058,27238,15,963,421,10516,819,16871,434,27387,California
Sutter, County,Sutter County,4/1/2021,1392,44857,740,16004,464,27702,188,1151,425,10172,956,17827,612,27999,California
Sutter, County,Sutter County,4/2/2021,520,45377,103,16107,300,28002,117,1268,205,10180,311,18138,319,28318,California
Sutter, County,Sutter County,4/3/2021,923,46300,80,16187,216,28218,627,1895,126,10142,790,18928,752,29070,California
Sutter, County,Sutter County,4/4/2021,118,46418,23,16210,89,28307,6,1901,55,10141,62,18990,61,29131,California
Sutter, County,Sutter County,4/5/2021,375,46793,145,16355,193,28500,37,1938,174,10154,198,19188,211,29342,California
Sutter, County,Sutter County,4/6/2021,516,47309,197,16552,263,28763,56,1994,273,10242,241,19429,329,29671,California
Sutter, County,Sutter County,4/7/2021,1487,48796,886,17438,523,29286,78,2072,599,10044,875,20304,677,30348,California
Sutter, County,Sutter County,4/8/2021,1053,49849,577,18015,363,29649,113,2185,571,10250,475,20779,681,31029,California
Sutter, County,Sutter County,4/9/2021,577,50426,250,18265,261,29910,66,2251,239,10222,333,21112,305,31334,California
Sutter, County,Sutter County,4/10/2021,840,51266,109,18374,98,30008,633,2884,116,10243,718,21830,739,32073,California
Sutter, County,Sutter County,4/11/2021,123,51389,33,18407,44,30052,46,2930,42,10249,80,21910,86,32159,California
Sutter, County,Sutter County,4/12/2021,344,51733,95,18502,196,30248,53,2983,135,10229,208,22118,188,32347,California
Sutter, County,Sutter County,4/13/2021,436,52169,127,18629,309,30557,0,2983,212,10219,222,22340,212,32559,California
Sutter, County,Sutter County,4/14/2021,1323,53492,160,18789,1162,31719,1,2984,222,9350,1092,23432,223,32782,California
Sutter, County,Sutter County,4/15/2021,540,54032,173,18962,367,32086,0,2984,216,9248,318,23750,216,32998,California
Sutter, County,Sutter County,4/16/2021,409,54441,128,19090,281,32367,0,2984,190,9220,218,23968,190,33188,California
Sutter, County,Sutter County,4/17/2021,582,55023,85,19175,497,32864,0,2984,510,9660,70,24038,510,33698,California
Sutter, County,Sutter County,4/18/2021,94,55117,34,19209,60,32924,0,2984,60,9688,32,24070,60,33758,California
Sutter, County,Sutter County,4/19/2021,290,55407,108,19317,182,33106,0,2984,118,9637,169,24239,118,33876,California
Sutter, County,Sutter County,4/20/2021,468,55875,180,19497,288,33394,0,2984,224,9620,241,24480,224,34100,California
Sutter, County,Sutter County,4/21/2021,1340,57215,504,20001,836,34230,0,2984,521,9337,804,25284,521,34621,California
Sutter, County,Sutter County,4/22/2021,542,57757,194,20195,348,34578,0,2984,270,9338,269,25553,270,34891,California
Sutter, County,Sutter County,4/23/2021,443,58200,156,20351,287,34865,0,2984,202,9303,237,25790,202,35093,California
Sutter, County,Sutter County,4/24/2021,335,58535,108,20459,226,35091,1,2985,190,9350,143,25933,190,35283,California
Sutter, County,Sutter County,4/25/2021,164,58699,77,20536,87,35178,0,2985,89,9366,73,26006,89,35372,California
Sutter, County,Sutter County,4/26/2021,325,59024,107,20643,216,35394,2,2987,136,9317,187,26193,138,35510,California
Sutter, County,Sutter County,4/27/2021,566,59590,288,20931,274,35668,4,2991,256,9272,305,26498,260,35770,California
Sutter, County,Sutter County,4/28/2021,868,60458,389,21320,471,36139,8,2999,285,8989,576,27074,293,36063,California
Sutter, County,Sutter County,4/29/2021,823,61281,174,21494,648,36787,1,3000,334,8842,482,27556,335,36398,California
Sutter, County,Sutter County,4/30/2021,404,61685,145,21639,246,37033,13,3013,177,8809,222,27778,189,36587,California
Sutter, County,Sutter County,5/1/2021,304,61989,108,21747,156,37189,40,3053,132,8812,169,27947,172,36759,California
Sutter, County,Sutter County,5/2/2021,80,62069,51,21798,27,37216,2,3055,45,8824,35,27982,47,36806,California
Sutter, County,Sutter County,5/3/2021,228,62297,117,21915,100,37316,11,3066,92,8792,135,28117,103,36909,California
Sutter, County,Sutter County,5/4/2021,564,62861,255,22170,244,37560,65,3131,233,8761,327,28444,296,37205,California
Sutter, County,Sutter County,5/5/2021,569,63430,174,22344,387,37947,8,3139,166,8537,398,28842,174,37379,California
Sutter, County,Sutter County,5/6/2021,441,63871,236,22580,186,38133,19,3158,196,8508,243,29085,214,37593,California
Sutter, County,Sutter County,5/7/2021,435,64306,161,22741,253,38386,21,3179,159,8419,270,29355,181,37774,California
Sutter, County,Sutter County,5/8/2021,243,64549,95,22836,143,38529,5,3184,116,8413,127,29482,121,37895,California
Sutter, County,Sutter County,5/9/2021,107,64656,79,22915,23,38552,5,3189,59,8430,47,29529,64,37959,California
Sutter, County,Sutter County,5/10/2021,194,64850,46,22961,130,38682,18,3207,50,8355,143,29672,68,38027,California
Sutter, County,Sutter County,5/11/2021,479,65329,240,23201,217,38899,22,3229,195,8291,279,29951,215,38242,California
Sutter, County,Sutter County,5/12/2021,475,65804,267,23468,197,39096,11,3240,159,8149,312,30263,170,38412,California
Sutter, County,Sutter County,5/13/2021,501,66305,266,23734,213,39309,22,3262,196,8064,303,30566,218,38630,California
Sutter, County,Sutter County,5/14/2021,450,66755,190,23924,244,39553,16,3278,203,8042,242,30808,220,38850,California
Sutter, County,Sutter County,5/15/2021,856,67611,321,24245,504,40057,31,3309,313,7846,540,31348,344,39194,California
Sutter, County,Sutter County,5/16/2021,177,67788,119,24364,50,40107,8,3317,93,7864,83,31431,101,39295,California
Sutter, County,Sutter County,5/17/2021,294,68082,118,24482,162,40269,14,3331,152,7891,139,31570,166,39461,California
Sutter, County,Sutter County,5/18/2021,564,68646,318,24800,241,40510,5,3336,303,7942,257,31827,308,39769,California
Sutter, County,Sutter County,5/19/2021,469,69115,268,25068,194,40704,7,3343,225,7933,241,32068,232,40001,California
Sutter, County,Sutter County,5/20/2021,474,69589,249,25317,213,40917,12,3355,219,7916,248,32316,231,40232,California
Sutter, County,Sutter County,5/21/2021,500,70089,226,25543,262,41179,12,3367,217,7863,281,32597,228,40460,California
Sutter, County,Sutter County,5/22/2021,376,70465,206,25749,167,41346,3,3370,184,7862,187,32784,186,40646,California
Sutter, County,Sutter County,5/23/2021,192,70657,95,25844,88,41434,9,3379,90,7865,96,32880,99,40745,California
Sutter, County,Sutter County,5/24/2021,242,70899,92,25936,127,41561,23,3402,97,7843,142,33022,120,40865,California
Sutter, County,Sutter County,5/25/2021,403,71302,197,26133,194,41755,12,3414,165,7786,234,33256,177,41042,California
Sutter, County,Sutter County,5/26/2021,319,71621,154,26287,156,41911,9,3423,112,7705,202,33458,121,41163,California
Sutter, County,Sutter County,5/27/2021,436,72057,118,26405,298,42209,20,3443,121,7535,311,33769,141,41304,California
Sutter, County,Sutter County,5/28/2021,341,72398,164,26569,159,42368,18,3461,169,7557,165,33934,187,41491,California
Sutter, County,Sutter County,5/29/2021,254,72652,120,26689,119,42487,15,3476,132,7586,118,34052,147,41638,California
Sutter, County,Sutter County,5/30/2021,90,72742,65,26754,22,42509,3,3479,41,7584,46,34098,44,41682,California
Sutter, County,Sutter County,5/31/2021,21,72763,3,26757,14,42523,4,3483,7,7581,14,34112,11,41693,California
Sutter, County,Sutter County,6/1/2021,309,73072,132,26889,169,42692,8,3491,114,7510,193,34305,122,41815,California
Sutter, County,Sutter County,6/2/2021,282,73354,120,27009,156,42848,6,3497,96,7431,181,34486,102,41917,California
Sutter, County,Sutter County,6/3/2021,341,73695,222,27231,109,42957,10,3507,116,7337,220,34706,126,42043,California
Sutter, County,Sutter County,6/4/2021,342,74037,197,27428,138,43095,7,3514,120,7247,217,34923,127,42170,California
Sutter, County,Sutter County,6/5/2021,442,74479,371,27799,67,43162,4,3518,153,7120,284,35207,157,42327,California
Sutter, County,Sutter County,6/6/2021,134,74613,115,27914,16,43178,3,3521,45,7081,87,35294,48,42375,California
Sutter, County,Sutter County,6/7/2021,166,74779,108,28022,49,43227,9,3530,59,7043,106,35400,68,42443,California
Sutter, County,Sutter County,6/8/2021,368,75147,208,28230,147,43374,13,3543,156,7002,210,35610,169,42612,California
Sutter, County,Sutter County,6/9/2021,370,75517,235,28465,130,43504,5,3548,127,6894,240,35850,132,42744,California
Sutter, County,Sutter County,6/10/2021,388,75905,280,28745,98,43602,10,3558,152,6824,232,36082,162,42906,California
Sutter, County,Sutter County,6/11/2021,340,76245,218,28963,116,43718,6,3564,114,6722,221,36303,119,43025,California
Sutter, County,Sutter County,6/12/2021,244,76489,170,29133,59,43777,15,3579,68,6629,176,36479,83,43108,California
Sutter, County,Sutter County,6/13/2021,83,76572,65,29198,17,43794,1,3580,22,6591,61,36540,23,43131,California
Sutter, County,Sutter County,6/14/2021,189,76761,110,29308,68,43862,11,3591,73,6560,115,36655,84,43215,California
Sutter, County,Sutter County,6/15/2021,285,77046,153,29461,119,43981,13,3604,101,6492,182,36837,114,43329,California
Sutter, County,Sutter County,6/16/2021,223,77269,144,29605,70,44051,9,3613,109,6496,114,36951,118,43447,California
Sutter, County,Sutter County,6/17/2021,282,77551,172,29777,104,44155,6,3619,121,6463,160,37111,127,43574,California
Sutter, County,Sutter County,6/18/2021,266,77817,172,29949,79,44234,15,3634,92,6400,170,37281,107,43681,California
Sutter, County,Sutter County,6/19/2021,209,78026,140,30089,65,44299,4,3638,60,6317,147,37428,64,43745,California
Sutter, County,Sutter County,6/20/2021,70,78096,49,30138,19,44318,2,3640,30,6309,40,37468,32,43777,California
Sutter, County,Sutter County,6/21/2021,111,78207,52,30190,47,44365,12,3652,49,6310,60,37528,61,43838,California
Sutter, County,Sutter County,6/22/2021,223,78430,128,30318,92,44457,3,3655,87,6266,134,37662,90,43928,California
Sutter, County,Sutter County,6/23/2021,184,78614,107,30425,69,44526,8,3663,77,6244,106,37768,84,44012,California
Sutter, County,Sutter County,6/24/2021,238,78852,161,30586,67,44593,10,3673,102,6220,136,37904,112,44124,California
Sutter, County,Sutter County,6/25/2021,224,79076,144,30730,74,44667,6,3679,89,6184,131,38035,95,44219,California
Sutter, County,Sutter County,6/26/2021,219,79295,178,30908,36,44703,5,3684,76,6125,141,38176,82,44301,California
Sutter, County,Sutter County,6/27/2021,78,79373,65,30973,12,44715,1,3685,28,6105,49,38225,29,44330,California
Sutter, County,Sutter County,6/28/2021,121,79494,75,31048,40,44755,6,3691,61,6113,59,38284,67,44397,California
Sutter, County,Sutter County,6/29/2021,235,79729,153,31201,71,44826,11,3702,83,6058,149,38433,94,44491,California
Sutter, County,Sutter County,6/30/2021,183,79912,117,31318,56,44882,10,3712,77,6043,102,38535,87,44578,California
Sutter, County,Sutter County,7/1/2021,206,80118,174,31492,25,44907,7,3719,75,5995,130,38665,82,44660,California
Sutter, County,Sutter County,7/2/2021,199,80317,130,31622,56,44963,13,3732,94,6004,98,38763,107,44767,California
Sutter, County,Sutter County,7/3/2021,116,80433,90,31712,23,44986,3,3735,42,5981,68,38831,45,44812,California
Sutter, County,Sutter County,7/4/2021,6,80439,3,31715,3,44989,0,3735,2,5980,3,38834,2,44814,California
Sutter, County,Sutter County,7/5/2021,85,80524,57,31772,18,45007,10,3745,38,5981,46,38880,47,44861,California
Sutter, County,Sutter County,7/6/2021,227,80751,135,31907,71,45078,21,3766,76,5929,149,39029,97,44958,California
Sutter, County,Sutter County,7/7/2021,189,80940,106,32013,75,45153,8,3774,61,5872,126,39155,69,45027,California
Sutter, County,Sutter County,7/8/2021,218,81158,135,32148,77,45230,6,3780,77,5816,139,39294,83,45110,California
Sutter, County,Sutter County,7/9/2021,206,81364,137,32285,62,45292,7,3787,101,5822,102,39396,108,45218,California
Sutter, County,Sutter County,7/10/2021,151,81515,113,32398,33,45325,5,3792,74,5825,76,39472,79,45297,California
Sutter, County,Sutter County,7/11/2021,63,81578,45,32443,17,45342,1,3793,34,5831,29,39501,35,45332,California
Sutter, County,Sutter County,7/12/2021,139,81717,84,32527,44,45386,11,3804,62,5829,75,39576,73,45405,California
Sutter, County,Sutter County,7/13/2021,153,81870,85,32612,64,45450,4,3808,76,5836,73,39649,80,45485,California
Sutter, County,Sutter County,7/14/2021,190,82060,97,32709,86,45536,7,3815,91,5836,98,39747,98,45583,California
Sutter, County,Sutter County,7/15/2021,178,82238,111,32820,60,45596,7,3822,75,5816,102,39849,82,45665,California
Sutter, County,Sutter County,7/16/2021,175,82413,102,32922,60,45656,13,3835,86,5826,89,39938,99,45764,California
Sutter, County,Sutter County,7/17/2021,129,82542,96,33018,32,45688,1,3836,62,5823,66,40004,63,45827,California
Sutter, County,Sutter County,7/18/2021,48,82590,29,33047,16,45704,3,3839,27,5833,20,40024,30,45857,California
Sutter, County,Sutter County,7/19/2021,96,82686,43,33090,45,45749,8,3847,56,5857,40,40064,64,45921,California
Sutter, County,Sutter County,7/20/2021,203,82889,126,33216,70,45819,7,3854,99,5860,103,40167,106,46027,California
Sutter, County,Sutter County,7/21/2021,214,83103,118,33334,79,45898,17,3871,106,5876,106,40273,122,46149,California
Sutter, County,Sutter County,7/22/2021,191,83294,120,33454,66,45964,5,3876,108,5908,81,40354,113,46262,California
Sutter, County,Sutter County,7/23/2021,235,83529,144,33598,78,46042,13,3889,129,5946,104,40458,142,46404,California
Sutter, County,Sutter County,7/24/2021,138,83667,106,33704,29,46071,3,3892,85,5983,51,40509,88,46492,California
Sutter, County,Sutter County,7/25/2021,97,83764,77,33781,16,46087,4,3896,70,6032,25,40534,74,46566,California
Sutter, County,Sutter County,7/26/2021,158,83922,89,33870,57,46144,12,3908,92,6070,66,40600,104,46670,California
Sutter, County,Sutter County,7/27/2021,237,84159,167,34037,55,46199,15,3923,138,6126,97,40697,153,46823,California
Sutter, County,Sutter County,7/28/2021,184,84343,109,34146,69,46268,6,3929,120,6188,64,40761,126,46949,California
Sutter, County,Sutter County,7/29/2021,197,84540,145,34291,45,46313,7,3936,132,6262,65,40826,139,47088,California
Sutter, County,Sutter County,7/30/2021,271,84811,197,34488,63,46376,11,3947,164,6331,106,40932,175,47263,California
Sutter, County,Sutter County,7/31/2021,201,85012,165,34653,34,46410,2,3949,130,6394,69,41001,132,47395,California
Sutter, County,Sutter County,8/1/2021,104,85116,80,34733,22,46432,2,3951,66,6425,37,41038,68,47463,California
Sutter, County,Sutter County,8/2/2021,204,85320,128,34861,68,46500,8,3959,137,6503,67,41105,145,47608,California
Sutter, County,Sutter County,8/3/2021,220,85540,137,34998,71,46571,12,3971,149,6595,69,41174,161,47769,California
Sutter, County,Sutter County,8/4/2021,217,85757,133,35131,76,46647,8,3979,141,6670,74,41248,149,47918,California
Sutter, County,Sutter County,8/5/2021,212,85969,127,35258,75,46722,10,3989,138,6746,72,41320,148,48066,California
Sutter, County,Sutter County,8/6/2021,334,86303,208,35466,100,46822,26,4015,220,6886,106,41426,246,48312,California
Sutter, County,Sutter County,8/7/2021,179,86482,117,35583,59,46881,3,4018,124,6959,54,41480,127,48439,California
Sutter, County,Sutter County,8/8/2021,94,86576,78,35661,16,46897,0,4018,80,7025,14,41494,80,48519,California
Sutter, County,Sutter County,8/9/2021,130,86706,64,35725,58,46955,8,4026,90,7084,39,41533,98,48617,California
Sutter, County,Sutter County,8/10/2021,157,86863,94,35819,42,46997,21,4047,86,7120,71,41604,107,48724,California
Tehama, County,Tehama County,12/15/2020,0,0,0,0,0,0,0,0,0,0,0,0,0,0,California
Tehama, County,Tehama County,12/16/2020,5,5,5,5,0,0,0,0,5,5,0,0,5,5,California
Tehama, County,Tehama County,12/17/2020,20,25,20,25,0,0,0,0,20,25,0,0,20,25,California
Tehama, County,Tehama County,12/18/2020,5,30,5,30,0,0,0,0,6,31,0,0,6,31,California
Tehama, County,Tehama County,12/19/2020,0,30,0,30,0,0,0,0,0,31,0,0,0,31,California
Tehama, County,Tehama County,12/20/2020,0,30,0,30,0,0,0,0,0,31,0,0,0,31,California
Tehama, County,Tehama County,12/21/2020,45,75,45,75,0,0,0,0,45,76,0,0,45,76,California
Tehama, County,Tehama County,12/22/2020,82,157,76,151,6,6,0,0,82,158,0,0,82,158,California
Tehama, County,Tehama County,12/23/2020,55,212,47,198,8,14,0,0,55,213,0,0,55,213,California
Tehama, County,Tehama County,12/24/2020,5,217,3,201,2,16,0,0,5,218,0,0,5,218,California
Tehama, County,Tehama County,12/25/2020,0,217,0,201,0,16,0,0,0,218,0,0,0,218,California
Tehama, County,Tehama County,12/26/2020,4,221,3,204,1,17,0,0,4,222,0,0,4,222,California
Tehama, County,Tehama County,12/27/2020,2,223,2,206,0,17,0,0,2,224,0,0,2,224,California
Tehama, County,Tehama County,12/28/2020,59,282,46,252,13,30,0,0,59,283,0,0,59,283,California
Tehama, County,Tehama County,12/29/2020,43,325,43,295,0,30,0,0,43,326,0,0,43,326,California
Tehama, County,Tehama County,12/30/2020,62,387,44,339,18,48,0,0,61,387,0,0,61,387,California
Tehama, County,Tehama County,12/31/2020,16,403,5,344,11,59,0,0,16,403,0,0,16,403,California
Tehama, County,Tehama County,1/1/2021,3,406,0,344,3,62,0,0,3,406,0,0,3,406,California
Tehama, County,Tehama County,1/2/2021,0,406,0,344,0,62,0,0,0,406,0,0,0,406,California
Tehama, County,Tehama County,1/3/2021,0,406,0,344,0,62,0,0,0,406,0,0,0,406,California
Tehama, County,Tehama County,1/4/2021,49,455,17,361,32,94,0,0,49,455,0,0,49,455,California
Tehama, County,Tehama County,1/5/2021,76,531,47,408,29,123,0,0,70,519,6,6,70,525,California
Tehama, County,Tehama County,1/6/2021,88,619,33,441,55,178,0,0,73,579,13,19,73,598,California
Tehama, County,Tehama County,1/7/2021,64,683,7,448,57,235,0,0,63,641,1,20,63,661,California
Tehama, County,Tehama County,1/8/2021,44,727,31,479,13,248,0,0,36,669,8,28,36,697,California
Tehama, County,Tehama County,1/9/2021,7,734,5,484,2,250,0,0,6,674,1,29,6,703,California
Tehama, County,Tehama County,1/10/2021,1,735,0,484,1,251,0,0,1,675,0,29,1,704,California
Tehama, County,Tehama County,1/11/2021,64,799,56,540,8,259,0,0,22,655,42,71,22,726,California
Tehama, County,Tehama County,1/12/2021,151,950,131,671,20,279,0,0,94,691,58,129,94,820,California
Tehama, County,Tehama County,1/13/2021,90,1040,62,733,28,307,0,0,38,677,52,181,38,858,California
Tehama, County,Tehama County,1/14/2021,245,1285,52,785,193,500,0,0,243,918,2,183,243,1101,California
Tehama, County,Tehama County,1/15/2021,291,1576,75,860,216,716,0,0,287,1201,4,187,287,1388,California
Tehama, County,Tehama County,1/16/2021,275,1851,20,880,255,971,0,0,272,1470,3,190,272,1660,California
Tehama, County,Tehama County,1/17/2021,7,1858,3,883,4,975,0,0,4,1471,3,193,4,1664,California
Tehama, County,Tehama County,1/18/2021,16,1874,8,891,8,983,0,0,10,1475,6,199,10,1674,California
Tehama, County,Tehama County,1/19/2021,313,2187,79,970,234,1217,0,0,250,1662,63,262,250,1924,California
Tehama, County,Tehama County,1/20/2021,345,2532,103,1073,242,1459,0,0,288,1894,56,318,288,2212,California
Tehama, County,Tehama County,1/21/2021,249,2781,21,1094,228,1687,0,0,233,2111,16,334,233,2445,California
Tehama, County,Tehama County,1/22/2021,246,3027,22,1116,224,1911,0,0,243,2351,3,337,243,2688,California
Tehama, County,Tehama County,1/23/2021,270,3297,7,1123,263,2174,0,0,269,2619,1,338,269,2957,California
Tehama, County,Tehama County,1/24/2021,3,3300,1,1124,2,2176,0,0,3,2622,0,338,3,2960,California
Tehama, County,Tehama County,1/25/2021,46,3346,22,1146,24,2200,0,0,21,2618,25,363,21,2981,California
Tehama, County,Tehama County,1/26/2021,359,3705,48,1194,311,2511,0,0,321,2901,38,401,321,3302,California
Tehama, County,Tehama County,1/27/2021,344,4049,24,1218,320,2831,0,0,321,3199,23,424,321,3623,California
Tehama, County,Tehama County,1/28/2021,376,4425,42,1260,334,3165,0,0,353,3529,23,447,353,3976,California
Tehama, County,Tehama County,1/29/2021,360,4785,25,1285,335,3500,0,0,340,3849,20,467,340,4316,California
Tehama, County,Tehama County,1/30/2021,115,4900,2,1287,113,3613,0,0,114,3962,1,468,114,4430,California
Tehama, County,Tehama County,1/31/2021,2,4902,1,1288,1,3614,0,0,2,3964,0,468,2,4432,California
Tehama, County,Tehama County,2/1/2021,90,4992,24,1312,66,3680,0,0,40,3954,50,518,40,4472,California
Tehama, County,Tehama County,2/2/2021,390,5382,72,1384,318,3998,0,0,289,4142,101,619,289,4761,California
Tehama, County,Tehama County,2/3/2021,460,5842,14,1398,446,4444,0,0,404,4490,56,675,404,5165,California
Tehama, County,Tehama County,2/4/2021,567,6409,106,1504,461,4905,0,0,477,4877,90,765,477,5642,California
Tehama, County,Tehama County,2/5/2021,206,6615,72,1576,134,5039,0,0,140,4951,66,831,140,5782,California
Tehama, County,Tehama County,2/6/2021,48,6663,16,1592,32,5071,0,0,36,4975,12,843,36,5818,California
Tehama, County,Tehama County,2/7/2021,6,6669,5,1597,1,5072,0,0,2,4974,3,846,2,5820,California
Tehama, County,Tehama County,2/8/2021,48,6717,13,1610,35,5107,0,0,31,4988,17,863,31,5851,California
Tehama, County,Tehama County,2/9/2021,97,6814,51,1661,46,5153,0,0,51,4993,46,909,51,5902,California
Tehama, County,Tehama County,2/10/2021,260,7074,72,1733,188,5341,0,0,166,5065,94,1003,166,6068,California
Tehama, County,Tehama County,2/11/2021,249,7323,17,1750,232,5573,0,0,93,5004,154,1157,93,6161,California
Tehama, County,Tehama County,2/12/2021,416,7739,81,1831,335,5908,0,0,192,4972,224,1381,192,6353,California
Tehama, County,Tehama County,2/13/2021,415,8154,19,1850,396,6304,0,0,162,4881,253,1634,162,6515,California
Tehama, County,Tehama County,2/14/2021,39,8193,2,1852,37,6341,0,0,36,4914,3,1637,36,6551,California
Tehama, County,Tehama County,2/15/2021,66,8259,12,1864,54,6395,0,0,57,4962,9,1646,57,6608,California
Tehama, County,Tehama County,2/16/2021,268,8527,23,1887,245,6640,0,0,75,4844,193,1839,75,6683,California
Tehama, County,Tehama County,2/17/2021,333,8860,22,1909,311,6951,0,0,67,4645,266,2105,67,6750,California
Tehama, County,Tehama County,2/18/2021,399,9259,37,1946,362,7313,0,0,153,4552,246,2351,153,6903,California
Tehama, County,Tehama County,2/19/2021,243,9502,31,1977,212,7525,0,0,52,4413,191,2542,52,6955,California
Tehama, County,Tehama County,2/20/2021,289,9791,8,1985,281,7806,0,0,33,4190,256,2798,33,6988,California
Tehama, County,Tehama County,2/21/2021,5,9796,2,1987,3,7809,0,0,2,4189,3,2801,2,6990,California
Tehama, County,Tehama County,2/22/2021,49,9845,16,2003,33,7842,0,0,30,4200,19,2820,30,7020,California
Tehama, County,Tehama County,2/23/2021,91,9936,26,2029,65,7907,0,0,34,4177,57,2877,34,7054,California
Tehama, County,Tehama County,2/24/2021,359,10295,29,2058,330,8237,0,0,41,3900,318,3195,41,7095,California
Tehama, County,Tehama County,2/25/2021,415,10710,66,2124,349,8586,0,0,47,3579,368,3563,47,7142,California
Tehama, County,Tehama County,2/26/2021,511,11221,24,2148,487,9073,0,0,82,3232,429,3992,82,7224,California
Tehama, County,Tehama County,2/27/2021,335,11556,7,2155,328,9401,0,0,41,2980,293,4285,41,7265,California
Tehama, County,Tehama County,2/28/2021,20,11576,1,2156,19,9420,0,0,18,2996,2,4287,18,7283,California
Tehama, County,Tehama County,3/1/2021,75,11651,10,2166,65,9485,0,0,33,2987,42,4329,33,7316,California
Tehama, County,Tehama County,3/2/2021,182,11833,21,2187,161,9646,0,0,39,2884,142,4471,39,7355,California
Tehama, County,Tehama County,3/3/2021,192,12025,35,2222,157,9803,0,0,61,2814,131,4602,61,7416,California
Tehama, County,Tehama County,3/4/2021,772,12797,70,2292,702,10505,0,0,262,2571,505,5107,262,7678,California
Tehama, County,Tehama County,3/5/2021,453,13250,25,2317,428,10933,0,0,224,2569,226,5333,224,7902,California
Tehama, County,Tehama County,3/6/2021,362,13612,20,2337,339,11272,3,3,89,2390,272,5605,93,7995,California
Tehama, County,Tehama County,3/7/2021,7,13619,1,2338,6,11278,0,3,4,2391,3,5608,4,7999,California
Tehama, County,Tehama County,3/8/2021,72,13691,11,2349,44,11322,17,20,29,2395,42,5650,46,8045,California
Tehama, County,Tehama County,3/9/2021,410,14101,16,2365,373,11695,21,41,348,2702,62,5712,369,8414,California
Tehama, County,Tehama County,3/10/2021,380,14481,24,2389,333,12028,23,64,77,2500,302,6014,100,8514,California
Tehama, County,Tehama County,3/11/2021,560,15041,28,2417,467,12495,65,129,389,2783,171,6185,454,8968,California
Tehama, County,Tehama County,3/12/2021,352,15393,33,2450,246,12741,73,202,201,2908,150,6335,275,9243,California
Tehama, County,Tehama County,3/13/2021,68,15461,11,2461,48,12789,9,211,11,2871,57,6392,20,9263,California
Tehama, County,Tehama County,3/14/2021,64,15525,2,2463,53,12842,9,220,21,2858,43,6435,30,9293,California
Tehama, County,Tehama County,3/15/2021,174,15699,22,2485,126,12968,26,246,89,2888,85,6520,115,9408,California
Tehama, County,Tehama County,3/16/2021,452,16151,19,2504,395,13363,38,284,341,3157,110,6630,379,9787,California
Tehama, County,Tehama County,3/17/2021,474,16625,34,2538,409,13772,31,315,383,3482,89,6719,414,10201,California
Tehama, County,Tehama County,3/18/2021,538,17163,39,2577,472,14244,27,342,349,3671,187,6906,376,10577,California
Tehama, County,Tehama County,3/19/2021,348,17511,25,2602,310,14554,13,355,306,3948,42,6948,319,10896,California
Tehama, County,Tehama County,3/20/2021,59,17570,18,2620,37,14591,4,359,41,3975,18,6966,45,10941,California
Tehama, County,Tehama County,3/21/2021,12,17582,5,2625,7,14598,0,359,12,3987,0,6966,12,10953,California
Tehama, County,Tehama County,3/22/2021,106,17688,11,2636,78,14676,17,376,60,4018,46,7012,77,11030,California
Tehama, County,Tehama County,3/23/2021,104,17792,36,2672,61,14737,7,383,75,4071,29,7041,82,11112,California
Tehama, County,Tehama County,3/24/2021,101,17893,17,2689,79,14816,5,388,65,4105,36,7077,70,11182,California
Tehama, County,Tehama County,3/25/2021,602,18495,414,3103,175,14991,13,401,542,4601,59,7136,555,11737,California
Tehama, County,Tehama County,3/26/2021,582,19077,454,3557,115,15106,13,414,492,5019,87,7223,505,12242,California
Tehama, County,Tehama County,3/27/2021,521,19598,401,3958,84,15190,36,450,436,5407,84,7307,472,12714,California
Tehama, County,Tehama County,3/28/2021,40,19638,15,3973,25,15215,0,450,23,5413,17,7324,23,12737,California
Tehama, County,Tehama County,3/29/2021,133,19771,31,4004,101,15316,1,451,84,5450,48,7372,85,12822,California
Tehama, County,Tehama County,3/30/2021,433,20204,255,4259,176,15492,2,453,287,5593,146,7518,289,13111,California
Tehama, County,Tehama County,3/31/2021,429,20633,320,4579,106,15598,3,456,346,5859,82,7600,348,13459,California
Tehama, County,Tehama County,4/1/2021,573,21206,275,4854,293,15891,5,461,427,6146,145,7745,432,13891,California
Tehama, County,Tehama County,4/2/2021,505,21711,243,5097,253,16144,9,470,307,6263,198,7943,315,14206,California
Tehama, County,Tehama County,4/3/2021,79,21790,11,5108,60,16204,8,478,40,6272,39,7982,48,14254,California
Tehama, County,Tehama County,4/4/2021,40,21830,9,5117,28,16232,3,481,27,6289,13,7995,30,14284,California
Tehama, County,Tehama County,4/5/2021,132,21962,21,5138,75,16307,36,517,64,6321,68,8063,100,14384,California
Tehama, County,Tehama County,4/6/2021,555,22517,119,5257,373,16680,63,580,148,6124,407,8470,210,14594,California
Tehama, County,Tehama County,4/7/2021,459,22976,311,5568,94,16774,54,634,329,6376,129,8599,381,14975,California
Tehama, County,Tehama County,4/8/2021,664,23640,195,5763,424,17198,45,679,247,6251,416,9015,291,15266,California
Tehama, County,Tehama County,4/9/2021,498,24138,236,5999,220,17418,42,721,254,6304,243,9258,296,15562,California
Tehama, County,Tehama County,4/10/2021,109,24247,28,6027,42,17460,39,760,52,6338,57,9315,91,15653,California
Tehama, County,Tehama County,4/11/2021,50,24297,12,6039,27,17487,11,771,11,6321,39,9354,22,15675,California
Tehama, County,Tehama County,4/12/2021,124,24421,6,6045,95,17582,23,794,44,6308,80,9434,67,15742,California
Tehama, County,Tehama County,4/13/2021,426,24847,75,6120,351,17933,0,794,69,6021,356,9790,69,15811,California
Tehama, County,Tehama County,4/14/2021,442,25289,58,6178,384,18317,0,794,53,5687,387,10177,53,15864,California
Tehama, County,Tehama County,4/15/2021,563,25852,208,6386,355,18672,0,794,80,5285,482,10659,80,15944,California
Tehama, County,Tehama County,4/16/2021,683,26535,397,6783,286,18958,0,794,91,4784,592,11251,91,16035,California
Tehama, County,Tehama County,4/17/2021,391,26926,300,7083,91,19049,0,794,52,4499,338,11589,53,16088,California
Tehama, County,Tehama County,4/18/2021,22,26948,8,7091,14,19063,0,794,14,4505,8,11597,14,16102,California
Tehama, County,Tehama County,4/19/2021,114,27062,8,7099,106,19169,0,794,49,4489,65,11662,49,16151,California
Tehama, County,Tehama County,4/20/2021,592,27654,492,7591,100,19269,0,794,172,4245,418,12080,174,16325,California
Tehama, County,Tehama County,4/21/2021,552,28206,463,8054,89,19358,0,794,179,4053,371,12451,179,16504,California
Tehama, County,Tehama County,4/22/2021,566,28772,396,8450,170,19528,0,794,163,3816,400,12851,163,16667,California
Tehama, County,Tehama County,4/23/2021,502,29274,384,8834,118,19646,0,794,218,3752,283,13134,219,16886,California
Tehama, County,Tehama County,4/24/2021,118,29392,23,8857,95,19741,0,794,27,3688,91,13225,27,16913,California
Tehama, County,Tehama County,4/25/2021,32,29424,21,8878,11,19752,0,794,9,3675,22,13247,9,16922,California
Tehama, County,Tehama County,4/26/2021,100,29524,14,8892,86,19838,0,794,56,3687,44,13291,56,16978,California
Tehama, County,Tehama County,4/27/2021,283,29807,225,9117,55,19893,3,797,107,3621,176,13467,110,17088,California
Tehama, County,Tehama County,4/28/2021,430,30237,352,9469,60,19953,18,815,74,3357,356,13823,92,17180,California
Tehama, County,Tehama County,4/29/2021,402,30639,189,9658,205,20158,8,823,78,3120,323,14146,86,17266,California
Tehama, County,Tehama County,4/30/2021,389,31028,289,9947,93,20251,7,830,130,2998,259,14405,137,17403,California
Tehama, County,Tehama County,5/1/2021,85,31113,7,9954,72,20323,6,836,19,2958,65,14470,25,17428,California
Tehama, County,Tehama County,5/2/2021,44,31157,22,9976,10,20333,12,848,24,2974,20,14490,36,17464,California
Tehama, County,Tehama County,5/3/2021,129,31286,41,10017,77,20410,11,859,63,2983,65,14555,74,17538,California
Tehama, County,Tehama County,5/4/2021,178,31464,63,10080,106,20516,9,868,75,2966,101,14656,84,17622,California
Tehama, County,Tehama County,5/5/2021,106,31570,30,10110,65,20581,11,879,48,2968,57,14713,59,17681,California
Tehama, County,Tehama County,5/6/2021,182,31752,97,10207,66,20647,19,898,112,3029,70,14783,131,17812,California
Tehama, County,Tehama County,5/7/2021,203,31955,88,10295,103,20750,12,910,59,2958,142,14925,71,17883,California
Tehama, County,Tehama County,5/8/2021,59,32014,9,10304,48,20798,2,912,18,2937,41,14966,20,17903,California
Tehama, County,Tehama County,5/9/2021,19,32033,5,10309,14,20812,0,912,8,2934,11,14977,8,17911,California
Tehama, County,Tehama County,5/10/2021,87,32120,7,10316,71,20883,9,921,40,2936,46,15023,48,17959,California
Tehama, County,Tehama County,5/11/2021,209,32329,138,10454,55,20938,16,937,41,2825,168,15191,57,18016,California
Tehama, County,Tehama County,5/12/2021,223,32552,139,10593,73,21011,11,948,52,2718,170,15361,63,18079,California
Tehama, County,Tehama County,5/13/2021,259,32811,172,10765,76,21087,11,959,117,2705,141,15502,128,18207,California
Tehama, County,Tehama County,5/14/2021,260,33071,144,10909,95,21182,21,980,61,2589,198,15700,82,18289,California
Tehama, County,Tehama County,5/15/2021,246,33317,144,11053,61,21243,41,1021,171,2727,74,15774,212,18501,California
Tehama, County,Tehama County,5/16/2021,30,33347,8,11061,19,21262,3,1024,18,2736,12,15786,21,18522,California
Tehama, County,Tehama County,5/17/2021,130,33477,35,11096,78,21340,17,1041,61,2746,68,15854,78,18600,California
Tehama, County,Tehama County,5/18/2021,162,33639,84,11180,63,21403,15,1056,51,2702,110,15964,66,18666,California
Tehama, County,Tehama County,5/19/2021,138,33777,62,11242,65,21468,11,1067,46,2667,92,16056,57,18723,California
Tehama, County,Tehama County,5/20/2021,348,34125,253,11495,72,21540,23,1090,243,2829,104,16160,266,18989,California
Tehama, County,Tehama County,5/21/2021,247,34372,116,11611,118,21658,13,1103,82,2762,162,16322,95,19084,California
Tehama, County,Tehama County,5/22/2021,69,34441,35,11646,30,21688,4,1107,40,2777,29,16351,44,19128,California
Tehama, County,Tehama County,5/23/2021,54,34495,25,11671,15,21703,14,1121,14,2765,40,16391,28,19156,California
Tehama, County,Tehama County,5/24/2021,110,34605,33,11704,68,21771,9,1130,36,2736,74,16465,45,19201,California
Tehama, County,Tehama County,5/25/2021,84,34689,22,11726,54,21825,8,1138,48,2756,35,16500,55,19256,California
Tehama, County,Tehama County,5/26/2021,82,34771,34,11760,45,21870,3,1141,54,2785,28,16528,57,19313,California
Tehama, County,Tehama County,5/27/2021,168,34939,103,11863,61,21931,4,1145,54,2731,112,16640,58,19371,California
Tehama, County,Tehama County,5/28/2021,149,35088,40,11903,100,22031,9,1154,72,2736,76,16716,81,19452,California
Tehama, County,Tehama County,5/29/2021,56,35144,9,11912,42,22073,5,1159,34,2753,22,16738,39,19491,California
Tehama, County,Tehama County,5/30/2021,16,35160,5,11917,10,22083,1,1160,7,2752,9,16747,8,19499,California
Tehama, County,Tehama County,5/31/2021,18,35178,2,11919,15,22098,1,1161,5,2745,13,16760,6,19505,California
Tehama, County,Tehama County,6/1/2021,107,35285,19,11938,67,22165,21,1182,34,2728,72,16832,55,19560,California
Tehama, County,Tehama County,6/2/2021,95,35380,32,11970,58,22223,5,1187,36,2710,59,16891,41,19601,California
Tehama, County,Tehama County,6/3/2021,145,35525,104,12074,28,22251,13,1200,31,2640,114,17005,44,19645,California
Tehama, County,Tehama County,6/4/2021,159,35684,42,12116,101,22352,16,1216,66,2628,92,17097,80,19725,California
Tehama, County,Tehama County,6/5/2021,171,35855,139,12255,24,22376,8,1224,33,2532,137,17234,41,19766,California
Tehama, County,Tehama County,6/6/2021,17,35872,9,12264,2,22378,6,1230,3,2527,13,17247,8,19774,California
Tehama, County,Tehama County,6/7/2021,78,35950,30,12294,46,22424,2,1232,21,2493,57,17304,23,19797,California
Tehama, County,Tehama County,6/8/2021,110,36060,34,12328,66,22490,10,1242,39,2473,69,17373,49,19846,California
Tehama, County,Tehama County,6/9/2021,98,36158,49,12377,46,22536,3,1245,44,2466,54,17427,47,19893,California
Tehama, County,Tehama County,6/10/2021,275,36433,224,12601,41,22577,10,1255,38,2278,236,17663,48,19941,California
Tehama, County,Tehama County,6/11/2021,158,36591,72,12673,77,22654,9,1264,56,2244,99,17762,65,20006,California
Tehama, County,Tehama County,6/12/2021,66,36657,41,12714,25,22679,0,1264,27,2232,39,17801,27,20033,California
Tehama, County,Tehama County,6/13/2021,23,36680,6,12720,11,22690,6,1270,5,2225,18,17819,11,20044,California
Tehama, County,Tehama County,6/14/2021,99,36779,19,12739,72,22762,8,1278,31,2196,68,17887,39,20083,California
Tehama, County,Tehama County,6/15/2021,117,36896,58,12797,39,22801,20,1298,51,2202,65,17952,71,20154,California
Tehama, County,Tehama County,6/16/2021,97,36993,65,12862,29,22830,3,1301,49,2206,48,18000,52,20206,California
Tehama, County,Tehama County,6/17/2021,156,37149,111,12973,29,22859,16,1317,88,2243,66,18066,103,20309,California
Tehama, County,Tehama County,6/18/2021,110,37259,44,13017,51,22910,15,1332,37,2222,73,18139,52,20361,California
Tehama, County,Tehama County,6/19/2021,41,37300,15,13032,21,22931,5,1337,18,2222,23,18162,23,20384,California
Tehama, County,Tehama County,6/20/2021,16,37316,5,13037,10,22941,1,1338,6,2219,10,18172,7,20391,California
Tehama, County,Tehama County,6/21/2021,69,37385,19,13056,41,22982,9,1347,26,2211,43,18215,35,20426,California
Tehama, County,Tehama County,6/22/2021,81,37466,25,13081,42,23024,14,1361,33,2211,47,18262,47,20473,California
Tehama, County,Tehama County,6/23/2021,99,37565,57,13138,38,23062,4,1365,48,2213,49,18311,51,20524,California
Tehama, County,Tehama County,6/24/2021,90,37655,44,13182,38,23100,8,1373,49,2229,41,18352,57,20581,California
Tehama, County,Tehama County,6/25/2021,140,37795,77,13259,56,23156,7,1380,60,2217,79,18431,67,20648,California
Tehama, County,Tehama County,6/26/2021,47,37842,24,13283,23,23179,0,1380,22,2214,25,18456,22,20670,California
Tehama, County,Tehama County,6/27/2021,7,37849,3,13286,3,23182,1,1381,4,2216,3,18459,5,20675,California
Tehama, County,Tehama County,6/28/2021,45,37894,17,13303,23,23205,5,1386,24,2224,21,18480,29,20704,California
Tehama, County,Tehama County,6/29/2021,70,37964,27,13330,39,23244,4,1390,37,2233,32,18512,41,20745,California
Tehama, County,Tehama County,6/30/2021,92,38056,67,13397,23,23267,2,1392,47,2237,45,18557,49,20794,California
Tehama, County,Tehama County,7/1/2021,65,38121,32,13429,30,23297,3,1395,40,2255,25,18582,43,20837,California
Tehama, County,Tehama County,7/2/2021,95,38216,49,13478,44,23341,2,1397,41,2244,54,18636,43,20880,California
Tehama, County,Tehama County,7/3/2021,38,38254,19,13497,17,23358,2,1399,13,2234,25,18661,15,20895,California
Tehama, County,Tehama County,7/4/2021,6,38260,6,13503,0,23358,0,1399,3,2234,3,18664,3,20898,California
Tehama, County,Tehama County,7/5/2021,34,38294,15,13518,17,23375,2,1401,16,2234,18,18682,18,20916,California
Tehama, County,Tehama County,7/6/2021,94,38388,53,13571,34,23409,7,1408,36,2219,58,18740,43,20959,California
Tehama, County,Tehama County,7/7/2021,98,38486,73,13644,21,23430,4,1412,40,2205,58,18798,44,21003,California
Tehama, County,Tehama County,7/8/2021,131,38617,90,13734,34,23464,7,1419,36,2153,95,18893,43,21046,California
Tehama, County,Tehama County,7/9/2021,98,38715,59,13793,34,23498,5,1424,46,2152,52,18945,51,21097,California
Tehama, County,Tehama County,7/10/2021,27,38742,17,13810,10,23508,0,1424,12,2149,15,18960,12,21109,California
Tehama, County,Tehama County,7/11/2021,17,38759,8,13818,9,23517,0,1424,11,2154,6,18966,11,21120,California
Tehama, County,Tehama County,7/12/2021,49,38808,22,13840,19,23536,8,1432,23,2159,26,18992,31,21151,California
Tehama, County,Tehama County,7/13/2021,48,38856,17,13857,24,23560,7,1439,19,2156,29,19021,26,21177,California
Tehama, County,Tehama County,7/14/2021,105,38961,85,13942,20,23580,0,1439,40,2131,65,19086,40,21217,California
Tehama, County,Tehama County,7/15/2021,45,39006,21,13963,20,23600,4,1443,20,2130,25,19111,24,21241,California
Tehama, County,Tehama County,7/16/2021,77,39083,35,13998,36,23636,6,1449,43,2145,34,19145,49,21290,California
Tehama, County,Tehama County,7/17/2021,43,39126,23,14021,18,23654,2,1451,21,2146,22,19167,23,21313,California
Tehama, County,Tehama County,7/18/2021,13,39139,8,14029,5,23659,0,1451,4,2142,8,19175,4,21317,California
Tehama, County,Tehama County,7/19/2021,67,39206,32,14061,30,23689,5,1456,40,2160,27,19202,45,21362,California
Tehama, County,Tehama County,7/20/2021,79,39285,40,14101,37,23726,2,1458,42,2167,37,19239,44,21406,California
Tehama, County,Tehama County,7/21/2021,112,39397,82,14183,29,23755,1,1459,63,2183,48,19287,64,21470,California
Tehama, County,Tehama County,7/22/2021,91,39488,49,14232,34,23789,8,1467,51,2203,39,19326,59,21529,California
Tehama, County,Tehama County,7/23/2021,99,39587,44,14276,50,23839,5,1472,64,2238,34,19360,69,21598,California
Tehama, County,Tehama County,7/24/2021,23,39610,8,14284,15,23854,0,1472,18,2251,5,19365,18,21616,California
Tehama, County,Tehama County,7/25/2021,19,39629,4,14288,15,23869,0,1472,16,2264,3,19368,16,21632,California
Tehama, County,Tehama County,7/26/2021,100,39729,47,14335,43,23912,10,1482,53,2280,47,19415,63,21695,California
Tehama, County,Tehama County,7/27/2021,96,39825,41,14376,50,23962,5,1487,50,2291,44,19459,55,21750,California
Tehama, County,Tehama County,7/28/2021,109,39934,76,14452,30,23992,3,1490,68,2321,41,19500,71,21821,California
Tehama, County,Tehama County,7/29/2021,118,40052,56,14508,52,24044,10,1500,72,2357,46,19546,82,21903,California
Tehama, County,Tehama County,7/30/2021,122,40174,62,14570,58,24102,2,1502,71,2378,51,19597,72,21975,California
Tehama, County,Tehama County,7/31/2021,41,40215,14,14584,26,24128,1,1503,23,2384,18,19615,24,21999,California
Tehama, County,Tehama County,8/1/2021,27,40242,8,14592,19,24147,0,1503,21,2399,6,19621,21,22020,California
Tehama, County,Tehama County,8/2/2021,83,40325,27,14619,49,24196,7,1510,51,2425,32,19653,58,22078,California
Tehama, County,Tehama County,8/3/2021,73,40398,19,14638,48,24244,6,1516,53,2464,20,19673,59,22137,California
Tehama, County,Tehama County,8/4/2021,147,40545,92,14730,49,24293,6,1522,108,2539,39,19712,114,22251,California
Tehama, County,Tehama County,8/5/2021,101,40646,46,14776,51,24344,4,1526,74,2590,27,19739,78,22329,California
Tehama, County,Tehama County,8/6/2021,131,40777,72,14848,57,24401,2,1528,100,2661,31,19770,102,22431,California
Tehama, County,Tehama County,8/7/2021,50,40827,25,14873,25,24426,0,1528,36,2684,13,19783,36,22467,California
Tehama, County,Tehama County,8/8/2021,40,40867,20,14893,20,24446,0,1528,31,2707,8,19791,31,22498,California
Tehama, County,Tehama County,8/9/2021,62,40929,26,14919,26,24472,10,1538,37,2728,25,19816,46,22544,California
Tehama, County,Tehama County,8/10/2021,41,40970,10,14929,22,24494,9,1547,21,2740,18,19834,30,22574,California
Trinity, County,Trinity County,12/15/2020,0,0,0,0,0,0,0,0,0,0,0,0,0,0,California
Trinity, County,Trinity County,12/16/2020,0,0,0,0,0,0,0,0,0,0,0,0,0,0,California
Trinity, County,Trinity County,12/17/2020,4,4,4,4,0,0,0,0,4,4,0,0,4,4,California
Trinity, County,Trinity County,12/18/2020,2,6,2,6,0,0,0,0,2,6,0,0,2,6,California
Trinity, County,Trinity County,12/19/2020,0,6,0,6,0,0,0,0,0,6,0,0,0,6,California
Trinity, County,Trinity County,12/20/2020,0,6,0,6,0,0,0,0,0,6,0,0,0,6,California
Trinity, County,Trinity County,12/21/2020,38,44,38,44,0,0,0,0,38,44,0,0,38,44,California
Trinity, County,Trinity County,12/22/2020,4,48,4,48,0,0,0,0,4,48,0,0,4,48,California
Trinity, County,Trinity County,12/23/2020,6,54,5,53,1,1,0,0,6,54,0,0,6,54,California
Trinity, County,Trinity County,12/24/2020,0,54,0,53,0,1,0,0,0,54,0,0,0,54,California
Trinity, County,Trinity County,12/25/2020,0,54,0,53,0,1,0,0,0,54,0,0,0,54,California
Trinity, County,Trinity County,12/26/2020,0,54,0,53,0,1,0,0,0,54,0,0,0,54,California
Trinity, County,Trinity County,12/27/2020,0,54,0,53,0,1,0,0,0,54,0,0,0,54,California
Trinity, County,Trinity County,12/28/2020,30,84,30,83,0,1,0,0,30,84,0,0,30,84,California
Trinity, County,Trinity County,12/29/2020,8,92,7,90,1,2,0,0,8,92,0,0,8,92,California
Trinity, County,Trinity County,12/30/2020,10,102,8,98,2,4,0,0,10,102,0,0,10,102,California
Trinity, County,Trinity County,12/31/2020,2,104,1,99,1,5,0,0,2,104,0,0,2,104,California
Trinity, County,Trinity County,1/1/2021,0,104,0,99,0,5,0,0,0,104,0,0,0,104,California
Trinity, County,Trinity County,1/2/2021,0,104,0,99,0,5,0,0,0,104,0,0,0,104,California
Trinity, County,Trinity County,1/3/2021,0,104,0,99,0,5,0,0,0,104,0,0,0,104,California
Trinity, County,Trinity County,1/4/2021,27,131,0,99,27,32,0,0,26,130,0,0,26,130,California
Trinity, County,Trinity County,1/5/2021,2,133,1,100,1,33,0,0,2,132,0,0,2,132,California
Trinity, County,Trinity County,1/6/2021,24,157,4,104,20,53,0,0,20,148,4,4,20,152,California
Trinity, County,Trinity County,1/7/2021,0,157,0,104,0,53,0,0,0,148,0,4,0,152,California
Trinity, County,Trinity County,1/8/2021,49,206,2,106,47,100,0,0,48,194,2,6,48,200,California
Trinity, County,Trinity County,1/9/2021,0,206,0,106,0,100,0,0,0,194,0,6,0,200,California
Trinity, County,Trinity County,1/10/2021,0,206,0,106,0,100,0,0,0,194,0,6,0,200,California
Trinity, County,Trinity County,1/11/2021,41,247,38,144,3,103,0,0,4,161,37,43,4,204,California
Trinity, County,Trinity County,1/12/2021,10,257,6,150,4,107,0,0,5,161,5,48,5,209,California
Trinity, County,Trinity County,1/13/2021,7,264,4,154,3,110,0,0,4,162,3,51,4,213,California
Trinity, County,Trinity County,1/14/2021,4,268,1,155,3,113,0,0,4,166,0,51,4,217,California
Trinity, County,Trinity County,1/15/2021,6,274,0,155,6,119,0,0,6,172,0,51,6,223,California
Trinity, County,Trinity County,1/16/2021,2,276,0,155,2,121,0,0,2,174,0,51,2,225,California
Trinity, County,Trinity County,1/17/2021,0,276,0,155,0,121,0,0,0,174,0,51,0,225,California
Trinity, County,Trinity County,1/18/2021,31,307,31,186,0,121,0,0,1,145,30,81,1,226,California
Trinity, County,Trinity County,1/19/2021,35,342,15,201,20,141,0,0,21,152,14,95,21,247,California
Trinity, County,Trinity County,1/20/2021,21,363,4,205,17,158,0,0,18,167,3,98,18,265,California
Trinity, County,Trinity County,1/21/2021,17,380,7,212,10,168,0,0,17,184,0,98,17,282,California
Trinity, County,Trinity County,1/22/2021,5,385,1,213,4,172,0,0,5,189,0,98,5,287,California
Trinity, County,Trinity County,1/23/2021,7,392,3,216,4,176,0,0,7,196,0,98,7,294,California
Trinity, County,Trinity County,1/24/2021,0,392,0,216,0,176,0,0,0,196,0,98,0,294,California
Trinity, County,Trinity County,1/25/2021,14,406,1,217,13,189,0,0,13,208,1,99,13,307,California
Trinity, County,Trinity County,1/26/2021,12,418,1,218,11,200,0,0,11,218,1,100,11,318,California
Trinity, County,Trinity County,1/27/2021,12,430,0,218,12,212,0,0,12,230,0,100,12,330,California
Trinity, County,Trinity County,1/28/2021,12,442,2,220,10,222,0,0,9,236,3,103,9,339,California
Trinity, County,Trinity County,1/29/2021,3,445,0,220,3,225,0,0,2,237,1,104,2,341,California
Trinity, County,Trinity County,1/30/2021,12,457,11,231,1,226,0,0,12,249,0,104,12,353,California
Trinity, County,Trinity County,1/31/2021,0,457,0,231,0,226,0,0,0,249,0,104,0,353,California
Trinity, County,Trinity County,2/1/2021,2,459,1,232,1,227,0,0,1,249,1,105,1,354,California
Trinity, County,Trinity County,2/2/2021,15,474,3,235,12,239,0,0,14,262,1,106,14,368,California
Trinity, County,Trinity County,2/3/2021,6,480,1,236,5,244,0,0,4,264,2,108,4,372,California
Trinity, County,Trinity County,2/4/2021,40,520,31,267,9,253,0,0,33,290,7,115,33,405,California
Trinity, County,Trinity County,2/5/2021,354,874,0,267,354,607,0,0,323,582,31,146,323,728,California
Trinity, County,Trinity County,2/6/2021,209,1083,5,272,204,811,0,0,202,777,7,153,202,930,California
Trinity, County,Trinity County,2/7/2021,1,1084,0,272,1,812,0,0,1,778,0,153,1,931,California
Trinity, County,Trinity County,2/8/2021,29,1113,2,274,27,839,0,0,16,781,13,166,16,947,California
Trinity, County,Trinity County,2/9/2021,28,1141,2,276,26,865,0,0,10,773,18,184,10,957,California
Trinity, County,Trinity County,2/10/2021,121,1262,10,286,111,976,0,0,101,854,20,204,101,1058,California
Trinity, County,Trinity County,2/11/2021,334,1596,2,288,332,1308,0,0,327,1174,7,211,327,1385,California
Trinity, County,Trinity County,2/12/2021,19,1615,10,298,9,1317,0,0,13,1181,6,217,13,1398,California
Trinity, County,Trinity County,2/13/2021,11,1626,6,304,5,1322,0,0,6,1182,5,222,6,1404,California
Trinity, County,Trinity County,2/14/2021,2,1628,2,306,0,1322,0,0,2,1184,0,222,2,1406,California
Trinity, County,Trinity County,2/15/2021,46,1674,0,306,46,1368,0,0,46,1230,0,222,46,1452,California
Trinity, County,Trinity County,2/16/2021,6,1680,1,307,5,1373,0,0,4,1232,2,224,4,1456,California
Trinity, County,Trinity County,2/17/2021,93,1773,2,309,91,1464,0,0,83,1305,10,234,83,1539,California
Trinity, County,Trinity County,2/18/2021,3,1776,0,309,3,1467,0,0,1,1304,2,236,1,1540,California
Trinity, County,Trinity County,2/19/2021,312,2088,1,310,311,1778,0,0,299,1590,13,249,299,1839,California
Trinity, County,Trinity County,2/20/2021,143,2231,14,324,129,1907,0,0,115,1677,28,277,115,1954,California
Trinity, County,Trinity County,2/21/2021,1,2232,1,325,0,1907,0,0,1,1678,0,277,1,1955,California
Trinity, County,Trinity County,2/22/2021,8,2240,0,325,8,1915,0,0,5,1680,3,280,5,1960,California
Trinity, County,Trinity County,2/23/2021,12,2252,3,328,9,1924,0,0,5,1678,7,287,5,1965,California
Trinity, County,Trinity County,2/24/2021,30,2282,8,336,22,1946,0,0,7,1662,23,310,7,1972,California
Trinity, County,Trinity County,2/25/2021,39,2321,25,361,14,1960,0,0,5,1633,34,344,5,1977,California
Trinity, County,Trinity County,2/26/2021,13,2334,2,363,11,1971,0,0,6,1632,7,351,6,1983,California
Trinity, County,Trinity County,2/27/2021,12,2346,10,373,2,1973,0,0,6,1632,6,357,6,1989,California
Trinity, County,Trinity County,2/28/2021,0,2346,0,373,0,1973,0,0,0,1632,0,357,0,1989,California
Trinity, County,Trinity County,3/1/2021,11,2357,1,374,10,1983,0,0,5,1631,6,363,5,1994,California
Trinity, County,Trinity County,3/2/2021,9,2366,3,377,6,1989,0,0,2,1626,7,370,2,1996,California
Trinity, County,Trinity County,3/3/2021,4,2370,0,377,4,1993,0,0,3,1628,1,371,3,1999,California
Trinity, County,Trinity County,3/4/2021,24,2394,20,397,4,1997,0,0,10,1624,14,385,10,2009,California
Trinity, County,Trinity County,3/5/2021,391,2785,1,398,390,2387,0,0,120,1477,267,652,120,2129,California
Trinity, County,Trinity County,3/6/2021,200,2985,6,404,194,2581,0,0,25,1327,175,827,25,2154,California
Trinity, County,Trinity County,3/7/2021,6,2991,3,407,2,2583,1,1,3,1328,3,830,4,2158,California
Trinity, County,Trinity County,3/8/2021,4,2995,0,407,3,2586,1,2,1,1327,3,833,2,2160,California
Trinity, County,Trinity County,3/9/2021,99,3094,1,408,96,2682,2,4,93,1416,6,839,95,2255,California
Trinity, County,Trinity County,3/10/2021,125,3219,3,411,119,2801,3,7,38,1370,87,926,41,2296,California
Trinity, County,Trinity County,3/11/2021,15,3234,3,414,10,2811,2,9,4,1365,11,937,6,2302,California
Trinity, County,Trinity County,3/12/2021,399,3633,5,419,388,3199,6,15,98,1168,301,1238,104,2406,California
Trinity, County,Trinity County,3/13/2021,13,3646,7,426,4,3203,2,17,7,1171,6,1244,9,2415,California
Trinity, County,Trinity County,3/14/2021,4,3650,1,427,3,3206,0,17,3,1173,1,1245,3,2418,California
Trinity, County,Trinity County,3/15/2021,67,3717,0,427,66,3272,1,18,15,1137,52,1297,16,2434,California
Trinity, County,Trinity County,3/16/2021,117,3834,7,434,110,3382,0,18,104,1228,13,1310,104,2538,California
Trinity, County,Trinity County,3/17/2021,99,3933,3,437,96,3478,0,18,26,1181,73,1383,26,2564,California
Trinity, County,Trinity County,3/18/2021,13,3946,3,440,7,3485,3,21,6,1183,7,1390,9,2573,California
Trinity, County,Trinity County,3/19/2021,463,4409,4,444,349,3834,110,131,33,896,430,1820,143,2716,California
Trinity, County,Trinity County,3/20/2021,110,4519,7,451,103,3937,0,131,70,927,39,1859,70,2786,California
Trinity, County,Trinity County,3/21/2021,5,4524,0,451,3,3940,2,133,3,930,2,1861,5,2791,California
Trinity, County,Trinity County,3/22/2021,2,4526,0,451,2,3942,0,133,2,932,0,1861,2,2793,California
Trinity, County,Trinity County,3/23/2021,96,4622,2,453,93,4035,1,134,78,993,18,1879,79,2872,California
Trinity, County,Trinity County,3/24/2021,12,4634,1,454,11,4046,0,134,9,999,3,1882,9,2881,California
Trinity, County,Trinity County,3/25/2021,111,4745,8,462,97,4143,6,140,85,1064,26,1908,91,2972,California
Trinity, County,Trinity County,3/26/2021,84,4829,8,470,76,4219,0,140,77,1134,7,1915,77,3049,California
Trinity, County,Trinity County,3/27/2021,19,4848,3,473,7,4226,9,149,9,1142,10,1925,18,3067,California
Trinity, County,Trinity County,3/28/2021,5,4853,3,476,2,4228,0,149,1,1139,4,1929,1,3068,California
Trinity, County,Trinity County,3/29/2021,5,4858,0,476,5,4233,0,149,2,1138,3,1932,2,3070,California
Trinity, County,Trinity County,3/30/2021,79,4937,7,483,72,4305,0,149,68,1195,11,1943,68,3138,California
Trinity, County,Trinity County,3/31/2021,55,4992,5,488,18,4323,32,181,20,1211,35,1978,51,3189,California
Trinity, County,Trinity County,4/1/2021,41,5033,10,498,20,4343,11,192,22,1225,19,1997,33,3222,California
Trinity, County,Trinity County,4/2/2021,261,5294,6,504,180,4523,75,267,87,1214,173,2170,162,3384,California
Trinity, County,Trinity County,4/3/2021,18,5312,13,517,5,4528,0,267,8,1212,10,2180,8,3392,California
Trinity, County,Trinity County,4/4/2021,10,5322,8,525,2,4530,0,267,8,1218,2,2182,8,3400,California
Trinity, County,Trinity County,4/5/2021,60,5382,6,531,51,4581,3,270,53,1268,6,2188,56,3456,California
Trinity, County,Trinity County,4/6/2021,123,5505,15,546,105,4686,3,273,30,1207,93,2281,32,3488,California
Trinity, County,Trinity County,4/7/2021,26,5531,11,557,10,4696,5,278,19,1224,7,2288,24,3512,California
Trinity, County,Trinity County,4/8/2021,91,5622,12,569,77,4773,2,280,53,1241,38,2326,55,3567,California
Trinity, County,Trinity County,4/9/2021,168,5790,18,587,146,4919,4,284,90,1257,78,2404,94,3661,California
Trinity, County,Trinity County,4/10/2021,12,5802,7,594,5,4924,0,284,11,1267,1,2405,11,3672,California
Trinity, County,Trinity County,4/11/2021,10,5812,5,599,3,4927,2,286,4,1267,6,2411,6,3678,California
Trinity, County,Trinity County,4/12/2021,78,5890,5,604,72,4999,1,287,64,1318,13,2424,64,3742,California
Trinity, County,Trinity County,4/13/2021,106,5996,6,610,100,5099,0,287,12,1236,94,2518,12,3754,California
Trinity, County,Trinity County,4/14/2021,10,6006,5,615,5,5104,0,287,6,1238,4,2522,6,3760,California
Trinity, County,Trinity County,4/15/2021,45,6051,10,625,35,5139,0,287,15,1224,29,2551,15,3775,California
Trinity, County,Trinity County,4/16/2021,162,6213,14,639,148,5287,0,287,86,1236,74,2625,86,3861,California
Trinity, County,Trinity County,4/17/2021,11,6224,5,644,6,5293,0,287,9,1243,2,2627,9,3870,California
Trinity, County,Trinity County,4/18/2021,3,6227,1,645,2,5295,0,287,0,1240,3,2630,0,3870,California
Trinity, County,Trinity County,4/19/2021,67,6294,2,647,65,5360,0,287,66,1305,1,2631,66,3936,California
Trinity, County,Trinity County,4/20/2021,94,6388,8,655,86,5446,0,287,20,1251,74,2705,20,3956,California
Trinity, County,Trinity County,4/21/2021,22,6410,9,664,13,5459,0,287,9,1247,13,2718,9,3965,California
Trinity, County,Trinity County,4/22/2021,93,6503,5,669,88,5547,0,287,14,1182,79,2797,14,3979,California
Trinity, County,Trinity County,4/23/2021,182,6685,6,675,176,5723,0,287,112,1224,70,2867,112,4091,California
Trinity, County,Trinity County,4/24/2021,26,6711,15,690,11,5734,0,287,7,1212,19,2886,7,4098,California
Trinity, County,Trinity County,4/25/2021,10,6721,9,699,1,5735,0,287,3,1209,6,2892,3,4101,California
Trinity, County,Trinity County,4/26/2021,49,6770,9,708,40,5775,0,287,41,1242,8,2900,41,4142,California
Trinity, County,Trinity County,4/27/2021,87,6857,12,720,75,5850,0,287,23,1201,64,2964,23,4165,California
Trinity, County,Trinity County,4/28/2021,32,6889,11,731,21,5871,0,287,12,1193,20,2984,12,4177,California
Trinity, County,Trinity County,4/29/2021,36,6925,13,744,23,5894,0,287,12,1181,24,3008,12,4189,California
Trinity, County,Trinity County,4/30/2021,26,6951,21,765,5,5899,0,287,10,1176,15,3023,10,4199,California
Trinity, County,Trinity County,5/1/2021,15,6966,8,773,2,5901,5,292,5,1176,10,3033,10,4209,California
Trinity, County,Trinity County,5/2/2021,8,6974,5,778,1,5902,2,294,2,1174,6,3039,4,4213,California
Trinity, County,Trinity County,5/3/2021,57,7031,13,791,43,5945,1,295,9,1137,47,3086,10,4223,California
Trinity, County,Trinity County,5/4/2021,28,7059,11,802,16,5961,1,296,8,1126,20,3106,9,4232,California
Trinity, County,Trinity County,5/5/2021,11,7070,7,809,4,5965,0,296,4,1123,7,3113,4,4236,California
Trinity, County,Trinity County,5/6/2021,77,7147,11,820,63,6028,3,299,16,1081,61,3174,19,4255,California
Trinity, County,Trinity County,5/7/2021,183,7330,13,833,136,6164,34,333,15,962,168,3342,49,4304,California
Trinity, County,Trinity County,5/8/2021,7,7337,2,835,5,6169,0,333,2,959,5,3347,2,4306,California
Trinity, County,Trinity County,5/9/2021,11,7348,8,843,3,6172,0,333,7,962,4,3351,7,4313,California
Trinity, County,Trinity County,5/10/2021,15,7363,4,847,10,6182,1,334,8,964,7,3358,9,4322,California
Trinity, County,Trinity County,5/11/2021,8,7371,4,851,4,6186,0,334,6,968,2,3360,6,4328,California
Trinity, County,Trinity County,5/12/2021,19,7390,16,867,2,6188,1,335,14,978,5,3365,15,4343,California
Trinity, County,Trinity County,5/13/2021,15,7405,10,877,4,6192,1,336,9,982,6,3371,10,4353,California
Trinity, County,Trinity County,5/14/2021,145,7550,19,896,98,6290,28,364,39,943,106,3477,67,4420,California
Trinity, County,Trinity County,5/15/2021,17,7567,12,908,4,6294,1,365,8,944,8,3485,9,4429,California
Trinity, County,Trinity County,5/16/2021,8,7575,6,914,2,6296,0,365,6,948,2,3487,6,4435,California
Trinity, County,Trinity County,5/17/2021,108,7683,20,934,86,6382,2,367,42,926,66,3553,44,4479,California
Trinity, County,Trinity County,5/18/2021,39,7722,8,942,30,6412,1,368,11,910,28,3581,12,4491,California
Trinity, County,Trinity County,5/19/2021,150,7872,17,959,103,6515,30,398,29,849,120,3701,59,4550,California
Trinity, County,Trinity County,5/20/2021,28,7900,21,980,4,6519,3,401,17,858,11,3712,20,4570,California
Trinity, County,Trinity County,5/21/2021,21,7921,14,994,7,6526,0,401,12,861,9,3721,12,4582,California
Trinity, County,Trinity County,5/22/2021,17,7938,14,1008,3,6529,0,401,13,870,4,3725,13,4595,California
Trinity, County,Trinity County,5/23/2021,6,7944,4,1012,2,6531,0,401,2,868,4,3729,2,4597,California
Trinity, County,Trinity County,5/24/2021,110,8054,12,1024,97,6628,1,402,9,778,100,3829,10,4607,California
Trinity, County,Trinity County,5/25/2021,39,8093,14,1038,25,6653,0,402,17,773,22,3851,17,4624,California
Trinity, County,Trinity County,5/26/2021,12,8105,6,1044,6,6659,0,402,4,769,8,3859,4,4628,California
Trinity, County,Trinity County,5/27/2021,31,8136,14,1058,12,6671,5,407,8,759,23,3882,13,4641,California
Trinity, County,Trinity County,5/28/2021,16,8152,11,1069,4,6675,1,408,9,762,7,3889,10,4651,California
Trinity, County,Trinity County,5/29/2021,10,8162,7,1076,2,6677,1,409,7,767,3,3892,8,4659,California
Trinity, County,Trinity County,5/30/2021,6,8168,5,1081,1,6678,0,409,0,761,6,3898,0,4659,California
Trinity, County,Trinity County,5/31/2021,4,8172,3,1084,1,6679,0,409,2,761,2,3900,2,4661,California
Trinity, County,Trinity County,6/1/2021,14,8186,7,1091,5,6684,2,411,3,756,10,3910,5,4666,California
Trinity, County,Trinity County,6/2/2021,23,8209,18,1109,3,6687,2,413,8,751,15,3925,10,4676,California
Trinity, County,Trinity County,6/3/2021,39,8248,13,1122,26,6713,0,413,13,738,26,3951,13,4689,California
Trinity, County,Trinity County,6/4/2021,46,8294,21,1143,17,6730,8,421,12,724,34,3985,20,4709,California
Trinity, County,Trinity County,6/5/2021,19,8313,18,1161,1,6731,0,421,13,731,6,3991,13,4722,California
Trinity, County,Trinity County,6/6/2021,9,8322,6,1167,2,6733,1,422,2,727,7,3998,3,4725,California
Trinity, County,Trinity County,6/7/2021,30,8352,19,1186,10,6743,1,423,14,726,16,4014,15,4740,California
Trinity, County,Trinity County,6/8/2021,16,8368,13,1199,1,6744,2,425,4,720,12,4026,6,4746,California
Trinity, County,Trinity County,6/9/2021,31,8399,14,1213,1,6745,16,441,5,715,26,4052,21,4767,California
Trinity, County,Trinity County,6/10/2021,28,8427,19,1232,3,6748,6,447,7,707,21,4073,13,4780,California
Trinity, County,Trinity County,6/11/2021,46,8473,10,1242,33,6781,3,450,14,692,31,4104,16,4796,California
Trinity, County,Trinity County,6/12/2021,19,8492,10,1252,1,6782,8,458,4,689,15,4119,12,4808,California
Trinity, County,Trinity County,6/13/2021,4,8496,4,1256,0,6782,0,458,1,687,3,4122,1,4809,California
Trinity, County,Trinity County,6/14/2021,43,8539,16,1272,27,6809,0,458,11,666,32,4154,11,4820,California
Trinity, County,Trinity County,6/15/2021,56,8595,21,1293,12,6821,23,481,15,662,41,4195,37,4857,California
Trinity, County,Trinity County,6/16/2021,14,8609,6,1299,5,6826,3,484,4,659,10,4205,7,4864,California
Trinity, County,Trinity County,6/17/2021,19,8628,12,1311,1,6827,6,490,6,659,12,4217,12,4876,California
Trinity, County,Trinity County,6/18/2021,21,8649,11,1322,7,6834,3,493,6,653,15,4232,9,4885,California
Trinity, County,Trinity County,6/19/2021,14,8663,9,1331,2,6836,3,496,3,648,11,4243,6,4891,California
Trinity, County,Trinity County,6/20/2021,3,8666,3,1334,0,6836,0,496,3,651,0,4243,3,4894,California
Trinity, County,Trinity County,6/21/2021,9,8675,6,1340,1,6837,2,498,6,656,3,4246,8,4902,California
Trinity, County,Trinity County,6/22/2021,33,8708,9,1349,14,6851,10,508,14,661,19,4265,24,4926,California
Trinity, County,Trinity County,6/23/2021,15,8723,7,1356,2,6853,6,514,3,658,12,4277,9,4935,California
Trinity, County,Trinity County,6/24/2021,25,8748,15,1371,4,6857,6,520,16,671,9,4286,22,4957,California
Trinity, County,Trinity County,6/25/2021,10,8758,9,1380,0,6857,1,521,6,673,4,4290,6,4963,California
Trinity, County,Trinity County,6/26/2021,18,8776,18,1398,0,6857,0,521,8,671,10,4300,8,4971,California
Trinity, County,Trinity County,6/27/2021,4,8780,4,1402,0,6857,0,521,0,667,4,4304,0,4971,California
Trinity, County,Trinity County,6/28/2021,11,8791,9,1411,1,6858,1,522,4,665,7,4311,5,4976,California
Trinity, County,Trinity County,6/29/2021,11,8802,5,1416,3,6861,3,525,5,667,6,4317,8,4984,California
Trinity, County,Trinity County,6/30/2021,14,8816,10,1426,1,6862,3,528,6,668,8,4325,9,4993,California
Trinity, County,Trinity County,7/1/2021,32,8848,13,1439,12,6874,7,535,11,665,21,4346,18,5011,California
Trinity, County,Trinity County,7/2/2021,24,8872,6,1445,6,6880,12,547,6,665,18,4364,18,5029,California
Trinity, County,Trinity County,7/3/2021,4,8876,1,1446,0,6880,3,550,0,664,4,4368,3,5032,California
Trinity, County,Trinity County,7/4/2021,2,8878,1,1447,1,6881,0,550,1,664,1,4369,1,5033,California
Trinity, County,Trinity County,7/5/2021,13,8891,12,1459,1,6882,0,550,6,663,7,4376,6,5039,California
Trinity, County,Trinity County,7/6/2021,12,8903,10,1469,2,6884,0,550,6,663,6,4382,6,5045,California
Trinity, County,Trinity County,7/7/2021,13,8916,9,1478,1,6885,3,553,6,665,7,4389,9,5054,California
Trinity, County,Trinity County,7/8/2021,15,8931,7,1485,1,6886,7,560,2,660,13,4402,8,5062,California
Trinity, County,Trinity County,7/9/2021,24,8955,8,1493,14,6900,2,562,8,654,16,4418,10,5072,California
Trinity, County,Trinity County,7/10/2021,9,8964,6,1499,3,6903,0,562,7,659,2,4420,7,5079,California
Trinity, County,Trinity County,7/11/2021,7,8971,4,1503,0,6903,3,565,4,663,3,4423,7,5086,California
Trinity, County,Trinity County,7/12/2021,34,9005,11,1514,22,6925,1,566,9,648,25,4448,10,5096,California
Trinity, County,Trinity County,7/13/2021,17,9022,11,1525,6,6931,0,566,8,647,9,4457,8,5104,California
Trinity, County,Trinity County,7/14/2021,14,9036,7,1532,1,6932,6,572,5,649,9,4466,11,5115,California
Trinity, County,Trinity County,7/15/2021,17,9053,13,1545,2,6934,2,574,7,648,10,4476,9,5124,California
Trinity, County,Trinity County,7/16/2021,11,9064,7,1552,2,6936,2,576,3,645,8,4484,5,5129,California
Trinity, County,Trinity County,7/17/2021,22,9086,7,1559,7,6943,8,584,6,643,16,4500,14,5143,California
Trinity, County,Trinity County,7/18/2021,2,9088,2,1561,0,6943,0,584,2,645,0,4500,2,5145,California
Trinity, County,Trinity County,7/19/2021,12,9100,12,1573,0,6943,0,584,11,655,1,4501,11,5156,California
Trinity, County,Trinity County,7/20/2021,35,9135,8,1581,23,6966,4,588,20,664,15,4516,24,5180,California
Trinity, County,Trinity County,7/21/2021,13,9148,9,1590,3,6969,1,589,7,667,5,4521,8,5188,California
Trinity, County,Trinity County,7/22/2021,22,9170,12,1602,8,6977,2,591,9,665,13,4534,11,5199,California
Trinity, County,Trinity County,7/23/2021,22,9192,17,1619,2,6979,3,594,15,676,7,4541,18,5217,California
Trinity, County,Trinity County,7/24/2021,16,9208,11,1630,0,6979,5,599,9,683,7,4548,14,5231,California
Trinity, County,Trinity County,7/25/2021,3,9211,1,1631,1,6980,1,600,1,683,2,4550,2,5233,California
Trinity, County,Trinity County,7/26/2021,11,9222,10,1641,1,6981,0,600,10,692,1,4551,10,5243,California
Trinity, County,Trinity County,7/27/2021,40,9262,27,1668,4,6985,9,609,20,701,20,4571,29,5272,California
Trinity, County,Trinity County,7/28/2021,38,9300,21,1689,7,6992,10,619,15,703,23,4594,25,5297,California
Trinity, County,Trinity County,7/29/2021,21,9321,8,1697,2,6994,11,630,9,711,12,4606,20,5317,California
Trinity, County,Trinity County,7/30/2021,20,9341,16,1713,2,6996,2,632,8,710,11,4617,10,5327,California
Trinity, County,Trinity County,7/31/2021,9,9350,9,1722,0,6996,0,632,6,713,3,4620,6,5333,California
Trinity, County,Trinity County,8/1/2021,7,9357,7,1729,0,6996,0,632,3,712,4,4624,3,5336,California
Trinity, County,Trinity County,8/2/2021,17,9374,13,1742,3,6999,1,633,14,724,3,4627,15,5351,California
Trinity, County,Trinity County,8/3/2021,9,9383,7,1749,2,7001,0,633,5,725,4,4631,5,5356,California
Trinity, County,Trinity County,8/4/2021,17,9400,14,1763,2,7003,1,634,11,732,5,4636,12,5368,California
Trinity, County,Trinity County,8/5/2021,14,9414,11,1774,1,7004,2,636,6,732,8,4644,8,5376,California
Trinity, County,Trinity County,8/6/2021,14,9428,13,1787,1,7005,0,636,11,740,3,4647,11,5387,California
Trinity, County,Trinity County,8/7/2021,14,9442,12,1799,2,7007,0,636,4,734,10,4657,4,5391,California
Trinity, County,Trinity County,8/8/2021,5,9447,5,1804,0,7007,0,636,2,733,3,4660,2,5393,California
Trinity, County,Trinity County,8/9/2021,17,9464,9,1813,8,7015,0,636,7,730,10,4670,7,5400,California
Trinity, County,Trinity County,8/10/2021,6,9470,2,1815,3,7018,1,637,1,727,5,4675,2,5402,California
Tulare, County,Tulare County,12/15/2020,1,1,1,1,0,0,0,0,1,1,0,0,1,1,California
Tulare, County,Tulare County,12/16/2020,5,6,5,6,0,0,0,0,5,6,0,0,5,6,California
Tulare, County,Tulare County,12/17/2020,109,115,109,115,0,0,0,0,109,115,0,0,109,115,California
Tulare, County,Tulare County,12/18/2020,290,405,289,404,1,1,0,0,290,405,0,0,290,405,California
Tulare, County,Tulare County,12/19/2020,323,728,323,727,0,1,0,0,323,728,0,0,323,728,California
Tulare, County,Tulare County,12/20/2020,164,892,164,891,0,1,0,0,164,892,0,0,164,892,California
Tulare, County,Tulare County,12/21/2020,425,1317,425,1316,0,1,0,0,445,1337,0,0,445,1337,California
Tulare, County,Tulare County,12/22/2020,478,1795,477,1793,1,2,0,0,477,1814,0,0,477,1814,California
Tulare, County,Tulare County,12/23/2020,330,2125,321,2114,9,11,0,0,328,2142,0,0,328,2142,California
Tulare, County,Tulare County,12/24/2020,18,2143,16,2130,2,13,0,0,18,2160,0,0,18,2160,California
Tulare, County,Tulare County,12/25/2020,0,2143,0,2130,0,13,0,0,0,2160,0,0,0,2160,California
Tulare, County,Tulare County,12/26/2020,7,2150,6,2136,1,14,0,0,7,2167,0,0,7,2167,California
Tulare, County,Tulare County,12/27/2020,16,2166,12,2148,4,18,0,0,16,2183,0,0,16,2183,California
Tulare, County,Tulare County,12/28/2020,482,2648,470,2618,12,30,0,0,481,2664,0,0,481,2664,California
Tulare, County,Tulare County,12/29/2020,552,3200,481,3099,71,101,0,0,552,3216,0,0,552,3216,California
Tulare, County,Tulare County,12/30/2020,470,3670,427,3526,43,144,0,0,470,3686,0,0,470,3686,California
Tulare, County,Tulare County,12/31/2020,102,3772,24,3550,78,222,0,0,102,3788,0,0,102,3788,California
Tulare, County,Tulare County,1/1/2021,5,3777,1,3551,4,226,0,0,5,3793,0,0,5,3793,California
Tulare, County,Tulare County,1/2/2021,34,3811,20,3571,14,240,0,0,34,3827,0,0,34,3827,California
Tulare, County,Tulare County,1/3/2021,23,3834,9,3580,14,254,0,0,23,3850,0,0,23,3850,California
Tulare, County,Tulare County,1/4/2021,96,3930,18,3598,78,332,0,0,96,3946,0,0,96,3946,California
Tulare, County,Tulare County,1/5/2021,470,4400,281,3879,189,521,0,0,468,4412,2,2,468,4414,California
Tulare, County,Tulare County,1/6/2021,863,5263,632,4511,231,752,0,0,853,5255,10,12,853,5267,California
Tulare, County,Tulare County,1/7/2021,784,6047,586,5097,198,950,0,0,676,5823,108,120,676,5943,California
Tulare, County,Tulare County,1/8/2021,1283,7330,572,5669,711,1661,0,0,947,6435,335,455,947,6890,California
Tulare, County,Tulare County,1/9/2021,802,8132,203,5872,599,2260,0,0,614,6861,188,643,614,7504,California
Tulare, County,Tulare County,1/10/2021,55,8187,45,5917,10,2270,0,0,16,6838,39,682,16,7520,California
Tulare, County,Tulare County,1/11/2021,1280,9467,777,6694,503,2773,0,0,838,7234,442,1124,838,8358,California
Tulare, County,Tulare County,1/12/2021,1464,10931,516,7210,948,3721,0,0,1044,7861,419,1543,1046,9404,California
Tulare, County,Tulare County,1/13/2021,409,11340,179,7389,230,3951,0,0,333,8118,76,1619,333,9737,California
Tulare, County,Tulare County,1/14/2021,499,11839,149,7538,350,4301,0,0,472,8574,16,1635,472,10209,California
Tulare, County,Tulare County,1/15/2021,1671,13510,163,7701,1508,5809,0,0,1660,10223,11,1646,1660,11869,California
Tulare, County,Tulare County,1/16/2021,1948,15458,124,7825,1824,7633,0,0,1934,12143,14,1660,1934,13803,California
Tulare, County,Tulare County,1/17/2021,142,15600,122,7947,20,7653,0,0,132,12265,10,1670,132,13935,California
Tulare, County,Tulare County,1/18/2021,697,16297,661,8608,36,7689,0,0,296,12160,401,2071,296,14231,California
Tulare, County,Tulare County,1/19/2021,1035,17332,698,9306,337,8026,0,0,605,12336,430,2501,606,14837,California
Tulare, County,Tulare County,1/20/2021,2495,19827,665,9971,1830,9856,0,0,2058,14003,392,2893,2059,16896,California
Tulare, County,Tulare County,1/21/2021,1645,21472,235,10206,1410,11266,0,0,1616,15596,23,2916,1616,18512,California
Tulare, County,Tulare County,1/22/2021,1102,22574,212,10418,890,12156,0,0,1071,16637,30,2946,1071,19583,California
Tulare, County,Tulare County,1/23/2021,443,23017,156,10574,287,12443,0,0,422,17038,21,2967,422,20005,California
Tulare, County,Tulare County,1/24/2021,31,23048,28,10602,3,12446,0,0,29,17065,2,2969,29,20034,California
Tulare, County,Tulare County,1/25/2021,1360,24408,992,11594,368,12814,0,0,1308,18321,52,3021,1308,21342,California
Tulare, County,Tulare County,1/26/2021,1516,25924,1104,12698,412,13226,0,0,1173,19152,342,3363,1173,22515,California
Tulare, County,Tulare County,1/27/2021,1507,27431,1077,13775,430,13656,0,0,925,19496,581,3944,925,23440,California
Tulare, County,Tulare County,1/28/2021,1224,28655,778,14553,446,14102,0,0,822,19916,402,4346,822,24262,California
Tulare, County,Tulare County,1/29/2021,1134,29789,721,15274,413,14515,0,0,822,20426,312,4658,822,25084,California
Tulare, County,Tulare County,1/30/2021,1683,31472,1587,16861,96,14611,0,0,1659,22062,24,4682,1660,26744,California
Tulare, County,Tulare County,1/31/2021,66,31538,62,16923,4,14615,0,0,62,22120,4,4686,62,26806,California
Tulare, County,Tulare County,2/1/2021,1181,32719,901,17824,280,14895,0,0,814,22568,366,5052,814,27620,California
Tulare, County,Tulare County,2/2/2021,701,33420,343,18167,358,15253,0,0,443,22756,256,5308,444,28064,California
Tulare, County,Tulare County,2/3/2021,573,33993,235,18402,338,15591,0,0,329,22882,203,5511,329,28393,California
Tulare, County,Tulare County,2/4/2021,595,34588,185,18587,410,16001,0,0,286,22862,308,5819,288,28681,California
Tulare, County,Tulare County,2/5/2021,1248,35836,238,18825,1010,17011,0,0,405,22426,841,6660,405,29086,California
Tulare, County,Tulare County,2/6/2021,846,36682,166,18991,680,17691,0,0,210,22002,634,7294,210,29296,California
Tulare, County,Tulare County,2/7/2021,87,36769,72,19063,15,17706,0,0,24,21963,63,7357,24,29320,California
Tulare, County,Tulare County,2/8/2021,955,37724,334,19397,621,18327,0,0,242,21495,710,8067,242,29562,California
Tulare, County,Tulare County,2/9/2021,1440,39164,337,19734,1103,19430,0,0,357,20775,1077,9144,357,29919,California
Tulare, County,Tulare County,2/10/2021,2497,41661,1996,21730,501,19931,0,0,2089,22459,405,9549,2089,32008,California
Tulare, County,Tulare County,2/11/2021,1366,43027,383,22113,983,20914,0,0,887,22867,479,10028,887,32895,California
Tulare, County,Tulare County,2/12/2021,2813,45840,572,22685,2241,23155,0,0,1167,22397,1637,11665,1167,34062,California
Tulare, County,Tulare County,2/13/2021,2488,48328,157,22842,2331,25486,0,0,639,21192,1844,13509,639,34701,California
Tulare, County,Tulare County,2/14/2021,342,48670,39,22881,303,25789,0,0,305,21460,37,13546,305,35006,California
Tulare, County,Tulare County,2/15/2021,930,49600,295,23176,635,26424,0,0,664,21859,265,13811,664,35670,California
Tulare, County,Tulare County,2/16/2021,2877,52477,1607,24783,1270,27694,0,0,1103,21192,1771,15582,1104,36774,California
Tulare, County,Tulare County,2/17/2021,2737,55214,524,25307,2213,29907,0,0,457,19376,2273,17855,457,37231,California
Tulare, County,Tulare County,2/18/2021,2382,57596,458,25765,1924,31831,0,0,652,18308,1720,19575,652,37883,California
Tulare, County,Tulare County,2/19/2021,2369,59965,884,26649,1485,33316,0,0,972,17888,1392,20967,972,38855,California
Tulare, County,Tulare County,2/20/2021,3030,62995,1903,28552,1127,34443,0,0,1274,17415,1747,22714,1274,40129,California
Tulare, County,Tulare County,2/21/2021,102,63097,97,28649,5,34448,0,0,49,17414,50,22764,49,40178,California
Tulare, County,Tulare County,2/22/2021,1165,64262,740,29389,425,34873,0,0,217,16685,946,23710,217,40395,California
Tulare, County,Tulare County,2/23/2021,2050,66312,993,30382,1057,35930,0,0,1494,17626,553,24263,1494,41889,California
Tulare, County,Tulare County,2/24/2021,2545,68857,1586,31968,959,36889,0,0,2147,19379,395,24658,2148,44037,California
Tulare, County,Tulare County,2/25/2021,3675,72532,2058,34026,1617,38506,0,0,3221,22154,448,25106,3223,47260,California
Tulare, County,Tulare County,2/26/2021,4009,76541,1954,35980,2055,40561,0,0,3515,25177,492,25598,3515,50775,California
Tulare, County,Tulare County,2/27/2021,3167,79708,1596,37576,1571,42132,0,0,3027,28077,127,25725,3027,53802,California
Tulare, County,Tulare County,2/28/2021,1375,81083,1087,38663,288,42420,0,0,1351,29409,19,25744,1351,55153,California
Tulare, County,Tulare County,3/1/2021,1856,82939,828,39491,1027,43447,1,1,1649,30856,203,25947,1650,56803,California
Tulare, County,Tulare County,3/2/2021,2890,85829,1295,40786,1595,45042,0,1,2696,33363,190,26137,2697,59500,California
Tulare, County,Tulare County,3/3/2021,4167,89996,2769,43555,1397,46439,1,2,2186,33578,1975,28112,2190,61690,California
Tulare, County,Tulare County,3/4/2021,3050,93046,1386,44941,1664,48103,0,2,2694,35924,348,28460,2694,64384,California
Tulare, County,Tulare County,3/5/2021,3559,96605,1787,46728,1757,49860,15,17,3031,38449,525,28985,3050,67434,California
Tulare, County,Tulare County,3/6/2021,3122,99727,1459,48187,1603,51463,60,77,2860,41109,259,29244,2919,70353,California
Tulare, County,Tulare County,3/7/2021,1170,100897,715,48902,423,51886,32,109,1115,42202,54,29298,1147,71500,California
Tulare, County,Tulare County,3/8/2021,1745,102642,1010,49912,565,52451,170,279,1409,43450,330,29628,1578,73078,California
Tulare, County,Tulare County,3/9/2021,3313,105955,2260,52172,900,53351,153,432,2876,46041,436,30064,3027,76105,California
Tulare, County,Tulare County,3/10/2021,3013,108968,1419,53591,1417,54768,177,609,2598,48412,403,30467,2774,78879,California
Tulare, County,Tulare County,3/11/2021,4287,113255,2018,55609,1960,56728,309,918,3316,51066,971,31438,3625,82504,California
Tulare, County,Tulare County,3/12/2021,4476,117731,2445,58054,1674,58402,357,1275,3168,53291,1298,32736,3523,86027,California
Tulare, County,Tulare County,3/13/2021,4193,121924,1963,60017,2126,60528,104,1379,3227,55665,958,33694,3332,89359,California
Tulare, County,Tulare County,3/14/2021,1865,123789,991,61008,654,61182,220,1599,1333,56684,531,34225,1550,90909,California
Tulare, County,Tulare County,3/15/2021,2784,126573,1651,62659,1016,62198,117,1716,1996,58017,782,35007,2115,93024,California
Tulare, County,Tulare County,3/16/2021,3499,130072,2130,64789,1289,63487,80,1796,1921,58448,1573,36580,2004,95028,California
Tulare, County,Tulare County,3/17/2021,4123,134195,2686,67475,1361,64848,76,1872,2339,59094,1775,38355,2421,97449,California
Tulare, County,Tulare County,3/18/2021,4739,138934,3450,70925,1215,66063,74,1946,2483,59414,2243,40598,2563,100012,California
Tulare, County,Tulare County,3/19/2021,5193,144127,3406,74331,1565,67628,222,2168,2725,59916,2447,43045,2949,102961,California
Tulare, County,Tulare County,3/20/2021,4539,148666,2840,77171,1327,68955,372,2540,2039,59840,2491,45536,2415,105376,California
Tulare, County,Tulare County,3/21/2021,2026,150692,1735,78906,264,69219,27,2567,1034,59913,987,46523,1060,106436,California
Tulare, County,Tulare County,3/22/2021,2597,153289,1806,80712,678,69897,113,2680,1698,60835,892,47415,1814,108250,California
Tulare, County,Tulare County,3/23/2021,3841,157130,2215,82927,1573,71470,53,2733,2099,61262,1728,49143,2155,110405,California
Tulare, County,Tulare County,3/24/2021,3246,160376,2012,84939,1192,72662,42,2775,1721,61512,1514,50657,1764,112169,California
Tulare, County,Tulare County,3/25/2021,3552,163928,1840,86779,1547,74209,165,2940,1660,61455,1883,52540,1826,113995,California
Tulare, County,Tulare County,3/26/2021,5326,169254,3171,89950,2039,76248,116,3056,2517,61297,2791,55331,2633,116628,California
Tulare, County,Tulare County,3/27/2021,3586,172840,1835,91785,1650,77898,101,3157,940,59702,2635,57966,1040,117668,California
Tulare, County,Tulare County,3/28/2021,1497,174337,1086,92871,380,78278,31,3188,679,59606,816,58782,720,118388,California
Tulare, County,Tulare County,3/29/2021,2915,177252,1689,94560,1118,79396,108,3296,1221,59248,1689,60471,1331,119719,California
Tulare, County,Tulare County,3/30/2021,4977,182229,2819,97379,1920,81316,238,3534,1490,57496,3472,63943,1720,121439,California
Tulare, County,Tulare County,3/31/2021,4030,186259,2374,99753,1538,82854,118,3652,1551,56696,2469,66412,1669,123108,California
Tulare, County,Tulare County,4/1/2021,4578,190837,2483,102236,2025,84879,70,3722,1562,55323,3004,69416,1631,124739,California
Tulare, County,Tulare County,4/2/2021,5427,196264,3090,105326,2210,87089,127,3849,1566,53173,3844,73260,1694,126433,California
Tulare, County,Tulare County,4/3/2021,3668,199932,2118,107444,1173,88262,377,4226,840,51599,2789,76049,1215,127648,California
Tulare, County,Tulare County,4/4/2021,1635,201567,1147,108591,481,88743,7,4233,353,50681,1278,77327,360,128008,California
Tulare, County,Tulare County,4/5/2021,3382,204949,2360,110951,751,89494,271,4504,857,49297,2512,79839,1128,129136,California
Tulare, County,Tulare County,4/6/2021,3487,208436,1485,112436,1501,90995,501,5005,909,48140,2569,82408,1412,130548,California
Tulare, County,Tulare County,4/7/2021,3975,212411,1865,114301,1667,92662,443,5448,1185,46979,2780,85188,1619,132167,California
Tulare, County,Tulare County,4/8/2021,4872,217283,2645,116946,1768,94430,459,5907,1547,45671,3312,88500,2004,134171,California
Tulare, County,Tulare County,4/9/2021,4907,222190,3027,119973,1435,95865,445,6352,1836,44890,3062,91562,2281,136452,California
Tulare, County,Tulare County,4/10/2021,3889,226079,2099,122072,1469,97334,321,6673,945,43218,2934,94496,1262,137714,California
Tulare, County,Tulare County,4/11/2021,1599,227678,1058,123130,464,97798,77,6750,490,42681,1104,95600,567,138281,California
Tulare, County,Tulare County,4/12/2021,3454,231132,2149,125279,705,98503,600,7350,1078,41993,2366,97966,1678,139959,California
Tulare, County,Tulare County,4/13/2021,2454,233586,1613,126892,831,99334,10,7360,900,41367,1538,99504,912,140871,California
Tulare, County,Tulare County,4/14/2021,2907,236493,1712,128604,1195,100529,0,7360,905,40276,1996,101500,905,141776,California
Tulare, County,Tulare County,4/15/2021,3387,239880,2192,130796,1195,101724,0,7360,1479,39862,1893,103393,1479,143255,California
Tulare, County,Tulare County,4/16/2021,3731,243611,2252,133048,1479,103203,0,7360,1486,39118,2230,105623,1486,144741,California
Tulare, County,Tulare County,4/17/2021,2271,245882,1337,134385,934,104137,0,7360,1183,39220,1082,106705,1184,145925,California
Tulare, County,Tulare County,4/18/2021,1588,247470,1248,135633,340,104477,0,7360,827,39287,760,107465,827,146752,California
Tulare, County,Tulare County,4/19/2021,2192,249662,1273,136906,918,105395,1,7361,889,38881,1296,108761,890,147642,California
Tulare, County,Tulare County,4/20/2021,2460,252122,1400,138306,1060,106455,0,7361,1001,38441,1441,110202,1001,148643,California
Tulare, County,Tulare County,4/21/2021,2343,254465,1448,139754,895,107350,0,7361,838,37823,1457,111659,839,149482,California
Tulare, County,Tulare County,4/22/2021,2232,256697,1268,141022,964,108314,0,7361,754,37119,1458,113117,754,150236,California
Tulare, County,Tulare County,4/23/2021,2709,259406,1671,142693,1037,109351,1,7362,1055,36536,1639,114756,1056,151292,California
Tulare, County,Tulare County,4/24/2021,1694,261100,1081,143774,611,109962,2,7364,873,36595,816,115572,875,152167,California
Tulare, County,Tulare County,4/25/2021,725,261825,548,144322,177,110139,0,7364,275,36421,449,116021,275,152442,California
Tulare, County,Tulare County,4/26/2021,1581,263406,959,145281,602,110741,20,7384,662,36189,912,116933,680,153122,California
Tulare, County,Tulare County,4/27/2021,1732,265138,717,145998,975,111716,40,7424,733,35968,993,117926,772,153894,California
Tulare, County,Tulare County,4/28/2021,1776,266914,1020,147018,714,112430,42,7466,708,35654,1063,118989,749,154643,California
Tulare, County,Tulare County,4/29/2021,2091,269005,1265,148283,785,113215,41,7507,815,35245,1263,120252,854,155497,California
Tulare, County,Tulare County,4/30/2021,2505,271510,1819,150102,636,113851,50,7557,917,34636,1575,121827,966,156463,California
Tulare, County,Tulare County,5/1/2021,1457,272967,1252,151354,193,114044,12,7569,744,34690,702,122529,756,157219,California
Tulare, County,Tulare County,5/2/2021,597,273564,510,151864,70,114114,17,7586,190,34492,404,122933,206,157425,California
Tulare, County,Tulare County,5/3/2021,1643,275207,1115,152979,403,114517,125,7711,349,33679,1287,124220,474,157899,California
Tulare, County,Tulare County,5/4/2021,1615,276822,864,153843,680,115197,71,7782,640,33422,966,125186,709,158608,California
Tulare, County,Tulare County,5/5/2021,1342,278164,663,154506,587,115784,92,7874,461,33107,868,126054,553,159161,California
Tulare, County,Tulare County,5/6/2021,2048,280212,1387,155893,613,116397,48,7922,615,32346,1424,127478,663,159824,California
Tulare, County,Tulare County,5/7/2021,1884,282096,1284,157177,530,116927,70,7992,531,31601,1344,128822,599,160423,California
Tulare, County,Tulare County,5/8/2021,1274,283370,835,158012,414,117341,25,8017,549,31459,716,129538,574,160997,California
Tulare, County,Tulare County,5/9/2021,619,283989,492,158504,106,117447,21,8038,120,31107,494,130032,142,161139,California
Tulare, County,Tulare County,5/10/2021,1046,285035,605,159109,375,117822,66,8104,312,30756,729,130761,378,161517,California
Tulare, County,Tulare County,5/11/2021,1336,286371,706,159815,546,118368,84,8188,555,30623,772,131533,639,162156,California
Tulare, County,Tulare County,5/12/2021,1626,287997,1054,160869,515,118883,57,8245,444,29959,1164,132697,500,162656,California
Tulare, County,Tulare County,5/13/2021,1621,289618,1040,161909,541,119424,40,8285,735,29853,880,133577,774,163430,California
Tulare, County,Tulare County,5/14/2021,2017,291635,1314,163223,639,120063,64,8349,917,29748,1085,134662,980,164410,California
Tulare, County,Tulare County,5/15/2021,1610,293245,912,164135,651,120714,47,8396,683,29554,918,135580,724,165134,California
Tulare, County,Tulare County,5/16/2021,702,293947,563,164698,127,120841,12,8408,328,29522,372,135952,340,165474,California
Tulare, County,Tulare County,5/17/2021,1591,295538,996,165694,520,121361,75,8483,752,29521,827,136779,826,166300,California
Tulare, County,Tulare County,5/18/2021,1601,297139,866,166560,681,122042,54,8537,794,29566,801,137580,846,167146,California
Tulare, County,Tulare County,5/19/2021,1494,298633,965,167525,495,122537,34,8571,766,29647,719,138299,800,167946,California
Tulare, County,Tulare County,5/20/2021,1626,300259,1105,168630,434,122971,87,8658,770,29653,851,139150,857,168803,California
Tulare, County,Tulare County,5/21/2021,1978,302237,1445,170075,490,123461,43,8701,1071,29867,899,140049,1113,169916,California
Tulare, County,Tulare County,5/22/2021,1644,303881,1172,171247,449,123910,23,8724,617,29489,1019,141068,641,170557,California
Tulare, County,Tulare County,5/23/2021,416,304297,330,171577,77,123987,9,8733,209,29502,206,141274,219,170776,California
Tulare, County,Tulare County,5/24/2021,945,305242,582,172159,301,124288,62,8795,422,29465,521,141795,484,171260,California
Tulare, County,Tulare County,5/25/2021,1194,306436,709,172868,453,124741,32,8827,510,29329,678,142473,542,171802,California
Tulare, County,Tulare County,5/26/2021,888,307324,490,173358,356,125097,42,8869,393,29273,489,142962,433,172235,California
Tulare, County,Tulare County,5/27/2021,1284,308608,809,174167,443,125540,32,8901,581,29190,698,143660,615,172850,California
Tulare, County,Tulare County,5/28/2021,1199,309807,664,174831,486,126026,49,8950,628,29302,564,144224,676,173526,California
Tulare, County,Tulare County,5/29/2021,881,310688,652,175483,210,126236,19,8969,501,29444,378,144602,520,174046,California
Tulare, County,Tulare County,5/30/2021,291,310979,209,175692,74,126310,8,8977,165,29492,125,144727,173,174219,California
Tulare, County,Tulare County,5/31/2021,131,311110,51,175743,69,126379,11,8988,53,29479,77,144804,64,174283,California
Tulare, County,Tulare County,6/1/2021,1063,312173,630,176373,402,126781,31,9019,386,29227,668,145472,416,174699,California
Tulare, County,Tulare County,6/2/2021,801,312974,471,176844,297,127078,33,9052,352,29171,438,145910,382,175081,California
Tulare, County,Tulare County,6/3/2021,1145,314119,811,177655,276,127354,58,9110,388,28879,737,146647,445,175526,California
Tulare, County,Tulare County,6/4/2021,1178,315297,839,178494,307,127661,32,9142,356,28450,817,147464,388,175914,California
Tulare, County,Tulare County,6/5/2021,888,316185,702,179196,171,127832,15,9157,293,28166,592,148056,308,176222,California
Tulare, County,Tulare County,6/6/2021,426,316611,360,179556,46,127878,20,9177,140,28040,285,148341,159,176381,California
Tulare, County,Tulare County,6/7/2021,891,317502,697,180253,155,128033,39,9216,278,27746,609,148950,315,176696,California
Tulare, County,Tulare County,6/8/2021,1053,318555,775,181028,215,128248,63,9279,351,27463,697,149647,414,177110,California
Tulare, County,Tulare County,6/9/2021,1098,319653,768,181796,294,128542,36,9315,346,27096,747,150394,380,177490,California
Tulare, County,Tulare County,6/10/2021,1108,320761,891,182687,181,128723,36,9351,378,26781,728,151122,413,177903,California
Tulare, County,Tulare County,6/11/2021,1236,321997,882,183569,319,129042,35,9386,375,26340,851,151973,410,178313,California
Tulare, County,Tulare County,6/12/2021,994,322991,780,184349,203,129245,11,9397,359,26082,628,152601,370,178683,California
Tulare, County,Tulare County,6/13/2021,315,323306,226,184575,85,129330,4,9401,91,25954,223,152824,95,178778,California
Tulare, County,Tulare County,6/14/2021,777,324083,570,185145,179,129509,28,9429,298,25806,474,153298,326,179104,California
Tulare, County,Tulare County,6/15/2021,993,325076,669,185814,294,129803,30,9459,437,25724,549,153847,467,179571,California
Tulare, County,Tulare County,6/16/2021,867,325943,589,186403,228,130031,50,9509,382,25675,482,154329,433,180004,California
Tulare, County,Tulare County,6/17/2021,1031,326974,757,187160,244,130275,30,9539,417,25510,611,154940,446,180450,California
Tulare, County,Tulare County,6/18/2021,991,327965,697,187857,257,130532,37,9576,372,25301,617,155557,408,180858,California
Tulare, County,Tulare County,6/19/2021,850,328815,678,188535,158,130690,14,9590,388,25245,458,156015,402,181260,California
Tulare, County,Tulare County,6/20/2021,249,329064,186,188721,55,130745,8,9598,74,25154,174,156189,83,181343,California
Tulare, County,Tulare County,6/21/2021,528,329592,344,189065,151,130896,33,9631,309,25277,218,156407,341,181684,California
Tulare, County,Tulare County,6/22/2021,755,330347,516,189581,215,131111,24,9655,345,25243,403,156810,369,182053,California
Tulare, County,Tulare County,6/23/2021,737,331084,501,190082,210,131321,26,9681,399,25335,333,157143,425,182478,California
Tulare, County,Tulare County,6/24/2021,844,331928,637,190719,152,131473,55,9736,418,25386,423,157566,474,182952,California
Tulare, County,Tulare County,6/25/2021,851,332779,553,191272,278,131751,20,9756,446,25452,400,157966,466,183418,California
Tulare, County,Tulare County,6/26/2021,934,333713,736,192008,172,131923,26,9782,534,25615,397,158363,560,183978,California
Tulare, County,Tulare County,6/27/2021,249,333962,184,192192,58,131981,7,9789,116,25607,131,158494,123,184101,California
Tulare, County,Tulare County,6/28/2021,583,334545,441,192633,113,132094,29,9818,295,25646,286,158780,325,184426,California
Tulare, County,Tulare County,6/29/2021,727,335272,464,193097,221,132315,42,9860,343,25653,378,159158,385,184811,California
Tulare, County,Tulare County,6/30/2021,703,335975,477,193574,192,132507,34,9894,384,25755,313,159471,415,185226,California
Tulare, County,Tulare County,7/1/2021,825,336800,620,194194,171,132678,34,9928,385,25740,433,159904,418,185644,California
Tulare, County,Tulare County,7/2/2021,724,337524,508,194702,199,132877,17,9945,383,25806,335,160239,401,186045,California
Tulare, County,Tulare County,7/3/2021,458,337982,332,195034,117,132994,9,9954,220,25802,233,160472,229,186274,California
Tulare, County,Tulare County,7/4/2021,30,338012,19,195053,10,133004,1,9955,16,25805,14,160486,17,186291,California
Tulare, County,Tulare County,7/5/2021,405,338417,295,195348,98,133102,12,9967,206,25827,196,160682,218,186509,California
Tulare, County,Tulare County,7/6/2021,767,339184,553,195901,190,133292,24,9991,328,25744,434,161116,351,186860,California
Tulare, County,Tulare County,7/7/2021,699,339883,481,196382,181,133473,37,10028,319,25727,372,161488,355,187215,California
Tulare, County,Tulare County,7/8/2021,709,340592,524,196906,153,133626,32,10060,333,25719,373,161861,365,187580,California
Tulare, County,Tulare County,7/9/2021,923,341515,714,197620,186,133812,23,10083,479,25780,440,162301,501,188081,California
Tulare, County,Tulare County,7/10/2021,495,342010,378,197998,103,133915,14,10097,247,25795,246,162547,261,188342,California
Tulare, County,Tulare County,7/11/2021,213,342223,157,198155,54,133969,2,10099,111,25806,102,162649,113,188455,California
Tulare, County,Tulare County,7/12/2021,533,342756,401,198556,113,134082,19,10118,264,25824,265,162914,283,188738,California
Tulare, County,Tulare County,7/13/2021,630,343386,431,198987,177,134259,22,10140,286,25792,340,163254,308,189046,California
Tulare, County,Tulare County,7/14/2021,700,344086,481,199468,194,134453,25,10165,332,25785,364,163618,357,189403,California
Tulare, County,Tulare County,7/15/2021,875,344961,654,200122,202,134655,19,10184,407,25748,464,164082,427,189830,California
Tulare, County,Tulare County,7/16/2021,910,345871,668,200790,217,134872,25,10209,476,25819,430,164512,501,190331,California
Tulare, County,Tulare County,7/17/2021,701,346572,574,201364,116,134988,11,10220,309,25751,389,164901,321,190652,California
Tulare, County,Tulare County,7/18/2021,172,346744,131,201495,39,135027,2,10222,95,25773,75,164976,97,190749,California
Tulare, County,Tulare County,7/19/2021,672,347416,531,202026,133,135160,8,10230,372,25859,294,165270,380,191129,California
Tulare, County,Tulare County,7/20/2021,797,348213,580,202606,192,135352,25,10255,419,25927,376,165646,444,191573,California
Tulare, County,Tulare County,7/21/2021,783,348996,550,203156,213,135565,20,10275,407,25982,372,166018,427,192000,California
Tulare, County,Tulare County,7/22/2021,869,349865,646,203802,208,135773,15,10290,488,26108,376,166394,502,192502,California
Tulare, County,Tulare County,7/23/2021,1080,350945,757,204559,290,136063,33,10323,600,26267,473,166867,632,193134,California
Tulare, County,Tulare County,7/24/2021,540,351485,387,204946,136,136199,17,10340,331,26408,207,167074,348,193482,California
Tulare, County,Tulare County,7/25/2021,252,351737,189,205135,63,136262,0,10340,191,26538,61,167135,191,193673,California
Tulare, County,Tulare County,7/26/2021,642,352379,417,205552,215,136477,10,10350,407,26723,232,167367,417,194090,California
Tulare, County,Tulare County,7/27/2021,840,353219,554,206106,256,136733,30,10380,511,26938,326,167693,541,194631,California
Tulare, County,Tulare County,7/28/2021,872,354091,588,206694,255,136988,29,10409,556,27214,309,168002,585,195216,California
Tulare, County,Tulare County,7/29/2021,1068,355159,785,207479,262,137250,21,10430,727,27628,334,168336,748,195964,California
Tulare, County,Tulare County,7/30/2021,1317,356476,936,208415,339,137589,42,10472,791,27940,519,168855,831,196795,California
Tulare, County,Tulare County,7/31/2021,613,357089,441,208856,160,137749,12,10484,386,28115,223,169078,398,197193,California
Tulare, County,Tulare County,8/1/2021,273,357362,186,209042,86,137835,1,10485,199,28243,72,169150,200,197393,California
Tulare, County,Tulare County,8/2/2021,827,358189,572,209614,236,138071,19,10504,573,28584,251,169401,592,197985,California
Tulare, County,Tulare County,8/3/2021,978,359167,655,210269,277,138348,46,10550,652,28959,322,169723,697,198682,California
Tulare, County,Tulare County,8/4/2021,897,360064,604,210873,265,138613,28,10578,578,29255,309,170032,605,199287,California
Tulare, County,Tulare County,8/5/2021,1098,361162,811,211684,266,138879,21,10599,761,29704,333,170365,782,200069,California
Tulare, County,Tulare County,8/6/2021,1224,362386,843,212527,351,139230,30,10629,791,30102,423,170788,821,200890,California
Tulare, County,Tulare County,8/7/2021,725,363111,510,213037,206,139436,9,10638,476,30343,244,171032,485,201375,California
Tulare, County,Tulare County,8/8/2021,412,363523,312,213349,98,139534,2,10640,290,30515,120,171152,292,201667,California
Tulare, County,Tulare County,8/9/2021,835,364358,644,213993,168,139702,23,10663,552,30814,276,171428,575,202242,California
Tulare, County,Tulare County,8/10/2021,323,364681,230,214223,73,139775,20,10683,207,30928,112,171540,226,202468,California
Tuolumne, County,Tuolumne County,12/15/2020,0,0,0,0,0,0,0,0,0,0,0,0,0,0,California
Tuolumne, County,Tuolumne County,12/16/2020,50,50,50,50,0,0,0,0,50,50,0,0,50,50,California
Tuolumne, County,Tuolumne County,12/17/2020,17,67,17,67,0,0,0,0,17,67,0,0,17,67,California
Tuolumne, County,Tuolumne County,12/18/2020,102,169,101,168,1,1,0,0,102,169,0,0,102,169,California
Tuolumne, County,Tuolumne County,12/19/2020,4,173,4,172,0,1,0,0,4,173,0,0,4,173,California
Tuolumne, County,Tuolumne County,12/20/2020,2,175,2,174,0,1,0,0,2,175,0,0,2,175,California
Tuolumne, County,Tuolumne County,12/21/2020,115,290,101,275,14,15,0,0,115,290,0,0,115,290,California
Tuolumne, County,Tuolumne County,12/22/2020,171,461,171,446,0,15,0,0,171,461,0,0,171,461,California
Tuolumne, County,Tuolumne County,12/23/2020,183,644,180,626,3,18,0,0,183,644,0,0,183,644,California
Tuolumne, County,Tuolumne County,12/24/2020,0,644,0,626,0,18,0,0,0,644,0,0,0,644,California
Tuolumne, County,Tuolumne County,12/25/2020,1,645,1,627,0,18,0,0,1,645,0,0,1,645,California
Tuolumne, County,Tuolumne County,12/26/2020,2,647,2,629,0,18,0,0,2,647,0,0,2,647,California
Tuolumne, County,Tuolumne County,12/27/2020,0,647,0,629,0,18,0,0,0,647,0,0,0,647,California
Tuolumne, County,Tuolumne County,12/28/2020,74,721,72,701,2,20,0,0,74,721,0,0,74,721,California
Tuolumne, County,Tuolumne County,12/29/2020,102,823,38,739,64,84,0,0,102,823,0,0,102,823,California
Tuolumne, County,Tuolumne County,12/30/2020,78,901,22,761,56,140,0,0,78,901,0,0,78,901,California
Tuolumne, County,Tuolumne County,12/31/2020,28,929,21,782,7,147,0,0,28,929,0,0,28,929,California
Tuolumne, County,Tuolumne County,1/1/2021,6,935,5,787,1,148,0,0,6,935,0,0,6,935,California
Tuolumne, County,Tuolumne County,1/2/2021,119,1054,117,904,2,150,0,0,119,1054,0,0,119,1054,California
Tuolumne, County,Tuolumne County,1/3/2021,2,1056,2,906,0,150,0,0,2,1056,0,0,2,1056,California
Tuolumne, County,Tuolumne County,1/4/2021,69,1125,26,932,43,193,0,0,69,1125,0,0,69,1125,California
Tuolumne, County,Tuolumne County,1/5/2021,96,1221,29,961,67,260,0,0,93,1216,3,3,94,1219,California
Tuolumne, County,Tuolumne County,1/6/2021,136,1357,73,1034,63,323,0,0,71,1222,65,68,71,1290,California
Tuolumne, County,Tuolumne County,1/7/2021,122,1479,64,1098,58,381,0,0,66,1233,55,123,66,1356,California
Tuolumne, County,Tuolumne County,1/8/2021,108,1587,83,1181,25,406,0,0,28,1184,79,202,30,1386,California
Tuolumne, County,Tuolumne County,1/9/2021,3,1590,0,1181,3,409,0,0,3,1187,0,202,3,1389,California
Tuolumne, County,Tuolumne County,1/10/2021,3,1593,1,1182,2,411,0,0,3,1190,0,202,3,1392,California
Tuolumne, County,Tuolumne County,1/11/2021,114,1707,88,1270,26,437,0,0,32,1140,82,284,32,1424,California
Tuolumne, County,Tuolumne County,1/12/2021,102,1809,86,1356,16,453,0,0,18,1074,84,368,18,1442,California
Tuolumne, County,Tuolumne County,1/13/2021,233,2042,126,1482,107,560,0,0,183,1208,50,418,184,1626,California
Tuolumne, County,Tuolumne County,1/14/2021,151,2193,109,1591,42,602,0,0,46,1151,103,521,46,1672,California
Tuolumne, County,Tuolumne County,1/15/2021,478,2671,76,1667,402,1004,0,0,415,1504,62,583,415,2087,California
Tuolumne, County,Tuolumne County,1/16/2021,7,2678,3,1670,4,1008,0,0,6,1509,1,584,6,2093,California
Tuolumne, County,Tuolumne County,1/17/2021,8,2686,4,1674,4,1012,0,0,8,1517,0,584,8,2101,California
Tuolumne, County,Tuolumne County,1/18/2021,48,2734,38,1712,10,1022,0,0,11,1492,36,620,11,2112,California
Tuolumne, County,Tuolumne County,1/19/2021,486,3220,76,1788,410,1432,0,0,440,1886,46,666,440,2552,California
Tuolumne, County,Tuolumne County,1/20/2021,76,3296,58,1846,18,1450,0,0,24,1859,51,717,24,2576,California
Tuolumne, County,Tuolumne County,1/21/2021,61,3357,27,1873,34,1484,0,0,43,1885,17,734,43,2619,California
Tuolumne, County,Tuolumne County,1/22/2021,176,3533,18,1891,158,1642,0,0,167,2043,9,743,167,2786,California
Tuolumne, County,Tuolumne County,1/23/2021,653,4186,131,2022,522,2164,0,0,540,2488,113,856,558,3344,California
Tuolumne, County,Tuolumne County,1/24/2021,527,4713,4,2026,523,2687,0,0,521,3008,6,862,526,3870,California
Tuolumne, County,Tuolumne County,1/25/2021,52,4765,29,2055,23,2710,0,0,26,3009,26,888,27,3897,California
Tuolumne, County,Tuolumne County,1/26/2021,81,4846,69,2124,12,2722,0,0,40,3008,41,929,40,3937,California
Tuolumne, County,Tuolumne County,1/27/2021,63,4909,6,2130,57,2779,0,0,8,2962,54,983,8,3945,California
Tuolumne, County,Tuolumne County,1/28/2021,26,4935,6,2136,20,2799,0,0,18,2972,8,991,18,3963,California
Tuolumne, County,Tuolumne County,1/29/2021,73,5008,5,2141,68,2867,0,0,35,2969,38,1029,35,3998,California
Tuolumne, County,Tuolumne County,1/30/2021,722,5730,561,2702,161,3028,0,0,701,3665,21,1050,717,4715,California
Tuolumne, County,Tuolumne County,1/31/2021,9,5739,2,2704,7,3035,0,0,6,3668,3,1053,6,4721,California
Tuolumne, County,Tuolumne County,2/1/2021,29,5768,7,2711,22,3057,0,0,26,3691,3,1056,26,4747,California
Tuolumne, County,Tuolumne County,2/2/2021,660,6428,50,2761,610,3667,0,0,643,4322,14,1070,645,5392,California
Tuolumne, County,Tuolumne County,2/3/2021,254,6682,114,2875,140,3807,0,0,94,4256,160,1230,94,5486,California
Tuolumne, County,Tuolumne County,2/4/2021,126,6808,15,2890,111,3918,0,0,63,4257,62,1292,63,5549,California
Tuolumne, County,Tuolumne County,2/5/2021,107,6915,15,2905,92,4010,0,0,38,4227,68,1360,38,5587,California
Tuolumne, County,Tuolumne County,2/6/2021,871,7786,592,3497,279,4289,0,0,861,5084,10,1370,867,6454,California
Tuolumne, County,Tuolumne County,2/7/2021,8,7794,4,3501,4,4293,0,0,4,5084,4,1374,4,6458,California
Tuolumne, County,Tuolumne County,2/8/2021,99,7893,44,3545,55,4348,0,0,73,5131,26,1400,73,6531,California
Tuolumne, County,Tuolumne County,2/9/2021,867,8760,53,3598,814,5162,0,0,822,5909,44,1444,822,7353,California
Tuolumne, County,Tuolumne County,2/10/2021,100,8860,20,3618,80,5242,0,0,35,5881,63,1507,35,7388,California
Tuolumne, County,Tuolumne County,2/11/2021,150,9010,68,3686,82,5324,0,0,84,5899,66,1573,84,7472,California
Tuolumne, County,Tuolumne County,2/12/2021,658,9668,25,3711,633,5957,0,0,215,5672,442,2015,215,7687,California
Tuolumne, County,Tuolumne County,2/13/2021,158,9826,44,3755,114,6071,0,0,124,5762,34,2049,124,7811,California
Tuolumne, County,Tuolumne County,2/14/2021,152,9978,14,3769,138,6209,0,0,150,5910,2,2051,150,7961,California
Tuolumne, County,Tuolumne County,2/15/2021,191,10169,11,3780,180,6389,0,0,181,6081,10,2061,181,8142,California
Tuolumne, County,Tuolumne County,2/16/2021,538,10707,20,3800,518,6907,0,0,124,5798,409,2470,126,8268,California
Tuolumne, County,Tuolumne County,2/17/2021,113,10820,64,3864,49,6956,0,0,63,5812,49,2519,63,8331,California
Tuolumne, County,Tuolumne County,2/18/2021,693,11513,32,3896,661,7617,0,0,637,6394,56,2575,638,8969,California
Tuolumne, County,Tuolumne County,2/19/2021,149,11662,24,3920,125,7742,0,0,45,6336,103,2678,45,9014,California
Tuolumne, County,Tuolumne County,2/20/2021,916,12578,345,4265,571,8313,0,0,385,6216,511,3189,391,9405,California
Tuolumne, County,Tuolumne County,2/21/2021,994,13572,44,4309,950,9263,0,0,476,6187,512,3701,483,9888,California
Tuolumne, County,Tuolumne County,2/22/2021,82,13654,59,4368,23,9286,0,0,46,6199,34,3735,46,9934,California
Tuolumne, County,Tuolumne County,2/23/2021,47,13701,24,4392,23,9309,0,0,22,6197,24,3759,22,9956,California
Tuolumne, County,Tuolumne County,2/24/2021,107,13808,58,4450,49,9358,0,0,43,6178,63,3822,44,10000,California
Tuolumne, County,Tuolumne County,2/25/2021,1061,14869,35,4485,1026,10384,0,0,1024,7167,36,3858,1025,11025,California
Tuolumne, County,Tuolumne County,2/26/2021,158,15027,12,4497,146,10530,0,0,128,7266,30,3888,129,11154,California
Tuolumne, County,Tuolumne County,2/27/2021,970,15997,586,5083,384,10914,0,0,252,6822,701,4589,257,11411,California
Tuolumne, County,Tuolumne County,2/28/2021,54,16051,4,5087,50,10964,0,0,51,6871,2,4591,51,11462,California
Tuolumne, County,Tuolumne County,3/1/2021,125,16176,24,5111,100,11064,1,1,81,6911,43,4634,83,11545,California
Tuolumne, County,Tuolumne County,3/2/2021,716,16892,79,5190,637,11701,0,1,109,6418,602,5236,109,11654,California
Tuolumne, County,Tuolumne County,3/3/2021,101,16993,21,5211,80,11781,0,1,67,6453,32,5268,67,11721,California
Tuolumne, County,Tuolumne County,3/4/2021,1179,18172,76,5287,1103,12884,0,1,1112,7501,65,5333,1113,12834,California
Tuolumne, County,Tuolumne County,3/5/2021,98,18270,13,5300,85,12969,0,1,56,7517,41,5374,57,12891,California
Tuolumne, County,Tuolumne County,3/6/2021,1071,19341,610,5910,459,13428,2,3,203,6867,860,6234,210,13101,California
Tuolumne, County,Tuolumne County,3/7/2021,44,19385,14,5924,16,13444,14,17,21,6879,23,6257,35,13136,California
Tuolumne, County,Tuolumne County,3/8/2021,203,19588,92,6016,104,13548,7,24,144,6971,59,6316,151,13287,California
Tuolumne, County,Tuolumne County,3/9/2021,878,20466,18,6034,849,14397,11,35,67,6245,804,7120,78,13365,California
Tuolumne, County,Tuolumne County,3/10/2021,104,20570,20,6054,73,14470,11,46,55,6263,48,7168,66,13431,California
Tuolumne, County,Tuolumne County,3/11/2021,1311,21881,45,6099,1261,15731,5,51,1257,7473,54,7222,1264,14695,California
Tuolumne, County,Tuolumne County,3/12/2021,317,22198,44,6143,258,15989,15,66,185,7548,129,7351,204,14899,California
Tuolumne, County,Tuolumne County,3/13/2021,122,22320,13,6156,109,16098,0,66,79,7586,42,7393,80,14979,California
Tuolumne, County,Tuolumne County,3/14/2021,150,22470,10,6166,131,16229,9,75,7,7464,143,7536,21,15000,California
Tuolumne, County,Tuolumne County,3/15/2021,307,22777,84,6250,220,16449,3,78,107,7382,200,7736,118,15118,California
Tuolumne, County,Tuolumne County,3/16/2021,822,23599,46,6296,765,17214,11,89,682,7940,138,7874,696,15814,California
Tuolumne, County,Tuolumne County,3/17/2021,159,23758,35,6331,111,17325,13,102,79,7953,79,7953,92,15906,California
Tuolumne, County,Tuolumne County,3/18/2021,957,24715,28,6359,915,18240,14,116,319,7655,631,8584,333,16239,California
Tuolumne, County,Tuolumne County,3/19/2021,141,24856,20,6379,91,18331,30,146,79,7703,61,8645,109,16348,California
Tuolumne, County,Tuolumne County,3/20/2021,94,24950,8,6387,76,18407,10,156,38,7695,55,8700,47,16395,California
Tuolumne, County,Tuolumne County,3/21/2021,845,25795,396,6783,439,18846,10,166,37,6955,789,9489,49,16444,California
Tuolumne, County,Tuolumne County,3/22/2021,164,25959,73,6856,72,18918,19,185,94,6999,69,9558,113,16557,California
Tuolumne, County,Tuolumne County,3/23/2021,714,26673,637,7493,63,18981,14,199,675,7650,37,9595,688,17245,California
Tuolumne, County,Tuolumne County,3/24/2021,111,26784,20,7513,73,19054,18,217,76,7711,33,9628,94,17339,California
Tuolumne, County,Tuolumne County,3/25/2021,1306,28090,25,7538,1278,20332,3,220,325,7064,975,10603,328,17667,California
Tuolumne, County,Tuolumne County,3/26/2021,284,28374,19,7557,241,20573,24,244,116,7049,156,10759,141,17808,California
Tuolumne, County,Tuolumne County,3/27/2021,593,28967,56,7613,537,21110,0,244,318,7102,269,11028,322,18130,California
Tuolumne, County,Tuolumne County,3/28/2021,46,29013,5,7618,41,21151,0,244,8,7073,38,11066,9,18139,California
Tuolumne, County,Tuolumne County,3/29/2021,215,29228,90,7708,125,21276,0,244,113,7088,99,11165,114,18253,California
Tuolumne, County,Tuolumne County,3/30/2021,167,29395,11,7719,155,21431,1,245,119,7163,45,11210,120,18373,California
Tuolumne, County,Tuolumne County,3/31/2021,97,29492,14,7733,81,21512,2,247,40,7150,55,11265,42,18415,California
Tuolumne, County,Tuolumne County,4/1/2021,1263,30755,30,7763,1233,22745,0,247,231,6351,1030,12295,231,18646,California
Tuolumne, County,Tuolumne County,4/2/2021,171,30926,10,7773,135,22880,26,273,90,6389,78,12373,116,18762,California
Tuolumne, County,Tuolumne County,4/3/2021,435,31361,35,7808,399,23279,1,274,237,6433,195,12568,239,19001,California
Tuolumne, County,Tuolumne County,4/4/2021,36,31397,5,7813,31,23310,0,274,18,6436,15,12583,18,19019,California
Tuolumne, County,Tuolumne County,4/5/2021,135,31532,20,7833,107,23417,8,282,57,6423,78,12661,65,19084,California
Tuolumne, County,Tuolumne County,4/6/2021,660,32192,523,8356,110,23527,27,309,510,6813,149,12810,539,19623,California
Tuolumne, County,Tuolumne County,4/7/2021,135,32327,41,8397,77,23604,17,326,55,6805,80,12890,72,19695,California
Tuolumne, County,Tuolumne County,4/8/2021,1462,33789,42,8439,1404,25008,16,342,252,5869,1204,14094,268,19963,California
Tuolumne, County,Tuolumne County,4/9/2021,280,34069,46,8485,190,25198,44,386,133,5903,146,14240,180,20143,California
Tuolumne, County,Tuolumne County,4/10/2021,55,34124,2,8487,33,25231,20,406,22,5913,32,14272,42,20185,California
Tuolumne, County,Tuolumne County,4/11/2021,18,34142,3,8490,12,25243,3,409,12,5923,5,14277,15,20200,California
Tuolumne, County,Tuolumne County,4/12/2021,170,34312,65,8555,100,25343,5,414,83,5929,82,14359,88,20288,California
Tuolumne, County,Tuolumne County,4/13/2021,795,35107,35,8590,760,26103,0,414,170,5482,617,14976,170,20458,California
Tuolumne, County,Tuolumne County,4/14/2021,159,35266,32,8622,127,26230,0,414,79,5486,76,15052,80,20538,California
Tuolumne, County,Tuolumne County,4/15/2021,350,35616,23,8645,327,26557,0,414,60,5264,283,15335,61,20599,California
Tuolumne, County,Tuolumne County,4/16/2021,263,35879,57,8702,206,26763,0,414,141,5296,110,15445,142,20741,California
Tuolumne, County,Tuolumne County,4/17/2021,44,35923,6,8708,38,26801,0,414,27,5306,17,15462,27,20768,California
Tuolumne, County,Tuolumne County,4/18/2021,10,35933,3,8711,7,26808,0,414,5,5307,5,15467,6,20774,California
Tuolumne, County,Tuolumne County,4/19/2021,180,36113,82,8793,98,26906,0,414,94,5317,84,15551,94,20868,California
Tuolumne, County,Tuolumne County,4/20/2021,710,36823,612,9405,98,27004,0,414,73,4761,629,16180,73,20941,California
Tuolumne, County,Tuolumne County,4/21/2021,124,36947,29,9434,95,27099,0,414,67,4776,52,16232,67,21008,California
Tuolumne, County,Tuolumne County,4/22/2021,719,37666,48,9482,671,27770,0,414,434,4937,274,16506,435,21443,California
Tuolumne, County,Tuolumne County,4/23/2021,176,37842,29,9511,147,27917,0,414,82,4932,88,16594,83,21526,California
Tuolumne, County,Tuolumne County,4/24/2021,79,37921,17,9528,62,27979,0,414,49,4952,29,16623,49,21575,California
Tuolumne, County,Tuolumne County,4/25/2021,26,37947,9,9537,17,27996,0,414,23,4972,3,16626,23,21598,California
Tuolumne, County,Tuolumne County,4/26/2021,163,38110,58,9595,105,28101,0,414,75,4963,85,16711,76,21674,California
Tuolumne, County,Tuolumne County,4/27/2021,143,38253,22,9617,114,28215,7,421,65,4961,74,16785,72,21746,California
Tuolumne, County,Tuolumne County,4/28/2021,121,38374,27,9644,82,28297,12,433,61,4977,58,16843,74,21820,California
Tuolumne, County,Tuolumne County,4/29/2021,295,38669,28,9672,259,28556,8,441,59,4815,229,17072,67,21887,California
Tuolumne, County,Tuolumne County,4/30/2021,377,39046,26,9698,339,28895,12,453,72,4599,300,17372,84,21971,California
Tuolumne, County,Tuolumne County,5/1/2021,25,39071,7,9705,13,28908,5,458,16,4611,9,17381,21,21992,California
Tuolumne, County,Tuolumne County,5/2/2021,26,39097,3,9708,21,28929,2,460,19,4625,7,17388,21,22013,California
Tuolumne, County,Tuolumne County,5/3/2021,111,39208,15,9723,91,29020,5,465,39,4599,70,17458,44,22057,California
Tuolumne, County,Tuolumne County,5/4/2021,713,39921,601,10324,108,29128,4,469,218,4327,493,17951,221,22278,California
Tuolumne, County,Tuolumne County,5/5/2021,113,40034,27,10351,80,29208,6,475,59,4342,50,18001,65,22343,California
Tuolumne, County,Tuolumne County,5/6/2021,294,40328,15,10366,263,29471,16,491,46,4161,242,18243,61,22404,California
Tuolumne, County,Tuolumne County,5/7/2021,329,40657,25,10391,296,29767,8,499,62,3967,264,18507,70,22474,California
Tuolumne, County,Tuolumne County,5/8/2021,48,40705,6,10397,38,29805,4,503,32,3987,16,18523,36,22510,California
Tuolumne, County,Tuolumne County,5/9/2021,17,40722,2,10399,13,29818,2,505,3,3978,14,18537,5,22515,California
Tuolumne, County,Tuolumne County,5/10/2021,117,40839,45,10444,65,29883,7,512,33,3935,83,18620,40,22555,California
Tuolumne, County,Tuolumne County,5/11/2021,207,41046,63,10507,132,30015,12,524,59,3860,146,18766,71,22626,California
Tuolumne, County,Tuolumne County,5/12/2021,138,41184,26,10533,108,30123,4,528,54,3834,84,18850,58,22684,California
Tuolumne, County,Tuolumne County,5/13/2021,121,41305,20,10553,93,30216,8,536,74,3869,46,18896,81,22765,California
Tuolumne, County,Tuolumne County,5/14/2021,203,41508,73,10626,120,30336,10,546,104,3886,97,18993,114,22879,California
Tuolumne, County,Tuolumne County,5/15/2021,60,41568,15,10641,38,30374,7,553,22,3879,37,19030,30,22909,California
Tuolumne, County,Tuolumne County,5/16/2021,28,41596,8,10649,18,30392,2,555,13,3880,14,19044,15,22924,California
Tuolumne, County,Tuolumne County,5/17/2021,112,41708,32,10681,77,30469,3,558,46,3865,65,19109,50,22974,California
Tuolumne, County,Tuolumne County,5/18/2021,184,41892,56,10737,81,30550,47,605,62,3854,120,19229,109,23083,California
Tuolumne, County,Tuolumne County,5/19/2021,120,42012,21,10758,66,30616,33,638,46,3859,74,19303,79,23162,California
Tuolumne, County,Tuolumne County,5/20/2021,412,42424,21,10779,383,30999,8,646,50,3558,359,19662,58,23220,California
Tuolumne, County,Tuolumne County,5/21/2021,204,42628,92,10871,106,31105,6,652,116,3595,85,19747,122,23342,California
Tuolumne, County,Tuolumne County,5/22/2021,58,42686,19,10890,33,31138,6,658,25,3593,32,19779,30,23372,California
Tuolumne, County,Tuolumne County,5/23/2021,27,42713,7,10897,19,31157,1,659,10,3587,17,19796,11,23383,California
Tuolumne, County,Tuolumne County,5/24/2021,139,42852,43,10940,90,31247,6,665,53,3561,85,19881,59,23442,California
Tuolumne, County,Tuolumne County,5/25/2021,299,43151,221,11161,72,31319,6,671,111,3493,185,20066,117,23559,California
Tuolumne, County,Tuolumne County,5/26/2021,87,43238,24,11185,61,31380,2,673,36,3480,51,20117,38,23597,California
Tuolumne, County,Tuolumne County,5/27/2021,76,43314,15,11200,58,31438,3,676,29,3466,46,20163,32,23629,California
Tuolumne, County,Tuolumne County,5/28/2021,115,43429,52,11252,62,31500,1,677,65,3486,46,20209,66,23695,California
Tuolumne, County,Tuolumne County,5/29/2021,39,43468,7,11259,26,31526,6,683,17,3488,21,20230,23,23718,California
Tuolumne, County,Tuolumne County,5/30/2021,18,43486,1,11260,14,31540,3,686,4,3481,14,20244,7,23725,California
Tuolumne, County,Tuolumne County,5/31/2021,9,43495,1,11261,7,31547,1,687,1,3475,8,20252,2,23727,California
Tuolumne, County,Tuolumne County,6/1/2021,81,43576,22,11283,55,31602,4,691,25,3449,55,20307,29,23756,California
Tuolumne, County,Tuolumne County,6/2/2021,75,43651,8,11291,58,31660,9,700,22,3428,52,20359,31,23787,California
Tuolumne, County,Tuolumne County,6/3/2021,78,43729,25,11316,38,31698,15,715,24,3416,52,20411,40,23827,California
Tuolumne, County,Tuolumne County,6/4/2021,132,43861,60,11376,69,31767,3,718,38,3367,90,20501,41,23868,California
Tuolumne, County,Tuolumne County,6/5/2021,43,43904,12,11388,29,31796,2,720,16,3358,27,20528,18,23886,California
Tuolumne, County,Tuolumne County,6/6/2021,20,43924,6,11394,7,31803,7,727,4,3353,16,20544,11,23897,California
Tuolumne, County,Tuolumne County,6/7/2021,62,43986,14,11408,40,31843,8,735,27,3353,35,20579,35,23932,California
Tuolumne, County,Tuolumne County,6/8/2021,76,44062,24,11432,51,31894,1,736,27,3334,47,20626,28,23960,California
Tuolumne, County,Tuolumne County,6/9/2021,88,44150,44,11476,34,31928,10,746,41,3339,46,20672,51,24011,California
Tuolumne, County,Tuolumne County,6/10/2021,99,44249,15,11491,77,32005,7,753,27,3301,72,20744,34,24045,California
Tuolumne, County,Tuolumne County,6/11/2021,103,44352,47,11538,53,32058,3,756,25,3255,74,20818,28,24073,California
Tuolumne, County,Tuolumne County,6/12/2021,61,44413,19,11557,26,32084,16,772,18,3248,41,20859,34,24107,California
Tuolumne, County,Tuolumne County,6/13/2021,17,44430,2,11559,11,32095,4,776,4,3243,13,20872,8,24115,California
Tuolumne, County,Tuolumne County,6/14/2021,100,44530,33,11592,63,32158,4,780,52,3251,48,20920,56,24171,California
Tuolumne, County,Tuolumne County,6/15/2021,129,44659,81,11673,39,32197,9,789,20,3173,107,21027,29,24200,California
Tuolumne, County,Tuolumne County,6/16/2021,96,44755,47,11720,46,32243,3,792,53,3188,42,21069,57,24257,California
Tuolumne, County,Tuolumne County,6/17/2021,46,44801,10,11730,35,32278,1,793,18,3179,28,21097,19,24276,California
Tuolumne, County,Tuolumne County,6/18/2021,171,44972,94,11824,63,32341,14,807,61,3144,109,21206,74,24350,California
Tuolumne, County,Tuolumne County,6/19/2021,25,44997,9,11833,13,32354,3,810,10,3142,15,21221,13,24363,California
Tuolumne, County,Tuolumne County,6/20/2021,11,45008,1,11834,10,32364,0,810,8,3147,3,21224,8,24371,California
Tuolumne, County,Tuolumne County,6/21/2021,40,45048,3,11837,36,32400,1,811,21,3150,19,21243,22,24393,California
Tuolumne, County,Tuolumne County,6/22/2021,44,45092,10,11847,34,32434,0,811,21,3148,23,21266,21,24414,California
Tuolumne, County,Tuolumne County,6/23/2021,72,45164,13,11860,39,32473,20,831,34,3164,38,21304,54,24468,California
Tuolumne, County,Tuolumne County,6/24/2021,57,45221,24,11884,27,32500,6,837,26,3167,30,21334,33,24501,California
Tuolumne, County,Tuolumne County,6/25/2021,56,45277,31,11915,20,32520,5,842,30,3175,26,21360,34,24535,California
Tuolumne, County,Tuolumne County,6/26/2021,14,45291,5,11920,9,32529,0,842,9,3179,5,21365,9,24544,California
Tuolumne, County,Tuolumne County,6/27/2021,7,45298,2,11922,5,32534,0,842,7,3186,0,21365,7,24551,California
Tuolumne, County,Tuolumne County,6/28/2021,40,45338,20,11942,15,32549,5,847,27,3205,13,21378,32,24583,California
Tuolumne, County,Tuolumne County,6/29/2021,36,45374,18,11960,16,32565,2,849,21,3214,14,21392,23,24606,California
Tuolumne, County,Tuolumne County,6/30/2021,81,45455,35,11995,45,32610,1,850,22,3181,56,21448,23,24629,California
Tuolumne, County,Tuolumne County,7/1/2021,37,45492,17,12012,13,32623,7,857,24,3199,13,21461,31,24660,California
Tuolumne, County,Tuolumne County,7/2/2021,63,45555,30,12042,27,32650,6,863,44,3230,19,21480,50,24710,California
Tuolumne, County,Tuolumne County,7/3/2021,9,45564,4,12046,5,32655,0,863,6,3233,3,21483,6,24716,California
Tuolumne, County,Tuolumne County,7/4/2021,1,45565,1,12047,0,32655,0,863,1,3234,0,21483,1,24717,California
Tuolumne, County,Tuolumne County,7/5/2021,17,45582,3,12050,14,32669,0,863,9,3235,8,21491,9,24726,California
Tuolumne, County,Tuolumne County,7/6/2021,57,45639,19,12069,35,32704,3,866,21,3224,33,21524,22,24748,California
Tuolumne, County,Tuolumne County,7/7/2021,69,45708,33,12102,28,32732,8,874,29,3222,38,21562,36,24784,California
Tuolumne, County,Tuolumne County,7/8/2021,35,45743,14,12116,19,32751,2,876,22,3234,12,21574,24,24808,California
Tuolumne, County,Tuolumne County,7/9/2021,39,45782,16,12132,23,32774,0,876,23,3241,16,21590,23,24831,California
Tuolumne, County,Tuolumne County,7/10/2021,7,45789,1,12133,6,32780,0,876,3,3240,4,21594,3,24834,California
Tuolumne, County,Tuolumne County,7/11/2021,3,45792,1,12134,2,32782,0,876,3,3243,0,21594,3,24837,California
Tuolumne, County,Tuolumne County,7/12/2021,40,45832,12,12146,28,32810,0,876,12,3227,28,21622,12,24849,California
Tuolumne, County,Tuolumne County,7/13/2021,30,45862,11,12157,18,32828,1,877,19,3236,11,21633,20,24869,California
Tuolumne, County,Tuolumne County,7/14/2021,46,45908,15,12172,30,32858,1,878,23,3240,21,21654,25,24894,California
Tuolumne, County,Tuolumne County,7/15/2021,21,45929,9,12181,7,32865,5,883,8,3241,12,21666,13,24907,California
Tuolumne, County,Tuolumne County,7/16/2021,129,46058,92,12273,25,32890,12,895,61,3248,65,21731,72,24979,California
Tuolumne, County,Tuolumne County,7/17/2021,20,46078,2,12275,18,32908,0,895,14,3256,6,21737,14,24993,California
Tuolumne, County,Tuolumne County,7/18/2021,8,46086,6,12281,2,32910,0,895,4,3256,4,21741,4,24997,California
Tuolumne, County,Tuolumne County,7/19/2021,59,46145,22,12303,36,32946,1,896,38,3278,17,21758,39,25036,California
Tuolumne, County,Tuolumne County,7/20/2021,40,46185,19,12322,21,32967,0,896,26,3291,13,21771,26,25062,California
Tuolumne, County,Tuolumne County,7/21/2021,54,46239,14,12336,36,33003,4,900,28,3297,26,21797,32,25094,California
Tuolumne, County,Tuolumne County,7/22/2021,46,46285,11,12347,25,33028,10,910,27,3316,18,21815,37,25131,California
Tuolumne, County,Tuolumne County,7/23/2021,91,46376,58,12405,28,33056,5,915,57,3345,34,21849,63,25194,California
Tuolumne, County,Tuolumne County,7/24/2021,17,46393,3,12408,14,33070,0,915,12,3352,5,21854,12,25206,California
Tuolumne, County,Tuolumne County,7/25/2021,16,46409,12,12420,3,33073,1,916,15,3367,1,21855,16,25222,California
Tuolumne, County,Tuolumne County,7/26/2021,77,46486,41,12461,28,33101,8,924,49,3397,28,21883,58,25280,California
Tuolumne, County,Tuolumne County,7/27/2021,61,46547,23,12484,36,33137,2,926,43,3424,18,21901,45,25325,California
Tuolumne, County,Tuolumne County,7/28/2021,77,46624,10,12494,43,33180,24,950,33,3438,43,21944,57,25382,California
Tuolumne, County,Tuolumne County,7/29/2021,45,46669,23,12517,22,33202,0,950,32,3458,12,21956,32,25414,California
Tuolumne, County,Tuolumne County,7/30/2021,149,46818,80,12597,56,33258,13,963,98,3521,50,22006,113,25527,California
Tuolumne, County,Tuolumne County,7/31/2021,23,46841,5,12602,17,33275,1,964,18,3535,5,22011,19,25546,California
Tuolumne, County,Tuolumne County,8/1/2021,3,46844,2,12604,1,33276,0,964,1,3535,2,22013,2,25548,California
Tuolumne, County,Tuolumne County,8/2/2021,24,46868,11,12615,10,33286,3,967,13,3541,10,22023,16,25564,California
Tuolumne, County,Tuolumne County,8/3/2021,39,46907,16,12631,21,33307,2,969,28,3561,11,22034,31,25595,California
Tuolumne, County,Tuolumne County,8/4/2021,77,46984,30,12661,30,33337,17,986,37,3574,40,22074,53,25648,California
Tuolumne, County,Tuolumne County,8/5/2021,59,47043,27,12688,29,33366,3,989,48,3614,11,22085,51,25699,California
Tuolumne, County,Tuolumne County,8/6/2021,116,47159,67,12755,46,33412,3,992,87,3675,29,22114,90,25789,California
Tuolumne, County,Tuolumne County,8/7/2021,33,47192,8,12763,22,33434,3,995,21,3687,12,22126,24,25813,California
Tuolumne, County,Tuolumne County,8/8/2021,19,47211,8,12771,11,33445,0,995,15,3698,4,22130,15,25828,California
Tuolumne, County,Tuolumne County,8/9/2021,64,47275,37,12808,26,33471,1,996,48,3736,16,22146,54,25882,California
Tuolumne, County,Tuolumne County,8/10/2021,49,47324,34,12842,14,33485,1,997,36,3764,13,22159,41,25923,California
Ventura, County,Ventura County,12/15/2020,5,5,5,5,0,0,0,0,5,5,0,0,5,5,California
Ventura, County,Ventura County,12/16/2020,74,79,74,79,0,0,0,0,74,79,0,0,74,79,California
Ventura, County,Ventura County,12/17/2020,321,400,321,400,0,0,0,0,321,400,0,0,321,400,California
Ventura, County,Ventura County,12/18/2020,1597,1997,1597,1997,0,0,0,0,1597,1997,0,0,1597,1997,California
Ventura, County,Ventura County,12/19/2020,980,2977,979,2976,1,1,0,0,980,2977,0,0,980,2977,California
Ventura, County,Ventura County,12/20/2020,459,3436,459,3435,0,1,0,0,459,3436,0,0,459,3436,California
Ventura, County,Ventura County,12/21/2020,1511,4947,1511,4946,0,1,0,0,1511,4947,0,0,1511,4947,California
Ventura, County,Ventura County,12/22/2020,1164,6111,1159,6105,5,6,0,0,1164,6111,0,0,1164,6111,California
Ventura, County,Ventura County,12/23/2020,1088,7199,1037,7142,51,57,0,0,1088,7199,0,0,1088,7199,California
Ventura, County,Ventura County,12/24/2020,478,7677,378,7520,100,157,0,0,478,7677,0,0,478,7677,California
Ventura, County,Ventura County,12/25/2020,12,7689,7,7527,5,162,0,0,12,7689,0,0,12,7689,California
Ventura, County,Ventura County,12/26/2020,119,7808,97,7624,22,184,0,0,119,7808,0,0,119,7808,California
Ventura, County,Ventura County,12/27/2020,61,7869,28,7652,33,217,0,0,61,7869,0,0,61,7869,California
Ventura, County,Ventura County,12/28/2020,1091,8960,950,8602,141,358,0,0,1091,8960,0,0,1091,8960,California
Ventura, County,Ventura County,12/29/2020,1294,10254,804,9406,490,848,0,0,1294,10254,0,0,1294,10254,California
Ventura, County,Ventura County,12/30/2020,2224,12478,1537,10943,687,1535,0,0,2224,12478,0,0,2224,12478,California
Ventura, County,Ventura County,12/31/2020,484,12962,166,11109,318,1853,0,0,479,12952,5,5,479,12957,California
Ventura, County,Ventura County,1/1/2021,48,13010,23,11132,25,1878,0,0,48,13000,0,5,48,13005,California
Ventura, County,Ventura County,1/2/2021,169,13179,77,11209,92,1970,0,0,169,13169,0,5,169,13174,California
Ventura, County,Ventura County,1/3/2021,21,13200,9,11218,12,1982,0,0,21,13190,0,5,21,13195,California
Ventura, County,Ventura County,1/4/2021,1043,14243,495,11713,548,2530,0,0,1041,14231,0,5,1041,14236,California
Ventura, County,Ventura County,1/5/2021,1388,15631,790,12503,598,3128,0,0,1274,15394,111,116,1274,15510,California
Ventura, County,Ventura County,1/6/2021,2052,17683,1176,13679,876,4004,0,0,1562,16477,481,597,1564,17074,California
Ventura, County,Ventura County,1/7/2021,2082,19765,1327,15006,755,4759,0,0,1044,16489,1033,1630,1045,18119,California
Ventura, County,Ventura County,1/8/2021,2215,21980,1488,16494,727,5486,0,0,914,16106,1299,2929,916,19035,California
Ventura, County,Ventura County,1/9/2021,722,22702,498,16992,224,5710,0,0,320,16024,402,3331,320,19355,California
Ventura, County,Ventura County,1/10/2021,346,23048,327,17319,19,5729,0,0,134,15946,212,3543,134,19489,California
Ventura, County,Ventura County,1/11/2021,2454,25502,1497,18816,957,6686,0,0,1502,16501,951,4494,1506,20995,California
Ventura, County,Ventura County,1/12/2021,3045,28547,1622,20438,1423,8109,0,0,1921,17298,1124,5618,1921,22916,California
Ventura, County,Ventura County,1/13/2021,2945,31492,1442,21880,1503,9612,0,0,2027,18409,917,6535,2028,24944,California
Ventura, County,Ventura County,1/14/2021,2789,34281,1104,22984,1685,11297,0,0,2328,20278,460,6995,2329,27273,California
Ventura, County,Ventura County,1/15/2021,2894,37175,970,23954,1924,13221,0,0,2673,22731,221,7216,2674,29947,California
Ventura, County,Ventura County,1/16/2021,484,37659,189,24143,295,13516,0,0,405,23057,79,7295,405,30352,California
Ventura, County,Ventura County,1/17/2021,271,37930,146,24289,125,13641,0,0,263,23313,7,7302,263,30615,California
Ventura, County,Ventura County,1/18/2021,2230,40160,1681,25970,549,14190,0,0,1676,24437,553,7855,1677,32292,California
Ventura, County,Ventura County,1/19/2021,3069,43229,2129,28099,940,15130,0,0,2135,25641,934,8789,2138,34430,California
Ventura, County,Ventura County,1/20/2021,4159,47388,3214,31313,945,16075,0,0,3050,27587,1105,9894,3051,37481,California
Ventura, County,Ventura County,1/21/2021,3864,51252,2708,34021,1156,17231,0,0,3177,30087,679,10573,3179,40660,California
Ventura, County,Ventura County,1/22/2021,3585,54837,2472,36493,1113,18344,0,0,3416,33334,169,10742,3416,44076,California
Ventura, County,Ventura County,1/23/2021,1160,55997,640,37133,520,18864,0,0,1062,34301,97,10839,1064,45140,California
Ventura, County,Ventura County,1/24/2021,445,56442,128,37261,317,19181,0,0,431,34718,14,10853,431,45571,California
Ventura, County,Ventura County,1/25/2021,3129,59571,2021,39282,1108,20289,0,0,2571,36733,557,11410,2572,48143,California
Ventura, County,Ventura County,1/26/2021,3678,63249,2202,41484,1476,21765,0,0,2568,38195,1106,12516,2568,50711,California
Ventura, County,Ventura County,1/27/2021,3446,66695,1556,43040,1890,23655,0,0,2572,39898,871,13387,2574,53285,California
Ventura, County,Ventura County,1/28/2021,3844,70539,1997,45037,1847,25502,0,0,3173,42419,655,14042,3176,56461,California
Ventura, County,Ventura County,1/29/2021,4291,74830,2543,47580,1748,27250,0,0,3750,45644,526,14568,3751,60212,California
Ventura, County,Ventura County,1/30/2021,3038,77868,1968,49548,1070,28320,0,0,2864,48340,169,14737,2865,63077,California
Ventura, County,Ventura County,1/31/2021,801,78669,419,49967,382,28702,0,0,709,48958,91,14828,709,63786,California
Ventura, County,Ventura County,2/1/2021,3994,82663,2121,52088,1873,30575,0,0,3199,51373,786,15614,3201,66987,California
Ventura, County,Ventura County,2/2/2021,4413,87076,2348,54436,2065,32640,0,0,3361,53694,1043,16657,3364,70351,California
Ventura, County,Ventura County,2/3/2021,4426,91502,2065,56501,2361,35001,0,0,3395,56065,1026,17683,3397,73748,California
Ventura, County,Ventura County,2/4/2021,4801,96303,2288,58789,2513,37514,0,0,3506,58287,1288,18971,3510,77258,California
Ventura, County,Ventura County,2/5/2021,4895,101198,2375,61164,2520,40034,0,0,3342,60091,1541,20512,3345,80603,California
Ventura, County,Ventura County,2/6/2021,2825,104023,1505,62669,1320,41354,0,0,2415,62097,410,20922,2416,83019,California
Ventura, County,Ventura County,2/7/2021,718,104741,226,62895,492,41846,0,0,587,62554,131,21053,588,83607,California
Ventura, County,Ventura County,2/8/2021,3571,108312,1655,64550,1916,43762,0,0,2450,63894,1112,22165,2452,86059,California
Ventura, County,Ventura County,2/9/2021,4742,113054,1981,66531,2761,46523,0,0,2471,64102,2267,24432,2475,88534,California
Ventura, County,Ventura County,2/10/2021,4729,117783,2244,68775,2485,49008,0,0,2376,64141,2338,26770,2377,90911,California
Ventura, County,Ventura County,2/11/2021,4690,122473,1864,70639,2826,51834,0,0,2464,64390,2218,28988,2467,93378,California
Ventura, County,Ventura County,2/12/2021,6368,128841,2670,73309,3698,55532,0,0,3266,64562,3095,32083,3267,96645,California
Ventura, County,Ventura County,2/13/2021,3322,132163,1840,75149,1482,57014,0,0,1859,64966,1458,33541,1862,98507,California
Ventura, County,Ventura County,2/14/2021,1212,133375,120,75269,1092,58106,0,0,1007,65772,203,33744,1009,99516,California
Ventura, County,Ventura County,2/15/2021,4032,137407,1823,77092,2209,60315,0,0,2124,65997,1901,35645,2126,101642,California
Ventura, County,Ventura County,2/16/2021,5597,143004,2728,79820,2869,63184,0,0,3027,66467,2558,38203,3028,104670,California
Ventura, County,Ventura County,2/17/2021,5322,148326,1920,81740,3402,66586,0,0,3356,67870,1953,40156,3356,108026,California
Ventura, County,Ventura County,2/18/2021,5805,154131,1828,83568,3977,70563,0,0,3661,69404,2127,42283,3661,111687,California
Ventura, County,Ventura County,2/19/2021,6564,160695,3829,87397,2735,73298,0,0,3041,68936,3515,45798,3047,114734,California
Ventura, County,Ventura County,2/20/2021,4997,165692,3227,90624,1770,75068,0,0,2762,69487,2215,48013,2766,117500,California
Ventura, County,Ventura County,2/21/2021,1104,166796,811,91435,293,75361,0,0,465,69319,633,48646,465,117965,California
Ventura, County,Ventura County,2/22/2021,5734,172530,2547,93982,3187,78548,0,0,3657,70921,2057,50703,3659,121624,California
Ventura, County,Ventura County,2/23/2021,6203,178733,3073,97055,3130,81678,0,0,3574,71896,2603,53306,3578,125202,California
Ventura, County,Ventura County,2/24/2021,7333,186066,2682,99737,4651,86329,0,0,4420,73430,2888,56194,4422,129624,California
Ventura, County,Ventura County,2/25/2021,7919,193985,2710,102447,5209,91538,0,0,4798,75132,3101,59295,4803,134427,California
Ventura, County,Ventura County,2/26/2021,9782,203767,2877,105324,6905,98443,0,0,6389,78164,3361,62656,6393,140820,California
Ventura, County,Ventura County,2/27/2021,11036,214803,5510,110834,5526,103969,0,0,8287,83735,2726,65382,8297,149117,California
Ventura, County,Ventura County,2/28/2021,2649,217452,1716,112550,933,104902,0,0,2160,85419,477,65859,2161,151278,California
Ventura, County,Ventura County,3/1/2021,7444,224896,2963,115513,4476,109378,5,5,4923,87876,2483,68342,4940,156218,California
Ventura, County,Ventura County,3/2/2021,7986,232882,4189,119702,3795,113173,2,7,5595,91099,2374,70716,5597,161815,California
Ventura, County,Ventura County,3/3/2021,8918,241800,4038,123740,4877,118050,3,10,6285,94785,2607,73323,6293,168108,California
Ventura, County,Ventura County,3/4/2021,8414,250214,3917,127657,4497,122547,0,10,5677,97747,2720,76043,5682,173790,California
Ventura, County,Ventura County,3/5/2021,10111,260325,4826,132483,5273,127820,12,22,7183,102044,2911,78954,7208,180998,California
Ventura, County,Ventura County,3/6/2021,7763,268088,4400,136883,3208,131028,155,177,5764,105981,1987,80941,5924,186922,California
Ventura, County,Ventura County,3/7/2021,1712,269800,615,137498,951,131979,146,323,1249,106918,463,81404,1400,188322,California
Ventura, County,Ventura County,3/8/2021,6858,276658,3449,140947,3246,135225,163,486,4728,109695,2115,83519,4892,193214,California
Ventura, County,Ventura County,3/9/2021,6859,283517,3031,143978,3636,138861,192,678,3968,110987,2875,86394,4167,197381,California
Ventura, County,Ventura County,3/10/2021,7051,290568,3023,147001,3788,142649,240,918,4705,113601,2329,88723,4943,202324,California
Ventura, County,Ventura County,3/11/2021,6566,297134,2899,149900,3349,145998,318,1236,3569,114514,2973,91696,3886,206210,California
Ventura, County,Ventura County,3/12/2021,8754,305888,3052,152952,4849,150847,853,2089,4268,115161,4461,96157,5108,211318,California
Ventura, County,Ventura County,3/13/2021,7284,313172,2505,155457,3943,154790,836,2925,4319,117365,2949,99106,5153,216471,California
Ventura, County,Ventura County,3/14/2021,2114,315286,471,155928,1145,155935,498,3423,714,117181,1396,100502,1212,217683,California
Ventura, County,Ventura County,3/15/2021,7100,322386,2026,157954,3726,159661,1348,4771,3110,117674,3959,104461,4452,222135,California
Ventura, County,Ventura County,3/16/2021,8173,330559,2462,160416,4595,164256,1116,5887,4181,118990,3971,108432,5287,227422,California
Ventura, County,Ventura County,3/17/2021,7765,338324,2804,163220,4618,168874,343,6230,4708,121008,3034,111466,5052,232474,California
Ventura, County,Ventura County,3/18/2021,7583,345907,3299,166519,4138,173012,146,6376,4949,123486,2618,114084,5096,237570,California
Ventura, County,Ventura County,3/19/2021,8699,354606,3816,170335,4768,177780,115,6491,5222,125376,3443,117527,5333,242903,California
Ventura, County,Ventura County,3/20/2021,8913,363519,5938,176273,2951,180731,24,6515,4564,125647,4317,121844,4588,247491,California
Ventura, County,Ventura County,3/21/2021,2802,366321,1530,177803,900,181631,372,6887,1272,125777,1510,123354,1640,249131,California
Ventura, County,Ventura County,3/22/2021,7460,373781,3717,181520,3640,185271,103,6990,4854,128162,2574,125928,4959,254090,California
Ventura, County,Ventura County,3/23/2021,8300,382081,3941,185461,4287,189558,72,7062,4557,129092,3699,129627,4629,258719,California
Ventura, County,Ventura County,3/24/2021,9006,391087,3441,188902,5487,195045,78,7140,4348,128913,4609,134236,4430,263149,California
Ventura, County,Ventura County,3/25/2021,8847,399934,3920,192822,4824,199869,103,7243,4364,128925,4454,138690,4466,267615,California
Ventura, County,Ventura County,3/26/2021,10064,409998,3397,196219,6010,205879,657,7900,3912,127379,6112,144802,4566,272181,California
Ventura, County,Ventura County,3/27/2021,8790,418788,3938,200157,4811,210690,41,7941,2294,123265,6448,151250,2334,274515,California
Ventura, County,Ventura County,3/28/2021,2517,421305,1411,201568,1096,211786,10,7951,1344,123451,1167,152417,1353,275868,California
Ventura, County,Ventura County,3/29/2021,8653,429958,4330,205898,4275,216061,48,7999,4195,123271,4423,156840,4243,280111,California
Ventura, County,Ventura County,3/30/2021,9058,439016,4489,210387,4440,220501,129,8128,4333,123031,4701,161541,4461,284572,California
Ventura, County,Ventura County,3/31/2021,10865,449881,4882,215269,5356,225857,627,8755,4609,122046,6215,167756,5230,289802,California
Ventura, County,Ventura County,4/1/2021,10970,460851,5304,220573,4782,230639,884,9639,5457,122930,5449,173205,6333,296135,California
Ventura, County,Ventura County,4/2/2021,11882,472733,4651,225224,5878,236517,1353,10992,5637,123722,6196,179401,6988,303123,California
Ventura, County,Ventura County,4/3/2021,8118,480851,4037,229261,2889,239406,1192,12184,3403,123609,4695,184096,4582,307705,California
Ventura, County,Ventura County,4/4/2021,1722,482573,963,230224,623,240029,136,12320,1147,124325,567,184663,1283,308988,California
Ventura, County,Ventura County,4/5/2021,9484,492057,4874,235098,3481,243510,1129,13449,4799,125580,4666,189329,5921,314909,California
Ventura, County,Ventura County,4/6/2021,11025,503082,5597,240695,3923,247433,1505,14954,5652,127394,5340,194669,7154,322063,California
Ventura, County,Ventura County,4/7/2021,11503,514585,5412,246107,4579,252012,1512,16466,5204,127828,6271,200940,6705,328768,California
Ventura, County,Ventura County,4/8/2021,10486,525071,5289,251396,4202,256214,995,17461,5195,128743,5259,206199,6174,334942,California
Ventura, County,Ventura County,4/9/2021,11426,536497,4393,255789,5287,261501,1746,19207,4976,129036,6416,212615,6709,341651,California
Ventura, County,Ventura County,4/10/2021,9897,546394,4193,259982,3536,265037,2168,21375,3048,127416,6827,219442,5207,346858,California
Ventura, County,Ventura County,4/11/2021,2455,548849,863,260845,1014,266051,578,21953,691,126931,1752,221194,1267,348125,California
Ventura, County,Ventura County,4/12/2021,9106,557955,4524,265369,3739,269790,843,22796,3798,126278,5288,226482,4635,352760,California
Ventura, County,Ventura County,4/13/2021,8951,566906,4562,269931,4383,274173,6,22802,3755,124889,5151,231633,3762,356522,California
Ventura, County,Ventura County,4/14/2021,8892,575798,4140,274071,4737,278910,15,22817,3385,122832,5461,237094,3404,359926,California
Ventura, County,Ventura County,4/15/2021,9493,585291,4597,278668,4870,283780,26,22843,4069,121551,5378,242472,4097,364023,California
Ventura, County,Ventura County,4/16/2021,10272,595563,4513,283181,5757,289537,2,22845,4785,120889,5454,247926,4792,368815,California
Ventura, County,Ventura County,4/17/2021,9085,604648,5424,288605,3647,293184,14,22859,5260,122354,3808,251734,5273,374088,California
Ventura, County,Ventura County,4/18/2021,2221,606869,1093,289698,1128,294312,0,22859,965,122075,1245,252979,966,375054,California
Ventura, County,Ventura County,4/19/2021,8181,615050,4890,294588,3288,297600,3,22862,4682,123292,3470,256449,4687,379741,California
Ventura, County,Ventura County,4/20/2021,9593,624643,5079,299667,4509,302109,5,22867,4454,122643,5108,261557,4459,384200,California
Ventura, County,Ventura County,4/21/2021,9287,633930,4807,304474,4474,306583,6,22873,4395,122188,4856,266413,4401,388601,California
Ventura, County,Ventura County,4/22/2021,10263,644193,5607,310081,4655,311238,1,22874,4567,121093,5666,272079,4571,393172,California
Ventura, County,Ventura County,4/23/2021,11171,655364,5543,315624,5627,316865,1,22875,5554,121070,5580,277659,5557,398729,California
Ventura, County,Ventura County,4/24/2021,10696,666060,5972,321596,4724,321589,0,22875,6287,122973,4386,282045,6289,405018,California
Ventura, County,Ventura County,4/25/2021,2496,668556,1734,323330,762,322351,0,22875,1167,122816,1324,283369,1167,406185,California
Ventura, County,Ventura County,4/26/2021,8076,676632,4621,327951,3388,325739,67,22942,3367,121570,4674,288043,3428,409613,California
Ventura, County,Ventura County,4/27/2021,9323,685955,5204,333155,3893,329632,226,23168,3502,119500,5797,293840,3727,413340,California
Ventura, County,Ventura County,4/28/2021,8545,694500,4943,338098,3277,332909,325,23493,3359,118034,5150,298990,3684,417024,California
Ventura, County,Ventura County,4/29/2021,8083,702583,4357,342455,3463,336372,263,23756,2877,116000,5173,304163,3139,420163,California
Ventura, County,Ventura County,4/30/2021,9666,712249,5575,348030,3813,340185,278,24034,3992,114626,5634,309797,4260,424423,California
Ventura, County,Ventura County,5/1/2021,5231,717480,3678,351708,1442,341627,111,24145,2066,113683,3114,312911,2171,426594,California
Ventura, County,Ventura County,5/2/2021,2149,719629,1433,353141,624,342251,92,24237,1035,113708,1103,314014,1128,427722,California
Ventura, County,Ventura County,5/3/2021,6386,726015,3927,357068,2168,344419,291,24528,1998,111639,4358,318372,2289,430011,California
Ventura, County,Ventura County,5/4/2021,6495,732510,3400,360468,2801,347220,294,24822,2325,110107,4152,322524,2620,432631,California
Ventura, County,Ventura County,5/5/2021,5549,738059,3094,363562,2195,349415,260,25082,1975,108794,3539,326063,2226,434857,California
Ventura, County,Ventura County,5/6/2021,6327,744386,3256,366818,2805,352220,266,25348,2020,106798,4282,330345,2286,437143,California
Ventura, County,Ventura County,5/7/2021,6960,751346,3429,370247,3258,355478,273,25621,2376,104896,4550,334895,2648,439791,California
Ventura, County,Ventura County,5/8/2021,5532,756878,4280,374527,1088,356566,164,25785,1244,102029,4272,339167,1405,441196,California
Ventura, County,Ventura County,5/9/2021,1129,758007,820,375347,262,356828,47,25832,426,101805,695,339862,471,441667,California
Ventura, County,Ventura County,5/10/2021,6212,764219,4144,379491,1855,358683,213,26045,1400,98621,4796,344658,1612,443279,California
Ventura, County,Ventura County,5/11/2021,5469,769688,3356,382847,1881,360564,232,26277,1528,96456,3926,348584,1761,445040,California
Ventura, County,Ventura County,5/12/2021,5137,774825,3002,385849,1912,362476,223,26500,1556,94677,3558,352142,1779,446819,California
Ventura, County,Ventura County,5/13/2021,6486,781311,3917,389766,2357,364833,212,26712,2316,93059,4150,356292,2532,449351,California
Ventura, County,Ventura County,5/14/2021,7643,788954,4715,394481,2699,367532,229,26941,2884,91429,4741,361033,3111,452462,California
Ventura, County,Ventura County,5/15/2021,6836,795790,5444,399925,1308,368840,84,27025,2815,90340,3988,365021,2899,455361,California
Ventura, County,Ventura County,5/16/2021,2221,798011,1725,401650,442,369282,54,27079,1041,90259,1175,366196,1094,456455,California
Ventura, County,Ventura County,5/17/2021,5970,803981,3588,405238,2165,371447,217,27296,2434,89391,3518,369714,2650,459105,California
Ventura, County,Ventura County,5/18/2021,5513,809494,3189,408427,2142,373589,182,27478,2150,88384,3338,373052,2331,461436,California
Ventura, County,Ventura County,5/19/2021,5969,815463,3568,411995,2190,375779,211,27689,2384,87425,3550,376602,2591,464027,California
Ventura, County,Ventura County,5/20/2021,5607,821070,3074,415069,2367,378146,166,27855,2136,86288,3434,380036,2297,466324,California
Ventura, County,Ventura County,5/21/2021,8069,829139,4529,419598,3360,381506,180,28035,2586,83611,5444,385480,2767,469091,California
Ventura, County,Ventura County,5/22/2021,5756,834895,2912,422510,2766,384272,78,28113,1780,81505,3964,389444,1858,470949,California
Ventura, County,Ventura County,5/23/2021,2000,836895,1530,424040,398,384670,72,28185,750,81086,1241,390685,822,471771,California
Ventura, County,Ventura County,5/24/2021,4595,841490,2484,426524,1944,386614,167,28352,1463,79605,3106,393791,1625,473396,California
Ventura, County,Ventura County,5/25/2021,4352,845842,2235,428759,1964,388578,153,28505,1419,78263,2913,396704,1571,474967,California
Ventura, County,Ventura County,5/26/2021,4352,850194,2293,431052,1892,390470,167,28672,1650,77403,2679,399383,1819,476786,California
Ventura, County,Ventura County,5/27/2021,3917,854111,1909,432961,1878,392348,130,28802,1384,76398,2517,401900,1512,478298,California
Ventura, County,Ventura County,5/28/2021,4627,858738,2480,435441,1952,394300,195,28997,2008,76003,2593,404493,2198,480496,California
Ventura, County,Ventura County,5/29/2021,2196,860934,1353,436794,776,395076,67,29064,1078,76042,1106,405599,1145,481641,California
Ventura, County,Ventura County,5/30/2021,918,861852,584,437378,280,395356,54,29118,359,75901,553,406152,412,482053,California
Ventura, County,Ventura County,5/31/2021,262,862114,140,437518,112,395468,10,29128,62,75774,199,406351,72,482125,California
Ventura, County,Ventura County,6/1/2021,4053,866167,2289,439807,1599,397067,165,29293,1306,74524,2721,409072,1471,483596,California
Ventura, County,Ventura County,6/2/2021,2983,869150,1635,441442,1209,398276,139,29432,999,73695,1966,411038,1137,484733,California
Ventura, County,Ventura County,6/3/2021,3283,872433,2018,443460,1111,399387,154,29586,874,72325,2397,413435,1027,485760,California
Ventura, County,Ventura County,6/4/2021,4639,877072,3050,446510,1428,400815,161,29747,1419,70702,3202,416637,1579,487339,California
Ventura, County,Ventura County,6/5/2021,3845,880917,3199,449709,582,401397,64,29811,1151,69238,2680,419317,1216,488555,California
Ventura, County,Ventura County,6/6/2021,1266,882183,1082,450791,139,401536,45,29856,283,68596,970,420287,328,488883,California
Ventura, County,Ventura County,6/7/2021,3178,885361,2365,453156,701,402237,112,29968,937,67418,2226,422513,1048,489931,California
Ventura, County,Ventura County,6/8/2021,3094,888455,2032,455188,925,403162,137,30105,887,66252,2190,424703,1024,490955,California
Ventura, County,Ventura County,6/9/2021,2987,891442,2076,457264,804,403966,107,30212,769,64924,2204,426907,876,491831,California
Ventura, County,Ventura County,6/10/2021,3067,894509,2141,459405,824,404790,102,30314,816,63603,2237,429144,916,492747,California
Ventura, County,Ventura County,6/11/2021,3536,898045,2421,461826,975,405765,140,30454,994,62204,2530,431674,1131,493878,California
Ventura, County,Ventura County,6/12/2021,2191,900236,1714,463540,431,406196,46,30500,512,61094,1668,433342,558,494436,California
Ventura, County,Ventura County,6/13/2021,1023,901259,788,464328,171,406367,64,30564,231,60601,790,434132,297,494733,California
Ventura, County,Ventura County,6/14/2021,2649,903908,1810,466138,710,407077,129,30693,809,59709,1829,435961,937,495670,California
Ventura, County,Ventura County,6/15/2021,2473,906381,1585,467723,774,407851,114,30807,844,59051,1613,437574,955,496625,California
Ventura, County,Ventura County,6/16/2021,2512,908893,1838,469561,565,408416,109,30916,825,58320,1663,439237,932,497557,California
Ventura, County,Ventura County,6/17/2021,2243,911136,1566,471127,574,408990,103,31019,819,57827,1415,440652,922,498479,California
Ventura, County,Ventura County,6/18/2021,3020,914156,2123,473250,767,409757,130,31149,985,56922,2019,442671,1114,499593,California
Ventura, County,Ventura County,6/19/2021,1399,915555,1085,474335,288,410045,26,31175,524,56609,863,443534,550,500143,California
Ventura, County,Ventura County,6/20/2021,699,916254,540,474875,116,410161,43,31218,262,56480,434,443968,305,500448,California
Ventura, County,Ventura County,6/21/2021,1690,917944,1076,475951,494,410655,120,31338,834,56589,844,444812,953,501401,California
Ventura, County,Ventura County,6/22/2021,2011,919955,1406,477357,503,411158,102,31440,742,56175,1257,446069,843,502244,California
Ventura, County,Ventura County,6/23/2021,1813,921768,1240,478597,461,411619,112,31552,748,55980,1054,447123,859,503103,California
Ventura, County,Ventura County,6/24/2021,1851,923619,1210,479807,520,412139,121,31673,727,55715,1113,448236,848,503951,California
Ventura, County,Ventura County,6/25/2021,2450,926069,1629,481436,646,412785,175,31848,891,55234,1547,449783,1066,505017,California
Ventura, County,Ventura County,6/26/2021,1576,927645,1277,482713,236,413021,63,31911,528,54784,1041,450824,591,505608,California
Ventura, County,Ventura County,6/27/2021,587,928232,453,483166,108,413129,26,31937,262,54751,322,451146,289,505897,California
Ventura, County,Ventura County,6/28/2021,1791,930023,1434,484600,251,413380,106,32043,728,54536,1049,452195,834,506731,California
Ventura, County,Ventura County,6/29/2021,1685,931708,1127,485727,467,413847,91,32134,697,54342,980,453175,786,507517,California
Ventura, County,Ventura County,6/30/2021,1597,933305,1119,486846,377,414224,101,32235,778,54407,811,453986,876,508393,California
Ventura, County,Ventura County,7/1/2021,1481,934786,1096,487942,306,414530,79,32314,631,54277,838,454824,708,509101,California
Ventura, County,Ventura County,7/2/2021,1790,936576,1219,489161,475,415005,96,32410,826,54243,955,455779,921,510022,California
Ventura, County,Ventura County,7/3/2021,897,937473,670,489831,191,415196,36,32446,446,54282,443,456222,482,510504,California
Ventura, County,Ventura County,7/4/2021,61,937534,45,489876,12,415208,4,32450,26,54278,34,456256,30,510534,California
Ventura, County,Ventura County,7/5/2021,953,938487,694,490570,191,415399,68,32518,402,54199,546,456802,467,511001,California
Ventura, County,Ventura County,7/6/2021,1516,940003,1052,491622,390,415789,74,32592,649,54063,859,457661,723,511724,California
Ventura, County,Ventura County,7/7/2021,1540,941543,1069,492691,369,416158,102,32694,589,53810,944,458605,691,512415,California
Ventura, County,Ventura County,7/8/2021,1759,943302,1347,494038,337,416495,75,32769,720,53575,1030,459635,795,513210,California
Ventura, County,Ventura County,7/9/2021,1643,944945,1184,495222,351,416846,108,32877,680,53413,946,460581,784,513994,California
Ventura, County,Ventura County,7/10/2021,943,945888,723,495945,172,417018,48,32925,457,53436,482,461063,505,514499,California
Ventura, County,Ventura County,7/11/2021,470,946358,386,496331,67,417085,17,32942,182,53349,286,461349,199,514698,California
Ventura, County,Ventura County,7/12/2021,1380,947738,1061,497392,255,417340,64,33006,582,53200,795,462144,646,515344,California
Ventura, County,Ventura County,7/13/2021,1436,949174,924,498316,452,417792,60,33066,666,53161,765,462909,726,516070,California
Ventura, County,Ventura County,7/14/2021,1212,950386,817,499133,326,418118,69,33135,510,53046,693,463602,578,516648,California
Ventura, County,Ventura County,7/15/2021,1519,951905,1126,500259,325,418443,68,33203,728,53063,779,464381,796,517444,California
Ventura, County,Ventura County,7/16/2021,1785,953690,1250,501509,463,418906,72,33275,832,53030,936,465317,903,518347,California
Ventura, County,Ventura County,7/17/2021,989,954679,717,502226,218,419124,54,33329,473,53045,512,465829,527,518874,California
Ventura, County,Ventura County,7/18/2021,591,955270,467,502693,108,419232,16,33345,298,53069,289,466118,313,519187,California
Ventura, County,Ventura County,7/19/2021,1390,956660,1079,503772,260,419492,51,33396,657,53048,730,466848,709,519896,California
Ventura, County,Ventura County,7/20/2021,1499,958159,1041,504813,398,419890,60,33456,765,53148,725,467573,825,520721,California
Ventura, County,Ventura County,7/21/2021,1561,959720,1144,505957,344,420234,73,33529,761,53195,786,468359,833,521554,California
Ventura, County,Ventura County,7/22/2021,1564,961284,1132,507089,367,420601,65,33594,832,53372,719,469078,896,522450,California
Ventura, County,Ventura County,7/23/2021,1897,963181,1278,508367,529,421130,90,33684,945,53469,937,470015,1034,523484,California
Ventura, County,Ventura County,7/24/2021,1055,964236,803,509170,226,421356,26,33710,600,53646,449,470464,626,524110,California
Ventura, County,Ventura County,7/25/2021,522,964758,409,509579,107,421463,6,33716,381,53894,139,470603,387,524497,California
Ventura, County,Ventura County,7/26/2021,1575,966333,1221,510800,303,421766,51,33767,938,54254,628,471231,988,525485,California
Ventura, County,Ventura County,7/27/2021,1653,967986,1173,511973,399,422165,81,33848,940,54566,707,471938,1019,526504,California
Ventura, County,Ventura County,7/28/2021,1588,969574,1118,513091,389,422554,81,33929,934,54935,647,472585,1016,527520,California
Ventura, County,Ventura County,7/29/2021,1764,971338,1295,514386,387,422941,82,34011,983,55230,770,473355,1065,528585,California
Ventura, County,Ventura County,7/30/2021,1867,973205,1303,515689,465,423406,99,34110,1081,55647,762,474117,1179,529764,California
Ventura, County,Ventura County,7/31/2021,1187,974392,899,516588,254,423660,34,34144,686,55884,483,474600,720,530484,California
Ventura, County,Ventura County,8/1/2021,588,974980,473,517061,96,423756,19,34163,367,56057,212,474812,385,530869,California
Ventura, County,Ventura County,8/2/2021,1601,976581,1248,518309,285,424041,68,34231,976,56483,615,475427,1041,531910,California
Ventura, County,Ventura County,8/3/2021,1470,978051,1029,519338,380,424421,61,34292,876,56835,584,476011,936,532846,California
Ventura, County,Ventura County,8/4/2021,1410,979461,1009,520347,340,424761,61,34353,874,57244,525,476536,934,533780,California
Ventura, County,Ventura County,8/5/2021,1752,981213,1344,521691,322,425083,86,34439,997,57597,729,477265,1082,534862,California
Ventura, County,Ventura County,8/6/2021,2060,983273,1529,523220,443,425526,88,34527,1236,58119,802,478067,1324,536186,California
Ventura, County,Ventura County,8/7/2021,1076,984349,813,524033,232,425758,31,34558,618,58320,448,478515,649,536835,California
Ventura, County,Ventura County,8/8/2021,627,984976,489,524522,120,425878,18,34576,402,58517,222,478737,419,537254,California
Ventura, County,Ventura County,8/9/2021,1461,986437,1153,525675,263,426141,45,34621,880,58875,568,479305,926,538180,California
Ventura, County,Ventura County,8/10/2021,800,987237,567,526242,182,426323,51,34672,434,59000,360,479665,485,538665,California
Yolo, County,Yolo County,12/15/2020,39,39,39,39,0,0,0,0,39,39,0,0,39,39,California
Yolo, County,Yolo County,12/16/2020,81,120,81,120,0,0,0,0,81,120,0,0,81,120,California
Yolo, County,Yolo County,12/17/2020,109,229,109,229,0,0,0,0,109,229,0,0,109,229,California
Yolo, County,Yolo County,12/18/2020,233,462,233,462,0,0,0,0,233,462,0,0,233,462,California
Yolo, County,Yolo County,12/19/2020,88,550,88,550,0,0,0,0,88,550,0,0,88,550,California
Yolo, County,Yolo County,12/20/2020,106,656,106,656,0,0,0,0,106,656,0,0,106,656,California
Yolo, County,Yolo County,12/21/2020,253,909,253,909,0,0,0,0,253,909,0,0,253,909,California
Yolo, County,Yolo County,12/22/2020,387,1296,386,1295,1,1,0,0,387,1296,0,0,387,1296,California
Yolo, County,Yolo County,12/23/2020,440,1736,419,1714,21,22,0,0,440,1736,0,0,440,1736,California
Yolo, County,Yolo County,12/24/2020,154,1890,94,1808,60,82,0,0,154,1890,0,0,154,1890,California
Yolo, County,Yolo County,12/25/2020,1,1891,1,1809,0,82,0,0,1,1891,0,0,1,1891,California
Yolo, County,Yolo County,12/26/2020,76,1967,26,1835,50,132,0,0,76,1967,0,0,76,1967,California
Yolo, County,Yolo County,12/27/2020,47,2014,20,1855,27,159,0,0,47,2014,0,0,47,2014,California
Yolo, County,Yolo County,12/28/2020,406,2420,236,2091,170,329,0,0,406,2420,0,0,406,2420,California
Yolo, County,Yolo County,12/29/2020,496,2916,269,2360,227,556,0,0,496,2916,0,0,496,2916,California
Yolo, County,Yolo County,12/30/2020,636,3552,263,2623,373,929,0,0,636,3552,0,0,636,3552,California
Yolo, County,Yolo County,12/31/2020,187,3739,93,2716,94,1023,0,0,187,3739,0,0,187,3739,California
Yolo, County,Yolo County,1/1/2021,57,3796,55,2771,2,1025,0,0,57,3796,0,0,57,3796,California
Yolo, County,Yolo County,1/2/2021,71,3867,27,2798,44,1069,0,0,71,3867,0,0,71,3867,California
Yolo, County,Yolo County,1/3/2021,44,3911,19,2817,25,1094,0,0,44,3911,0,0,44,3911,California
Yolo, County,Yolo County,1/4/2021,195,4106,41,2858,154,1248,0,0,195,4106,0,0,195,4106,California
Yolo, County,Yolo County,1/5/2021,618,4724,240,3098,378,1626,0,0,554,4596,64,64,554,4660,California
Yolo, County,Yolo County,1/6/2021,491,5215,185,3283,306,1932,0,0,350,4805,141,205,350,5010,California
Yolo, County,Yolo County,1/7/2021,724,5939,235,3518,489,2421,0,0,530,5142,193,398,530,5540,California
Yolo, County,Yolo County,1/8/2021,638,6577,314,3832,324,2745,0,0,409,5323,228,626,409,5949,California
Yolo, County,Yolo County,1/9/2021,425,7002,71,3903,354,3099,0,0,379,5656,46,672,379,6328,California
Yolo, County,Yolo County,1/10/2021,406,7408,79,3982,327,3426,0,0,336,5922,70,742,336,6664,California
Yolo, County,Yolo County,1/11/2021,565,7973,329,4311,236,3662,0,0,290,5939,275,1017,292,6956,California
Yolo, County,Yolo County,1/12/2021,561,8534,443,4754,118,3780,0,0,190,5760,370,1387,191,7147,California
Yolo, County,Yolo County,1/13/2021,771,9305,315,5069,456,4236,0,0,518,6025,253,1640,518,7665,California
Yolo, County,Yolo County,1/14/2021,381,9686,185,5254,196,4432,0,0,278,6200,103,1743,278,7943,California
Yolo, County,Yolo County,1/15/2021,636,10322,325,5579,311,4743,0,0,552,6669,84,1827,553,8496,California
Yolo, County,Yolo County,1/16/2021,748,11070,92,5671,656,5399,0,0,716,7353,32,1859,716,9212,California
Yolo, County,Yolo County,1/17/2021,189,11259,119,5790,70,5469,0,0,181,7526,8,1867,181,9393,California
Yolo, County,Yolo County,1/18/2021,488,11747,310,6100,178,5647,0,0,334,7706,154,2021,334,9727,California
Yolo, County,Yolo County,1/19/2021,556,12303,368,6468,188,5835,0,0,380,7910,176,2197,380,10107,California
Yolo, County,Yolo County,1/20/2021,659,12962,383,6851,276,6111,0,0,463,8178,195,2392,463,10570,California
Yolo, County,Yolo County,1/21/2021,648,13610,384,7235,264,6375,0,0,459,8448,189,2581,459,11029,California
Yolo, County,Yolo County,1/22/2021,759,14369,255,7490,504,6879,0,0,642,8975,115,2696,642,11671,California
Yolo, County,Yolo County,1/23/2021,621,14990,124,7614,497,7376,0,0,573,9500,48,2744,573,12244,California
Yolo, County,Yolo County,1/24/2021,211,15201,123,7737,88,7464,0,0,170,9629,41,2785,170,12414,California
Yolo, County,Yolo County,1/25/2021,739,15940,163,7900,576,8040,0,0,516,9921,224,3009,516,12930,California
Yolo, County,Yolo County,1/26/2021,827,16767,325,8225,502,8542,0,0,428,9950,399,3408,428,13358,California
Yolo, County,Yolo County,1/27/2021,671,17438,223,8448,448,8990,0,0,386,10051,285,3693,386,13744,California
Yolo, County,Yolo County,1/28/2021,1058,18496,560,9008,498,9488,0,0,929,10851,129,3822,929,14673,California
Yolo, County,Yolo County,1/29/2021,1021,19517,258,9266,763,10251,0,0,934,11699,86,3908,934,15607,California
Yolo, County,Yolo County,1/30/2021,1526,21043,926,10192,600,10851,0,0,1404,12987,116,4024,1404,17011,California
Yolo, County,Yolo County,1/31/2021,238,21281,200,10392,38,10889,0,0,208,13167,28,4052,208,17219,California
Yolo, County,Yolo County,2/1/2021,861,22142,365,10757,496,11385,0,0,621,13552,236,4288,621,17840,California
Yolo, County,Yolo County,2/2/2021,1348,23490,763,11520,585,11970,0,0,929,14063,419,4707,930,18770,California
Yolo, County,Yolo County,2/3/2021,1527,25017,397,11917,1130,13100,0,0,1182,14903,342,5049,1182,19952,California
Yolo, County,Yolo County,2/4/2021,1803,26820,280,12197,1523,14623,0,0,1240,15592,553,5602,1242,21194,California
Yolo, County,Yolo County,2/5/2021,1610,28430,919,13116,691,15314,0,0,1201,16386,408,6010,1202,22396,California
Yolo, County,Yolo County,2/6/2021,1951,30381,1262,14378,689,16003,0,0,1571,17578,380,6390,1572,23968,California
Yolo, County,Yolo County,2/7/2021,532,30913,250,14628,282,16285,0,0,170,17387,361,6751,170,24138,California
Yolo, County,Yolo County,2/8/2021,942,31855,327,14955,615,16900,0,0,600,17649,338,7089,600,24738,California
Yolo, County,Yolo County,2/9/2021,859,32714,385,15340,474,17374,0,0,571,17932,288,7377,571,25309,California
Yolo, County,Yolo County,2/10/2021,1466,34180,474,15814,992,18366,0,0,830,18128,636,8013,832,26141,California
Yolo, County,Yolo County,2/11/2021,1570,35750,807,16621,763,19129,0,0,1176,18910,394,8407,1176,27317,California
Yolo, County,Yolo County,2/12/2021,1955,37705,768,17389,1187,20316,0,0,1465,19890,486,8893,1466,28783,California
Yolo, County,Yolo County,2/13/2021,2074,39779,714,18103,1360,21676,0,0,1388,20592,686,9579,1388,30171,California
Yolo, County,Yolo County,2/14/2021,567,40346,153,18256,414,22090,0,0,441,20908,125,9704,441,30612,California
Yolo, County,Yolo County,2/15/2021,550,40896,209,18465,341,22431,0,0,279,20917,271,9975,280,30892,California
Yolo, County,Yolo County,2/16/2021,1138,42034,426,18891,712,23143,0,0,813,21406,325,10300,814,31706,California
Yolo, County,Yolo County,2/17/2021,1388,43422,704,19595,684,23827,0,0,990,22000,397,10697,991,32697,California
Yolo, County,Yolo County,2/18/2021,2495,45917,809,20404,1686,25513,0,0,1716,22939,778,11475,1717,34414,California
Yolo, County,Yolo County,2/19/2021,1765,47682,744,21148,1021,26534,0,0,1137,23450,626,12101,1137,35551,California
Yolo, County,Yolo County,2/20/2021,2576,50258,962,22110,1614,28148,0,0,1387,23654,1184,13285,1388,36939,California
Yolo, County,Yolo County,2/21/2021,330,50588,236,22346,94,28242,0,0,109,23543,220,13505,109,37048,California
Yolo, County,Yolo County,2/22/2021,1411,51999,615,22961,796,29038,0,0,708,23550,701,14206,708,37756,California
Yolo, County,Yolo County,2/23/2021,1167,53166,881,23842,286,29324,0,0,432,23248,734,14940,432,38188,California
Yolo, County,Yolo County,2/24/2021,2125,55291,610,24452,1515,30839,0,0,1393,23911,730,15670,1393,39581,California
Yolo, County,Yolo County,2/25/2021,1444,56735,503,24955,941,31780,0,0,939,24346,504,16174,939,40520,California
Yolo, County,Yolo County,2/26/2021,2735,59470,1073,26028,1662,33442,0,0,1295,24205,1436,17610,1295,41815,California
Yolo, County,Yolo County,2/27/2021,1770,61240,818,26846,952,34394,0,0,1291,25017,479,18089,1291,43106,California
Yolo, County,Yolo County,2/28/2021,1906,63146,1593,28439,313,34707,0,0,735,24585,1168,19257,736,43842,California
Yolo, County,Yolo County,3/1/2021,1173,64319,383,28822,790,35497,0,0,706,24827,464,19721,706,44548,California
Yolo, County,Yolo County,3/2/2021,1581,65900,763,29585,818,36315,0,0,987,25221,593,20314,987,45535,California
Yolo, County,Yolo County,3/3/2021,1942,67842,670,30255,1271,37586,1,1,868,25019,1071,21385,869,46404,California
Yolo, County,Yolo County,3/4/2021,3065,70907,1487,31742,1578,39164,0,1,1593,25143,1469,22854,1593,47997,California
Yolo, County,Yolo County,3/5/2021,2523,73430,1426,33168,1086,40250,11,12,1518,25668,1004,23858,1529,49526,California
Yolo, County,Yolo County,3/6/2021,1520,74950,1166,34334,325,40575,29,41,866,25911,652,24510,895,50421,California
Yolo, County,Yolo County,3/7/2021,946,75896,687,35021,233,40808,26,67,791,26573,155,24665,817,51238,California
Yolo, County,Yolo County,3/8/2021,1358,77254,512,35533,802,41610,44,111,885,27032,470,25135,929,52167,California
Yolo, County,Yolo County,3/9/2021,1591,78845,690,36223,839,42449,62,173,965,27435,624,25759,1027,53194,California
Yolo, County,Yolo County,3/10/2021,2235,81080,1076,37299,866,43315,293,466,985,27459,1245,27004,1269,54463,California
Yolo, County,Yolo County,3/11/2021,2707,83787,1609,38908,1027,44342,71,537,1810,28443,896,27900,1880,56343,California
Yolo, County,Yolo County,3/12/2021,2922,86709,1355,40263,1486,45828,81,618,1379,28367,1534,29434,1458,57801,California
Yolo, County,Yolo County,3/13/2021,1953,88662,728,40991,1048,46876,177,795,1021,28635,929,30363,1197,58998,California
Yolo, County,Yolo County,3/14/2021,1079,89741,211,41202,717,47593,151,946,540,28782,536,30899,683,59681,California
Yolo, County,Yolo County,3/15/2021,1680,91421,775,41977,721,48314,184,1130,1067,29415,612,31511,1245,60926,California
Yolo, County,Yolo County,3/16/2021,2069,93490,754,42731,1243,49557,72,1202,1275,29969,792,32303,1346,62272,California
Yolo, County,Yolo County,3/17/2021,2556,96046,1016,43747,1465,51022,75,1277,1786,31063,766,33069,1860,64132,California
Yolo, County,Yolo County,3/18/2021,3055,99101,1046,44793,1782,52804,227,1504,1272,30780,1779,34848,1496,65628,California
Yolo, County,Yolo County,3/19/2021,2106,101207,874,45667,1163,53967,69,1573,1077,30905,1022,35870,1147,66775,California
Yolo, County,Yolo County,3/20/2021,2778,103985,823,46490,1911,55878,44,1617,1068,30314,1705,37575,1114,67889,California
Yolo, County,Yolo County,3/21/2021,318,104303,218,46708,92,55970,8,1625,174,30353,143,37718,182,68071,California
Yolo, County,Yolo County,3/22/2021,1409,105712,493,47201,857,56827,59,1684,910,30824,497,38215,968,69039,California
Yolo, County,Yolo County,3/23/2021,1762,107474,955,48156,750,57577,57,1741,1074,31267,686,38901,1129,70168,California
Yolo, County,Yolo County,3/24/2021,2891,110365,1412,49568,1427,59004,52,1793,1382,31207,1495,40396,1435,71603,California
Yolo, County,Yolo County,3/25/2021,2560,112925,1418,50986,1113,60117,29,1822,1246,31177,1304,41700,1274,72877,California
Yolo, County,Yolo County,3/26/2021,2406,115331,1268,52254,1119,61236,19,1841,1028,30852,1371,43071,1046,73923,California
Yolo, County,Yolo County,3/27/2021,1685,117016,468,52722,1199,62435,18,1859,735,30656,949,44020,753,74676,California
Yolo, County,Yolo County,3/28/2021,1113,118129,868,53590,226,62661,19,1878,242,30049,867,44887,260,74936,California
Yolo, County,Yolo County,3/29/2021,2037,120166,824,54414,1184,63845,29,1907,966,29977,1067,45954,995,75931,California
Yolo, County,Yolo County,3/30/2021,2329,122495,1130,55544,1181,65026,18,1925,1187,30047,1137,47091,1207,77138,California
Yolo, County,Yolo County,3/31/2021,2370,124865,1239,56783,1094,66120,37,1962,1168,30050,1201,48292,1204,78342,California
Yolo, County,Yolo County,4/1/2021,3869,128734,1871,58654,1520,67640,478,2440,1587,29835,2279,50571,2064,80406,California
Yolo, County,Yolo County,4/2/2021,3413,132147,1515,60169,1750,69390,148,2588,2050,30676,1356,51927,2197,82603,California
Yolo, County,Yolo County,4/3/2021,1834,133981,1101,61270,513,69903,220,2808,810,30682,1022,52949,1028,83631,California
Yolo, County,Yolo County,4/4/2021,392,134373,157,61427,172,70075,63,2871,143,30638,248,53197,204,83835,California
Yolo, County,Yolo County,4/5/2021,1950,136323,749,62176,1100,71175,101,2972,902,30599,1043,54240,1004,84839,California
Yolo, County,Yolo County,4/6/2021,2609,138932,1338,63514,1095,72270,176,3148,1118,30410,1480,55720,1291,86130,California
Yolo, County,Yolo County,4/7/2021,3001,141933,1529,65043,1117,73387,355,3503,1728,31228,1268,56988,2086,88216,California
Yolo, County,Yolo County,4/8/2021,2438,144371,1014,66057,947,74334,477,3980,855,30977,1580,58568,1329,89545,California
Yolo, County,Yolo County,4/9/2021,2597,146968,928,66985,1105,75439,564,4544,835,30608,1758,60326,1389,90934,California
Yolo, County,Yolo County,4/10/2021,1762,148730,826,67811,753,76192,183,4727,1021,31073,738,61064,1203,92137,California
Yolo, County,Yolo County,4/11/2021,931,149661,284,68095,576,76768,71,4798,367,30949,561,61625,437,92574,California
Yolo, County,Yolo County,4/12/2021,1786,151447,524,68619,1119,77887,143,4941,795,30901,987,62612,939,93513,California
Yolo, County,Yolo County,4/13/2021,2009,153456,924,69543,1085,78972,0,4941,921,30735,1087,63699,921,94434,California
Yolo, County,Yolo County,4/14/2021,2867,156323,775,70318,2092,81064,0,4941,1383,30641,1477,65176,1383,95817,California
Yolo, County,Yolo County,4/15/2021,3369,159692,1138,71456,2231,83295,0,4941,2279,31838,1082,66258,2279,98096,California
Yolo, County,Yolo County,4/16/2021,3073,162765,1990,73446,1083,84378,0,4941,1962,32698,1102,67360,1962,100058,California
Yolo, County,Yolo County,4/17/2021,1620,164385,474,73920,1146,85524,0,4941,842,32767,773,68133,842,100900,California
Yolo, County,Yolo County,4/18/2021,645,165030,320,74240,325,85849,0,4941,359,32846,280,68413,359,101259,California
Yolo, County,Yolo County,4/19/2021,1688,166718,727,74967,960,86809,1,4942,767,32698,916,69329,768,102027,California
Yolo, County,Yolo County,4/20/2021,2080,168798,1073,76040,1007,87816,0,4942,1067,32755,1010,70339,1067,103094,California
Yolo, County,Yolo County,4/21/2021,2079,170877,1066,77106,1013,88829,0,4942,1110,32901,964,71303,1110,104204,California
Yolo, County,Yolo County,4/22/2021,1998,172875,911,78017,1087,89916,0,4942,991,32892,1001,72304,992,105196,California
Yolo, County,Yolo County,4/23/2021,2698,175573,1593,79610,1105,91021,0,4942,1183,32573,1502,73806,1183,106379,California
Yolo, County,Yolo County,4/24/2021,1184,176757,650,80260,531,91552,3,4945,463,32327,712,74518,466,106845,California
Yolo, County,Yolo County,4/25/2021,964,177721,414,80674,550,92102,0,4945,732,32828,231,74749,732,107577,California
Yolo, County,Yolo County,4/26/2021,1265,178986,508,81182,754,92856,3,4948,538,32645,725,75474,542,108119,California
Yolo, County,Yolo County,4/27/2021,1575,180561,747,81929,806,93662,22,4970,608,32309,966,76440,630,108749,California
Yolo, County,Yolo County,4/28/2021,2092,182653,1038,82967,1026,94688,28,4998,755,31759,1333,77773,783,109532,California
Yolo, County,Yolo County,4/29/2021,1805,184458,850,83817,869,95557,86,5084,706,31454,1095,78868,790,110322,California
Yolo, County,Yolo County,4/30/2021,2135,186593,1102,84919,976,96533,57,5141,1059,31501,1069,79937,1116,111438,California
Yolo, County,Yolo County,5/1/2021,1298,187891,1004,85923,274,96807,20,5161,375,30975,921,80858,395,111833,California
Yolo, County,Yolo County,5/2/2021,523,188414,430,86353,70,96877,23,5184,322,31119,201,81059,345,112178,California
Yolo, County,Yolo County,5/3/2021,1147,189561,418,86771,696,97573,33,5217,299,30605,845,81904,331,112509,California
Yolo, County,Yolo County,5/4/2021,1467,191028,687,87458,757,98330,23,5240,501,30168,961,82865,524,113033,California
Yolo, County,Yolo County,5/5/2021,1607,192635,454,87912,1087,99417,66,5306,474,29582,1126,83991,540,113573,California
Yolo, County,Yolo County,5/6/2021,1519,194154,704,88616,734,100151,81,5387,495,29152,1005,84996,575,114148,California
Yolo, County,Yolo County,5/7/2021,2335,196489,1411,90027,873,101024,51,5438,465,27805,1862,86858,515,114663,California
Yolo, County,Yolo County,5/8/2021,870,197359,379,90406,434,101458,57,5495,329,27652,537,87395,384,115047,California
Yolo, County,Yolo County,5/9/2021,407,197766,176,90582,218,101676,13,5508,90,27440,315,87710,103,115150,California
Yolo, County,Yolo County,5/10/2021,1204,198970,364,90946,794,102470,46,5554,212,26707,990,88700,257,115407,California
Yolo, County,Yolo County,5/11/2021,1199,200169,710,91656,467,102937,22,5576,295,26128,896,89596,317,115724,California
Yolo, County,Yolo County,5/12/2021,1846,202015,718,92374,1095,104032,33,5609,339,24998,1502,91098,372,116096,California
Yolo, County,Yolo County,5/13/2021,2658,204673,866,93240,1734,105766,58,5667,675,23754,1978,93076,734,116830,California
Yolo, County,Yolo County,5/14/2021,2476,207149,1550,94790,894,106660,32,5699,1222,23761,1247,94323,1254,118084,California
Yolo, County,Yolo County,5/15/2021,1283,208432,740,95530,496,107156,47,5746,667,23860,615,94938,714,118798,California
Yolo, County,Yolo County,5/16/2021,1476,209908,1258,96788,211,107367,7,5753,1032,24458,441,95379,1039,119837,California
Yolo, County,Yolo County,5/17/2021,1148,211056,456,97244,671,108038,21,5774,355,24045,789,96168,376,120213,California
Yolo, County,Yolo County,5/18/2021,1807,212863,1114,98358,672,108710,21,5795,921,24109,878,97046,942,121155,California
Yolo, County,Yolo County,5/19/2021,1313,214176,593,98951,681,109391,39,5834,527,23892,783,97829,566,121721,California
Yolo, County,Yolo County,5/20/2021,1362,215538,703,99654,633,110024,26,5860,394,23351,961,98790,420,122141,California
Yolo, County,Yolo County,5/21/2021,1722,217260,995,100649,700,110724,27,5887,386,22433,1330,100120,412,122553,California
Yolo, County,Yolo County,5/22/2021,830,218090,548,101197,274,110998,8,5895,288,22197,533,100653,297,122850,California
Yolo, County,Yolo County,5/23/2021,638,218728,166,101363,455,111453,17,5912,106,21791,530,101183,124,122974,California
Yolo, County,Yolo County,5/24/2021,769,219497,347,101710,403,111856,19,5931,240,21528,524,101707,261,123235,California
Yolo, County,Yolo County,5/25/2021,879,220376,509,102219,348,112204,22,5953,344,21364,530,102237,366,123601,California
Yolo, County,Yolo County,5/26/2021,817,221193,268,102487,516,112720,33,5986,245,21074,568,102805,278,123879,California
Yolo, County,Yolo County,5/27/2021,759,221952,380,102867,331,113051,48,6034,299,20966,455,103260,347,124226,California
Yolo, County,Yolo County,5/28/2021,879,222831,398,103265,450,113501,31,6065,374,20869,500,103760,403,124629,California
Yolo, County,Yolo County,5/29/2021,603,223434,346,103611,220,113721,37,6102,274,20851,326,104086,308,124937,California
Yolo, County,Yolo County,5/30/2021,137,223571,72,103683,58,113779,7,6109,55,20833,80,104166,62,124999,California
Yolo, County,Yolo County,5/31/2021,72,223643,20,103703,48,113827,4,6113,17,20798,55,104221,20,125019,California
Yolo, County,Yolo County,6/1/2021,757,224400,329,104032,401,114228,27,6140,245,20564,506,104727,272,125291,California
Yolo, County,Yolo County,6/2/2021,758,225158,303,104335,434,114662,21,6161,229,20288,526,105253,250,125541,California
Yolo, County,Yolo County,6/3/2021,916,226074,590,104925,303,114965,23,6184,209,19819,701,105954,232,125773,California
Yolo, County,Yolo County,6/4/2021,1499,227573,1222,106147,254,115219,23,6207,374,19094,1121,107075,396,126169,California
Yolo, County,Yolo County,6/5/2021,731,228304,557,106704,157,115376,17,6224,149,18678,582,107657,166,126335,California
Yolo, County,Yolo County,6/6/2021,1133,229437,1068,107772,57,115433,8,6232,155,17866,976,108633,164,126499,California
Yolo, County,Yolo County,6/7/2021,521,229958,270,108042,229,115662,22,6254,113,17596,403,109036,133,126632,California
Yolo, County,Yolo County,6/8/2021,1040,230998,808,108850,212,115874,20,6274,193,16962,846,109882,212,126844,California
Yolo, County,Yolo County,6/9/2021,790,231788,488,109338,272,116146,30,6304,214,16635,570,110452,243,127087,California
Yolo, County,Yolo County,6/10/2021,579,232367,366,109704,179,116325,34,6338,166,16424,411,110863,200,127287,California
Yolo, County,Yolo County,6/11/2021,658,233025,446,110150,188,116513,24,6362,192,16176,464,111327,216,127503,California
Yolo, County,Yolo County,6/12/2021,481,233506,277,110427,179,116692,25,6387,143,16009,334,111661,167,127670,California
Yolo, County,Yolo County,6/13/2021,157,233663,118,110545,38,116730,1,6388,63,15981,93,111754,65,127735,California
Yolo, County,Yolo County,6/14/2021,407,234070,251,110796,125,116855,31,6419,130,15867,276,112030,162,127897,California
Yolo, County,Yolo County,6/15/2021,775,234845,404,111200,344,117199,27,6446,210,15544,560,112590,237,128134,California
Yolo, County,Yolo County,6/16/2021,479,235324,245,111445,192,117391,42,6488,170,15447,307,112897,210,128344,California
Yolo, County,Yolo County,6/17/2021,496,235820,315,111760,125,117516,56,6544,172,15353,322,113219,228,128572,California
Yolo, County,Yolo County,6/18/2021,560,236380,401,112161,137,117653,22,6566,209,15235,348,113567,230,128802,California
Yolo, County,Yolo County,6/19/2021,324,236704,207,112368,99,117752,18,6584,118,15166,205,113772,136,128938,California
Yolo, County,Yolo County,6/20/2021,116,236820,74,112442,38,117790,4,6588,63,15182,51,113823,67,129005,California
Yolo, County,Yolo County,6/21/2021,208,237028,90,112532,99,117889,19,6607,113,15221,93,113916,132,129137,California
Yolo, County,Yolo County,6/22/2021,526,237554,299,112831,207,118096,20,6627,215,15147,309,114225,235,129372,California
Yolo, County,Yolo County,6/23/2021,376,237930,212,113043,147,118243,17,6644,150,15092,222,114447,167,129539,California
Yolo, County,Yolo County,6/24/2021,402,238332,248,113291,109,118352,45,6689,176,15088,225,114672,221,129760,California
Yolo, County,Yolo County,6/25/2021,552,238884,390,113681,118,118470,44,6733,191,14967,356,115028,235,129995,California
Yolo, County,Yolo County,6/26/2021,273,239157,168,113849,82,118552,23,6756,111,14941,160,115188,134,130129,California
Yolo, County,Yolo County,6/27/2021,178,239335,141,113990,32,118584,5,6761,64,14895,114,115302,68,130197,California
Yolo, County,Yolo County,6/28/2021,256,239591,131,114121,52,118636,73,6834,109,14930,146,115448,181,130378,California
Yolo, County,Yolo County,6/29/2021,421,240012,264,114385,108,118744,49,6883,156,14874,261,115709,205,130583,California
Yolo, County,Yolo County,6/30/2021,363,240375,201,114586,134,118878,28,6911,130,14799,232,115941,157,130740,California
Yolo, County,Yolo County,7/1/2021,309,240684,174,114760,103,118981,32,6943,112,14748,194,116135,143,130883,California
Yolo, County,Yolo County,7/2/2021,343,241027,233,114993,100,119081,10,6953,140,14696,202,116337,150,131033,California
Yolo, County,Yolo County,7/3/2021,206,241233,128,115121,74,119155,4,6957,90,14675,115,116452,94,131127,California
Yolo, County,Yolo County,7/4/2021,72,241305,41,115162,26,119181,5,6962,22,14652,50,116502,27,131154,California
Yolo, County,Yolo County,7/5/2021,141,241446,84,115246,52,119233,5,6967,69,14655,71,116573,74,131228,California
Yolo, County,Yolo County,7/6/2021,358,241804,238,115484,100,119333,20,6987,135,14591,220,116793,156,131384,California
Yolo, County,Yolo County,7/7/2021,371,242175,195,115679,111,119444,65,7052,141,14567,229,117022,205,131589,California
Yolo, County,Yolo County,7/8/2021,343,242518,197,115876,87,119531,59,7111,119,14523,220,117242,176,131765,California
Yolo, County,Yolo County,7/9/2021,362,242880,248,116124,98,119629,16,7127,139,14461,217,117459,155,131920,California
Yolo, County,Yolo County,7/10/2021,195,243075,136,116260,44,119673,15,7142,79,14440,115,117574,94,132014,California
Yolo, County,Yolo County,7/11/2021,80,243155,59,116319,21,119694,0,7142,40,14441,39,117613,40,132054,California
Yolo, County,Yolo County,7/12/2021,199,243354,142,116461,47,119741,10,7152,94,14442,103,117716,104,132158,California
Yolo, County,Yolo County,7/13/2021,322,243676,195,116656,95,119836,32,7184,133,14420,176,117892,154,132312,California
Yolo, County,Yolo County,7/14/2021,239,243915,154,116810,77,119913,8,7192,105,14399,133,118025,112,132424,California
Yolo, County,Yolo County,7/15/2021,327,244242,243,117053,71,119984,13,7205,147,14379,180,118205,160,132584,California
Yolo, County,Yolo County,7/16/2021,331,244573,229,117282,92,120076,10,7215,168,14396,160,118365,177,132761,California
Yolo, County,Yolo County,7/17/2021,210,244783,133,117415,76,120152,1,7216,98,14385,110,118475,99,132860,California
Yolo, County,Yolo County,7/18/2021,108,244891,73,117488,34,120186,1,7217,50,14379,57,118532,51,132911,California
Yolo, County,Yolo County,7/19/2021,225,245116,154,117642,65,120251,6,7223,119,14398,106,118638,125,133036,California
Yolo, County,Yolo County,7/20/2021,343,245459,222,117864,110,120361,11,7234,192,14454,147,118785,203,133239,California
Yolo, County,Yolo County,7/21/2021,352,245811,192,118056,125,120486,35,7269,159,14457,191,118976,194,133433,California
Yolo, County,Yolo County,7/22/2021,293,246104,199,118255,86,120572,8,7277,163,14499,129,119105,171,133604,California
Yolo, County,Yolo County,7/23/2021,346,246450,235,118490,102,120674,9,7286,202,14569,141,119246,211,133815,California
Yolo, County,Yolo County,7/24/2021,150,246600,93,118583,54,120728,3,7289,80,14583,69,119315,83,133898,California
Yolo, County,Yolo County,7/25/2021,99,246699,63,118646,35,120763,1,7290,64,14613,35,119350,65,133963,California
Yolo, County,Yolo County,7/26/2021,248,246947,160,118806,72,120835,16,7306,156,14694,91,119441,172,134135,California
Yolo, County,Yolo County,7/27/2021,313,247260,210,119016,88,120923,15,7321,184,14765,128,119569,199,134334,California
Yolo, County,Yolo County,7/28/2021,398,247658,288,119304,95,121018,15,7336,227,14841,166,119735,242,134576,California
Yolo, County,Yolo County,7/29/2021,392,248050,280,119584,97,121115,15,7351,232,14932,156,119891,247,134823,California
Yolo, County,Yolo County,7/30/2021,491,248541,328,119912,143,121258,20,7371,303,15079,176,120067,323,135146,California
Yolo, County,Yolo County,7/31/2021,212,248753,128,120040,77,121335,7,7378,122,15119,89,120156,129,135275,California
Yolo, County,Yolo County,8/1/2021,115,248868,78,120118,34,121369,3,7381,82,15171,33,120189,85,135360,California
Yolo, County,Yolo County,8/2/2021,345,249213,224,120342,109,121478,12,7393,205,15251,137,120326,217,135577,California
Yolo, County,Yolo County,8/3/2021,401,249614,297,120639,83,121561,21,7414,243,15361,154,120480,264,135841,California
Yolo, County,Yolo County,8/4/2021,377,249991,263,120902,98,121659,16,7430,250,15504,124,120604,267,136108,California
Yolo, County,Yolo County,8/5/2021,404,250395,277,121179,92,121751,35,7465,224,15588,175,120779,259,136367,California
Yolo, County,Yolo County,8/6/2021,435,250830,306,121485,109,121860,20,7485,266,15712,161,120940,285,136652,California
Yolo, County,Yolo County,8/7/2021,217,251047,160,121645,51,121911,6,7491,110,15727,101,121041,116,136768,California
Yolo, County,Yolo County,8/8/2021,109,251156,66,121711,41,121952,2,7493,69,15761,37,121078,71,136839,California
Yolo, County,Yolo County,8/9/2021,281,251437,180,121891,76,122028,25,7518,156,15825,117,121195,181,137020,California
Yolo, County,Yolo County,8/10/2021,262,251699,203,122094,49,122077,10,7528,170,15917,88,121283,180,137200,California
Yuba, County,Yuba County,12/15/2020,0,0,0,0,0,0,0,0,0,0,0,0,0,0,California
Yuba, County,Yuba County,12/16/2020,4,4,4,4,0,0,0,0,4,4,0,0,4,4,California
Yuba, County,Yuba County,12/17/2020,4,8,4,8,0,0,0,0,4,8,0,0,4,8,California
Yuba, County,Yuba County,12/18/2020,8,16,8,16,0,0,0,0,8,16,0,0,8,16,California
Yuba, County,Yuba County,12/19/2020,12,28,12,28,0,0,0,0,12,28,0,0,12,28,California
Yuba, County,Yuba County,12/20/2020,20,48,20,48,0,0,0,0,20,48,0,0,20,48,California
Yuba, County,Yuba County,12/21/2020,42,90,42,90,0,0,0,0,42,90,0,0,42,90,California
Yuba, County,Yuba County,12/22/2020,82,172,82,172,0,0,0,0,82,172,0,0,82,172,California
Yuba, County,Yuba County,12/23/2020,64,236,62,234,2,2,0,0,64,236,0,0,64,236,California
Yuba, County,Yuba County,12/24/2020,21,257,11,245,10,12,0,0,21,257,0,0,21,257,California
Yuba, County,Yuba County,12/25/2020,1,258,1,246,0,12,0,0,1,258,0,0,1,258,California
Yuba, County,Yuba County,12/26/2020,15,273,14,260,1,13,0,0,15,273,0,0,15,273,California
Yuba, County,Yuba County,12/27/2020,15,288,15,275,0,13,0,0,15,288,0,0,15,288,California
Yuba, County,Yuba County,12/28/2020,50,338,34,309,16,29,0,0,50,338,0,0,50,338,California
Yuba, County,Yuba County,12/29/2020,75,413,11,320,64,93,0,0,75,413,0,0,75,413,California
Yuba, County,Yuba County,12/30/2020,64,477,21,341,43,136,0,0,64,477,0,0,64,477,California
Yuba, County,Yuba County,12/31/2020,39,516,6,347,33,169,0,0,39,516,0,0,39,516,California
Yuba, County,Yuba County,1/1/2021,0,516,0,347,0,169,0,0,0,516,0,0,0,516,California
Yuba, County,Yuba County,1/2/2021,20,536,19,366,1,170,0,0,20,536,0,0,20,536,California
Yuba, County,Yuba County,1/3/2021,10,546,6,372,4,174,0,0,10,546,0,0,10,546,California
Yuba, County,Yuba County,1/4/2021,93,639,23,395,70,244,0,0,93,639,0,0,93,639,California
Yuba, County,Yuba County,1/5/2021,73,712,39,434,34,278,0,0,72,710,1,1,72,711,California
Yuba, County,Yuba County,1/6/2021,153,865,76,510,77,355,0,0,147,851,6,7,147,858,California
Yuba, County,Yuba County,1/7/2021,77,942,20,530,57,412,0,0,73,920,4,11,73,931,California
Yuba, County,Yuba County,1/8/2021,77,1019,25,555,52,464,0,0,70,983,7,18,70,1001,California
Yuba, County,Yuba County,1/9/2021,19,1038,17,572,2,466,0,0,10,984,9,27,10,1011,California
Yuba, County,Yuba County,1/10/2021,115,1153,22,594,93,559,0,0,93,1055,22,49,93,1104,California
Yuba, County,Yuba County,1/11/2021,73,1226,50,644,23,582,0,0,33,1048,40,89,33,1137,California
Yuba, County,Yuba County,1/12/2021,107,1333,75,719,32,614,0,0,45,1031,62,151,45,1182,California
Yuba, County,Yuba County,1/13/2021,120,1453,72,791,48,662,0,0,54,1020,65,216,54,1236,California
Yuba, County,Yuba County,1/14/2021,114,1567,44,835,70,732,0,0,102,1110,12,228,102,1338,California
Yuba, County,Yuba County,1/15/2021,203,1770,88,923,115,847,0,0,192,1291,11,239,192,1530,California
Yuba, County,Yuba County,1/16/2021,185,1955,21,944,164,1011,0,0,171,1448,14,253,171,1701,California
Yuba, County,Yuba County,1/17/2021,13,1968,9,953,4,1015,0,0,7,1449,6,259,7,1708,California
Yuba, County,Yuba County,1/18/2021,60,2028,30,983,30,1045,0,0,36,1461,24,283,36,1744,California
Yuba, County,Yuba County,1/19/2021,84,2112,33,1016,51,1096,0,0,67,1511,17,300,67,1811,California
Yuba, County,Yuba County,1/20/2021,135,2247,86,1102,49,1145,0,0,112,1600,23,323,112,1923,California
Yuba, County,Yuba County,1/21/2021,229,2476,105,1207,124,1269,0,0,220,1811,9,332,220,2143,California
Yuba, County,Yuba County,1/22/2021,105,2581,7,1214,98,1367,0,0,96,1898,9,341,96,2239,California
Yuba, County,Yuba County,1/23/2021,203,2784,7,1221,196,1563,0,0,201,2097,2,343,201,2440,California
Yuba, County,Yuba County,1/24/2021,11,2795,8,1229,3,1566,0,0,9,2104,2,345,9,2449,California
Yuba, County,Yuba County,1/25/2021,87,2882,31,1260,56,1622,0,0,54,2126,32,377,54,2503,California
Yuba, County,Yuba County,1/26/2021,148,3030,40,1300,108,1730,0,0,92,2162,56,433,92,2595,California
Yuba, County,Yuba County,1/27/2021,188,3218,131,1431,57,1787,0,0,120,2214,68,501,120,2715,California
Yuba, County,Yuba County,1/28/2021,230,3448,93,1524,137,1924,0,0,177,2338,53,554,177,2892,California
Yuba, County,Yuba County,1/29/2021,153,3601,47,1571,106,2030,0,0,112,2409,41,595,112,3004,California
Yuba, County,Yuba County,1/30/2021,406,4007,24,1595,382,2412,0,0,395,2793,11,606,395,3399,California
Yuba, County,Yuba County,1/31/2021,17,4024,11,1606,6,2418,0,0,15,2806,2,608,15,3414,California
Yuba, County,Yuba County,2/1/2021,157,4181,76,1682,81,2499,0,0,131,2913,25,633,132,3546,California
Yuba, County,Yuba County,2/2/2021,125,4306,21,1703,104,2603,0,0,100,2988,25,658,100,3646,California
Yuba, County,Yuba County,2/3/2021,231,4537,29,1732,202,2805,0,0,119,2996,111,769,119,3765,California
Yuba, County,Yuba County,2/4/2021,296,4833,117,1849,179,2984,0,0,249,3198,47,816,249,4014,California
Yuba, County,Yuba County,2/5/2021,156,4989,35,1884,121,3105,0,0,75,3193,80,896,75,4089,California
Yuba, County,Yuba County,2/6/2021,451,5440,23,1907,428,3533,0,0,443,3628,8,904,443,4532,California
Yuba, County,Yuba County,2/7/2021,21,5461,15,1922,6,3539,0,0,17,3641,4,908,17,4549,California
Yuba, County,Yuba County,2/8/2021,99,5560,35,1957,64,3603,0,0,68,3678,31,939,68,4617,California
Yuba, County,Yuba County,2/9/2021,164,5724,61,2018,103,3706,0,0,92,3698,72,1011,92,4709,California
Yuba, County,Yuba County,2/10/2021,365,6089,176,2194,189,3895,0,0,127,3589,236,1247,127,4836,California
Yuba, County,Yuba County,2/11/2021,408,6497,68,2262,340,4235,0,0,304,3791,102,1349,304,5140,California
Yuba, County,Yuba County,2/12/2021,269,6766,26,2288,243,4478,0,0,153,3828,116,1465,153,5293,California
Yuba, County,Yuba County,2/13/2021,442,7208,36,2324,406,4884,0,0,391,4168,51,1516,391,5684,California
Yuba, County,Yuba County,2/14/2021,53,7261,11,2335,42,4926,0,0,47,4209,6,1522,47,5731,California
Yuba, County,Yuba County,2/15/2021,91,7352,36,2371,55,4981,0,0,71,4260,20,1542,71,5802,California
Yuba, County,Yuba County,2/16/2021,204,7556,55,2426,149,5130,0,0,144,4344,60,1602,144,5946,California
Yuba, County,Yuba County,2/17/2021,387,7943,157,2583,230,5360,0,0,103,4164,283,1885,103,6049,California
Yuba, County,Yuba County,2/18/2021,334,8277,54,2637,280,5640,0,0,202,4234,132,2017,202,6251,California
Yuba, County,Yuba County,2/19/2021,225,8502,77,2714,148,5788,0,0,139,4288,85,2102,139,6390,California
Yuba, County,Yuba County,2/20/2021,402,8904,30,2744,372,6160,0,0,343,4572,59,2161,343,6733,California
Yuba, County,Yuba County,2/21/2021,25,8929,15,2759,10,6170,0,0,15,4577,10,2171,15,6748,California
Yuba, County,Yuba County,2/22/2021,132,9061,81,2840,51,6221,0,0,40,4525,92,2263,40,6788,California
Yuba, County,Yuba County,2/23/2021,135,9196,30,2870,105,6326,0,0,55,4502,79,2342,56,6844,California
Yuba, County,Yuba County,2/24/2021,504,9700,145,3015,359,6685,0,0,108,4214,396,2738,108,6952,California
Yuba, County,Yuba County,2/25/2021,367,10067,141,3156,226,6911,0,0,230,4307,137,2875,230,7182,California
Yuba, County,Yuba County,2/26/2021,270,10337,74,3230,196,7107,0,0,145,4329,123,2998,145,7327,California
Yuba, County,Yuba County,2/27/2021,473,10810,50,3280,423,7530,0,0,390,4636,83,3081,390,7717,California
Yuba, County,Yuba County,2/28/2021,78,10888,24,3304,54,7584,0,0,55,4668,23,3104,55,7772,California
Yuba, County,Yuba County,3/1/2021,170,11058,47,3351,123,7707,0,0,89,4677,80,3184,89,7861,California
Yuba, County,Yuba County,3/2/2021,175,11233,45,3396,130,7837,0,0,85,4672,90,3274,85,7946,California
Yuba, County,Yuba County,3/3/2021,661,11894,161,3557,500,8337,0,0,204,4420,456,3730,204,8150,California
Yuba, County,Yuba County,3/4/2021,484,12378,280,3837,204,8541,0,0,336,4609,147,3877,336,8486,California
Yuba, County,Yuba County,3/5/2021,331,12709,58,3895,272,8813,1,1,262,4803,69,3946,263,8749,California
Yuba, County,Yuba County,3/6/2021,479,13188,32,3927,443,9256,4,5,371,5071,107,4053,375,9124,California
Yuba, County,Yuba County,3/7/2021,60,13248,31,3958,27,9283,2,7,44,5101,16,4069,46,9170,California
Yuba, County,Yuba County,3/8/2021,166,13414,52,4010,98,9381,16,23,102,5155,64,4133,118,9288,California
Yuba, County,Yuba County,3/9/2021,184,13598,48,4058,116,9497,20,43,88,5167,96,4229,108,9396,California
Yuba, County,Yuba County,3/10/2021,744,14342,234,4292,480,9977,30,73,239,4931,505,4734,269,9665,California
Yuba, County,Yuba County,3/11/2021,451,14793,203,4495,235,10212,13,86,299,5091,152,4886,312,9977,California
Yuba, County,Yuba County,3/12/2021,472,15265,84,4579,335,10547,53,139,164,5000,308,5194,217,10194,California
Yuba, County,Yuba County,3/13/2021,472,15737,340,4919,117,10664,15,154,368,5280,103,5297,383,10577,California
Yuba, County,Yuba County,3/14/2021,109,15846,20,4939,80,10744,9,163,48,5277,60,5357,57,10634,California
Yuba, County,Yuba County,3/15/2021,203,16049,55,4994,133,10877,15,178,108,5305,95,5452,123,10757,California
Yuba, County,Yuba County,3/16/2021,313,16362,80,5074,209,11086,24,202,197,5411,115,5567,221,10978,California
Yuba, County,Yuba County,3/17/2021,761,17123,174,5248,557,11643,30,232,201,5085,557,6124,231,11209,California
Yuba, County,Yuba County,3/18/2021,590,17713,160,5408,315,11958,115,347,361,5331,229,6353,475,11684,California
Yuba, County,Yuba County,3/19/2021,333,18046,118,5526,162,12120,53,400,184,5419,148,6501,236,11920,California
Yuba, County,Yuba County,3/20/2021,565,18611,83,5609,463,12583,19,419,480,5834,84,6585,499,12419,California
Yuba, County,Yuba County,3/21/2021,67,18678,40,5649,27,12610,0,419,45,5857,22,6607,45,12464,California
Yuba, County,Yuba County,3/22/2021,199,18877,73,5722,118,12728,8,427,153,5972,46,6653,161,12625,California
Yuba, County,Yuba County,3/23/2021,277,19154,82,5804,167,12895,28,455,185,6096,89,6742,213,12838,California
Yuba, County,Yuba County,3/24/2021,768,19922,255,6059,432,13327,81,536,185,5781,581,7323,266,13104,California
Yuba, County,Yuba County,3/25/2021,525,20447,275,6334,226,13553,24,560,256,5792,269,7592,280,13384,California
Yuba, County,Yuba County,3/26/2021,402,20849,142,6476,229,13782,31,591,228,5878,173,7765,259,13643,California
Yuba, County,Yuba County,3/27/2021,468,21317,30,6506,435,14217,3,594,415,6243,52,7817,417,14060,California
Yuba, County,Yuba County,3/28/2021,108,21425,43,6549,61,14278,4,598,36,6211,72,7889,40,14100,California
Yuba, County,Yuba County,3/29/2021,304,21729,90,6639,182,14460,32,630,183,6305,121,8010,215,14315,California
Yuba, County,Yuba County,3/30/2021,285,22014,74,6713,203,14663,8,638,194,6416,91,8101,202,14517,California
Yuba, County,Yuba County,3/31/2021,691,22705,117,6830,563,15226,11,649,242,6222,447,8548,253,14770,California
Yuba, County,Yuba County,4/1/2021,640,23345,295,7125,316,15542,29,678,294,6199,346,8894,323,15093,California
Yuba, County,Yuba County,4/2/2021,527,23872,104,7229,338,15880,85,763,201,6159,325,9219,285,15378,California
Yuba, County,Yuba County,4/3/2021,666,24538,58,7287,117,15997,491,1254,89,6163,576,9795,580,15958,California
Yuba, County,Yuba County,4/4/2021,60,24598,12,7299,41,16038,7,1261,30,6170,30,9825,37,15995,California
Yuba, County,Yuba County,4/5/2021,260,24858,88,7387,149,16187,23,1284,127,6188,131,9956,149,16144,California
Yuba, County,Yuba County,4/6/2021,360,25218,118,7505,181,16368,61,1345,170,6229,189,10145,230,16374,California
Yuba, County,Yuba County,4/7/2021,795,26013,411,7916,330,16698,54,1399,360,6210,432,10577,413,16787,California
Yuba, County,Yuba County,4/8/2021,770,26783,301,8217,200,16898,269,1668,284,6277,485,11062,552,17339,California
Yuba, County,Yuba County,4/9/2021,416,27199,174,8391,174,17072,68,1736,176,6282,239,11301,244,17583,California
Yuba, County,Yuba County,4/10/2021,611,27810,72,8463,87,17159,452,2188,71,6266,538,11839,522,18105,California
Yuba, County,Yuba County,4/11/2021,107,27917,27,8490,68,17227,12,2200,45,6262,61,11900,57,18162,California
Yuba, County,Yuba County,4/12/2021,221,28138,49,8539,138,17365,34,2234,82,6239,138,12038,115,18277,California
Yuba, County,Yuba County,4/13/2021,408,28546,106,8645,302,17667,0,2234,200,6232,207,12245,200,18477,California
Yuba, County,Yuba County,4/14/2021,724,29270,110,8755,614,18281,0,2234,130,5770,592,12837,130,18607,California
Yuba, County,Yuba County,4/15/2021,351,29621,134,8889,217,18498,0,2234,153,5726,197,13034,153,18760,California
Yuba, County,Yuba County,4/16/2021,354,29975,103,8992,251,18749,0,2234,185,5744,167,13201,185,18945,California
Yuba, County,Yuba County,4/17/2021,419,30394,63,9055,356,19105,0,2234,346,6018,72,13273,346,19291,California
Yuba, County,Yuba County,4/18/2021,68,30462,20,9075,48,19153,0,2234,35,6021,32,13305,35,19326,California
Yuba, County,Yuba County,4/19/2021,251,30713,107,9182,144,19297,0,2234,102,5974,149,13454,102,19428,California
Yuba, County,Yuba County,4/20/2021,352,31065,106,9288,246,19543,0,2234,188,6002,161,13615,189,19617,California
Yuba, County,Yuba County,4/21/2021,747,31812,323,9611,424,19967,0,2234,321,5897,426,14041,321,19938,California
Yuba, County,Yuba County,4/22/2021,383,32195,157,9768,226,20193,0,2234,207,5928,176,14217,207,20145,California
Yuba, County,Yuba County,4/23/2021,381,32576,132,9900,249,20442,0,2234,176,5901,203,14420,176,20321,California
Yuba, County,Yuba County,4/24/2021,224,32800,69,9969,155,20597,0,2234,123,5923,101,14521,123,20444,California
Yuba, County,Yuba County,4/25/2021,77,32877,30,9999,47,20644,0,2234,36,5918,41,14562,36,20480,California
Yuba, County,Yuba County,4/26/2021,258,33135,70,10069,184,20828,4,2238,116,5896,142,14704,120,20600,California
Yuba, County,Yuba County,4/27/2021,500,33635,175,10244,314,21142,11,2249,247,5903,251,14955,258,20858,California
Yuba, County,Yuba County,4/28/2021,463,34098,193,10437,265,21407,5,2254,162,5774,296,15251,167,21025,California
Yuba, County,Yuba County,4/29/2021,469,34567,93,10530,375,21782,1,2255,161,5629,307,15558,162,21187,California
Yuba, County,Yuba County,4/30/2021,357,34924,109,10639,217,21999,31,2286,152,5609,203,15761,183,21370,California
Yuba, County,Yuba County,5/1/2021,215,35139,95,10734,101,22100,19,2305,100,5614,114,15875,119,21489,California
Yuba, County,Yuba County,5/2/2021,72,35211,41,10775,27,22127,4,2309,38,5622,34,15909,42,21531,California
Yuba, County,Yuba County,5/3/2021,169,35380,69,10844,92,22219,8,2317,54,5571,113,16022,62,21593,California
Yuba, County,Yuba County,5/4/2021,348,35728,110,10954,216,22435,22,2339,158,5561,190,16212,180,21773,California
Yuba, County,Yuba County,5/5/2021,341,36069,97,11051,237,22672,7,2346,121,5469,220,16432,128,21901,California
Yuba, County,Yuba County,5/6/2021,304,36373,125,11176,140,22812,39,2385,102,5411,199,16631,141,22042,California
Yuba, County,Yuba County,5/7/2021,375,36748,104,11280,243,23055,28,2413,119,5302,255,16886,146,22188,California
Yuba, County,Yuba County,5/8/2021,138,36886,58,11338,74,23129,6,2419,58,5286,80,16966,64,22252,California
Yuba, County,Yuba County,5/9/2021,56,36942,25,11363,28,23157,3,2422,34,5301,22,16988,37,22289,California
Yuba, County,Yuba County,5/10/2021,174,37116,55,11418,101,23258,18,2440,53,5253,119,17107,71,22360,California
Yuba, County,Yuba County,5/11/2021,392,37508,180,11598,199,23457,13,2453,139,5154,250,17357,151,22511,California
Yuba, County,Yuba County,5/12/2021,279,37787,147,11745,124,23581,8,2461,104,5091,175,17532,112,22623,California
Yuba, County,Yuba County,5/13/2021,371,38158,197,11942,129,23710,45,2506,114,4996,254,17786,159,22782,California
Yuba, County,Yuba County,5/14/2021,377,38535,140,12082,216,23926,21,2527,155,4950,221,18007,175,22957,California
Yuba, County,Yuba County,5/15/2021,452,38987,116,12198,313,24239,23,2550,114,4750,336,18343,136,23093,California
Yuba, County,Yuba County,5/16/2021,157,39144,53,12251,95,24334,9,2559,96,4795,60,18403,105,23198,California
Yuba, County,Yuba County,5/17/2021,221,39365,91,12342,110,24444,20,2579,89,4774,130,18533,109,23307,California
Yuba, County,Yuba County,5/18/2021,396,39761,164,12506,223,24667,9,2588,164,4715,232,18765,173,23480,California
Yuba, County,Yuba County,5/19/2021,258,40019,143,12649,109,24776,6,2594,129,4721,129,18894,135,23615,California
Yuba, County,Yuba County,5/20/2021,439,40458,310,12959,116,24892,13,2607,263,4821,176,19070,276,23891,California
Yuba, County,Yuba County,5/21/2021,516,40974,270,13229,239,25131,7,2614,306,4926,208,19278,313,24204,California
Yuba, County,Yuba County,5/22/2021,232,41206,125,13354,98,25229,9,2623,94,4891,138,19416,103,24307,California
Yuba, County,Yuba County,5/23/2021,75,41281,42,13396,31,25260,2,2625,38,4895,36,19452,40,24347,California
Yuba, County,Yuba County,5/24/2021,164,41445,56,13452,91,25351,17,2642,47,4844,116,19568,65,24412,California
Yuba, County,Yuba County,5/25/2021,317,41762,110,13562,190,25541,17,2659,110,4765,205,19773,126,24538,California
Yuba, County,Yuba County,5/26/2021,243,42005,106,13668,121,25662,16,2675,89,4717,153,19926,105,24643,California
Yuba, County,Yuba County,5/27/2021,248,42253,75,13743,161,25823,12,2687,100,4684,145,20071,112,24755,California
Yuba, County,Yuba County,5/28/2021,250,42503,111,13854,133,25956,6,2693,118,4678,130,20201,124,24879,California
Yuba, County,Yuba County,5/29/2021,169,42672,68,13922,79,26035,22,2715,89,4710,79,20280,111,24990,California
Yuba, County,Yuba County,5/30/2021,54,42726,24,13946,25,26060,5,2720,22,4705,32,20312,27,25017,California
Yuba, County,Yuba County,5/31/2021,29,42755,3,13949,19,26079,7,2727,10,4703,19,20331,17,25034,California
Yuba, County,Yuba County,6/1/2021,247,43002,104,14053,136,26215,7,2734,84,4634,159,20490,90,25124,California
Yuba, County,Yuba County,6/2/2021,204,43206,80,14133,117,26332,7,2741,58,4556,144,20634,66,25190,California
Yuba, County,Yuba County,6/3/2021,182,43388,106,14239,70,26402,6,2747,62,4506,118,20752,68,25258,California
Yuba, County,Yuba County,6/4/2021,245,43633,119,14358,115,26517,11,2758,79,4432,163,20915,89,25347,California
Yuba, County,Yuba County,6/5/2021,199,43832,149,14507,44,26561,6,2764,89,4418,109,21024,95,25442,California
Yuba, County,Yuba County,6/6/2021,112,43944,95,14602,14,26575,3,2767,21,4352,90,21114,24,25466,California
Yuba, County,Yuba County,6/7/2021,115,44059,48,14650,51,26626,16,2783,36,4325,79,21193,52,25518,California
Yuba, County,Yuba County,6/8/2021,245,44304,113,14763,123,26749,9,2792,70,4231,173,21366,79,25597,California
Yuba, County,Yuba County,6/9/2021,171,44475,102,14865,62,26811,7,2799,71,4210,99,21465,78,25675,California
Yuba, County,Yuba County,6/10/2021,388,44863,307,15172,72,26883,9,2808,97,4028,288,21753,106,25781,California
Yuba, County,Yuba County,6/11/2021,330,45193,234,15406,84,26967,12,2820,66,3843,264,22017,79,25860,California
Yuba, County,Yuba County,6/12/2021,132,45325,90,15496,36,27003,6,2826,36,3789,96,22113,42,25902,California
Yuba, County,Yuba County,6/13/2021,47,45372,21,15517,24,27027,2,2828,13,3771,33,22146,15,25917,California
Yuba, County,Yuba County,6/14/2021,114,45486,55,15572,49,27076,10,2838,33,3734,80,22226,43,25960,California
Yuba, County,Yuba County,6/15/2021,240,45726,98,15670,134,27210,8,2846,91,3687,146,22372,99,26059,California
Yuba, County,Yuba County,6/16/2021,157,45883,96,15766,51,27261,10,2856,73,3688,82,22454,83,26142,California
Yuba, County,Yuba County,6/17/2021,198,46081,116,15882,70,27331,12,2868,85,3672,113,22567,97,26239,California
Yuba, County,Yuba County,6/18/2021,225,46306,111,15993,93,27424,21,2889,74,3618,149,22716,95,26334,California
Yuba, County,Yuba County,6/19/2021,136,46442,67,16060,62,27486,7,2896,33,3555,103,22819,40,26374,California
Yuba, County,Yuba County,6/20/2021,33,46475,19,16079,11,27497,3,2899,13,3551,20,22839,16,26390,California
Yuba, County,Yuba County,6/21/2021,89,46564,38,16117,42,27539,9,2908,44,3562,41,22880,52,26442,California
Yuba, County,Yuba County,6/22/2021,177,46741,73,16190,92,27631,12,2920,71,3540,104,22984,82,26524,California
Yuba, County,Yuba County,6/23/2021,126,46867,71,16261,42,27673,13,2933,51,3529,74,23058,63,26587,California
Yuba, County,Yuba County,6/24/2021,138,47005,83,16344,47,27720,8,2941,59,3517,79,23137,67,26654,California
Yuba, County,Yuba County,6/25/2021,168,47173,96,16440,63,27783,9,2950,82,3522,86,23223,91,26745,California
Yuba, County,Yuba County,6/26/2021,132,47305,105,16545,26,27809,1,2951,43,3478,88,23311,44,26789,California
Yuba, County,Yuba County,6/27/2021,64,47369,42,16587,20,27829,2,2953,36,3488,28,23339,38,26827,California
Yuba, County,Yuba County,6/28/2021,60,47429,34,16621,24,27853,2,2955,28,3486,32,23371,30,26857,California
Yuba, County,Yuba County,6/29/2021,160,47589,84,16705,67,27920,9,2964,60,3456,99,23470,69,26926,California
Yuba, County,Yuba County,6/30/2021,138,47727,79,16784,52,27972,7,2971,71,3467,67,23537,78,27004,California
Yuba, County,Yuba County,7/1/2021,122,47849,84,16868,30,28002,8,2979,45,3444,76,23613,53,27057,California
Yuba, County,Yuba County,7/2/2021,126,47975,53,16921,58,28060,15,2994,42,3417,84,23697,57,27114,California
Yuba, County,Yuba County,7/3/2021,66,48041,44,16965,22,28082,0,2994,36,3423,30,23727,36,27150,California
Yuba, County,Yuba County,7/4/2021,6,48047,3,16968,3,28085,0,2994,3,3423,3,23730,3,27153,California
Yuba, County,Yuba County,7/5/2021,68,48115,46,17014,17,28102,5,2999,38,3436,30,23760,43,27196,California
Yuba, County,Yuba County,7/6/2021,174,48289,94,17108,66,28168,14,3013,65,3412,103,23863,79,27275,California
Yuba, County,Yuba County,7/7/2021,144,48433,96,17204,37,28205,11,3024,56,3392,87,23950,67,27342,California
Yuba, County,Yuba County,7/8/2021,149,48582,87,17291,43,28248,19,3043,57,3376,92,24042,76,27418,California
Yuba, County,Yuba County,7/9/2021,161,48743,94,17385,53,28301,14,3057,80,3389,81,24123,94,27512,California
Yuba, County,Yuba County,7/10/2021,87,48830,57,17442,29,28330,1,3058,59,3421,28,24151,60,27572,California
Yuba, County,Yuba County,7/11/2021,35,48865,17,17459,17,28347,1,3059,14,3415,21,24172,15,27587,California
Yuba, County,Yuba County,7/12/2021,96,48961,57,17516,24,28371,15,3074,38,3410,58,24230,53,27640,California
Yuba, County,Yuba County,7/13/2021,127,49088,69,17585,49,28420,9,3083,56,3404,71,24301,65,27705,California
Yuba, County,Yuba County,7/14/2021,95,49183,59,17644,30,28450,6,3089,47,3409,48,24349,53,27758,California
Yuba, County,Yuba County,7/15/2021,112,49295,61,17705,43,28493,8,3097,47,3401,63,24412,55,27813,California
Yuba, County,Yuba County,7/16/2021,159,49454,93,17798,51,28544,15,3112,79,3417,78,24490,94,27907,California
Yuba, County,Yuba County,7/17/2021,65,49519,40,17838,23,28567,2,3114,34,3422,31,24521,36,27943,California
Yuba, County,Yuba County,7/18/2021,51,49570,27,17865,19,28586,5,3119,27,3430,24,24545,32,27975,California
Yuba, County,Yuba County,7/19/2021,72,49642,29,17894,33,28619,10,3129,33,3435,38,24583,43,28018,California
Yuba, County,Yuba County,7/20/2021,172,49814,97,17991,70,28689,5,3134,89,3447,82,24665,94,28112,California
Yuba, County,Yuba County,7/21/2021,155,49969,70,18061,56,28745,29,3163,74,3468,81,24746,102,28214,California
Yuba, County,Yuba County,7/22/2021,147,50116,84,18145,48,28793,15,3178,76,3493,66,24812,91,28305,California
Yuba, County,Yuba County,7/23/2021,143,50259,69,18214,69,28862,5,3183,82,3519,61,24873,87,28392,California
Yuba, County,Yuba County,7/24/2021,120,50379,79,18293,32,28894,9,3192,72,3552,48,24921,81,28473,California
Yuba, County,Yuba County,7/25/2021,55,50434,32,18325,18,28912,5,3197,32,3566,23,24944,37,28510,California
Yuba, County,Yuba County,7/26/2021,147,50581,83,18408,51,28963,13,3210,89,3610,58,25002,102,28612,California
Yuba, County,Yuba County,7/27/2021,186,50767,100,18508,78,29041,8,3218,119,3671,66,25068,127,28739,California
Yuba, County,Yuba County,7/28/2021,203,50970,122,18630,77,29118,4,3222,141,3755,61,25129,145,28884,California
Yuba, County,Yuba County,7/29/2021,181,51151,95,18725,64,29182,22,3244,111,3818,69,25198,132,29016,California
Yuba, County,Yuba County,7/30/2021,243,51394,141,18866,73,29255,29,3273,157,3920,84,25282,186,29202,California
Yuba, County,Yuba County,7/31/2021,140,51534,99,18965,35,29290,6,3279,86,3958,54,25336,92,29294,California
Yuba, County,Yuba County,8/1/2021,41,51575,28,18993,12,29302,1,3280,32,3982,9,25345,33,29327,California
Yuba, County,Yuba County,8/2/2021,134,51709,82,19075,41,29343,11,3291,89,4038,43,25388,99,29426,California
Yuba, County,Yuba County,8/3/2021,202,51911,111,19186,77,29420,14,3305,127,4106,73,25461,141,29567,California
Yuba, County,Yuba County,8/4/2021,178,52089,101,19287,66,29486,11,3316,117,4173,60,25521,127,29694,California
Yuba, County,Yuba County,8/5/2021,170,52259,103,19390,50,29536,17,3333,112,4244,58,25579,129,29823,California
Yuba, County,Yuba County,8/6/2021,228,52487,126,19516,81,29617,21,3354,143,4324,84,25663,164,29987,California
Yuba, County,Yuba County,8/7/2021,134,52621,90,19606,38,29655,6,3360,86,4369,47,25710,92,30079,California
Yuba, County,Yuba County,8/8/2021,68,52689,39,19645,25,29680,4,3364,42,4389,26,25736,46,30125,California
Yuba, County,Yuba County,8/9/2021,126,52815,71,19716,47,29727,8,3372,89,4450,36,25772,97,30222,California
Yuba, County,Yuba County,8/10/2021,95,52910,38,19754,39,29766,18,3390,45,4462,50,25822,62,30284,California
,,,,,,,,,,,,,,,,,,California
,,,,,,,,,,,,,,,,,,California
,,,,,,,,,,,,,,,,,,California
,,,,,,,,,,,,,,,,,,California
,,,,,,,,,,,,,,,,,,California
,,,,,,,,,,,,,,,,,,California
,,,,,,,,,,,,,,,,,,California
,,,,,,,,,,,,,,,,,,California
,,,,,,,,,,,,,,,,,,California
,,,,,,,,,,,,,,,,,,California
,,,,,,,,,,,,,,,,,,California
,,,,,,,,,,,,,,,,,,California
,,,,,,,,,,,,,,,,,,California
,,,,,,,,,,,,,,,,,,California
,,,,,,,,,,,,,,,,,,California
,,,,,,,,,,,,,,,,,,California
,,,,,,,,,,,,,,,,,,California
,,,,,,,,,,,,,,,,,,California
,,,,,,,,,,,,,,,,,,California
,,,,,,,,,,,,,,,,,,California
,,,,,,,,,,,,,,,,,,California
,,,,,,,,,,,,,,,,,,California
,,,,,,,,,,,,,,,,,,California
,,,,,,,,,,,,,,,,,,California
,,,,,,,,,,,,,,,,,,California
,,,,,,,,,,,,,,,,,,California
,,,,,,,,,,,,,,,,,,California
,,,,,,,,,,,,,,,,,,California
,,,,,,,,,,,,,,,,,,California
,,,,,,,,,,,,,,,,,,California
,,,,,,,,,,,,,,,,,,California
,,,,,,,,,,,,,,,,,,California
,,,,,,,,,,,,,,,,,,California
,,,,,,,,,,,,,,,,,,California
,,,,,,,,,,,,,,,,,,California
,,,,,,,,,,,,,,,,,,California
,,,,,,,,,,,,,,,,,,California
,,,,,,,,,,,,,,,,,,California
,,,,,,,,,,,,,,,,,,California
,,,,,,,,,,,,,,,,,,California
,,,,,,,,,,,,,,,,,,California
,,,,,,,,,,,,,,,,,,California
,,,,,,,,,,,,,,,,,,California
,,,,,,,,,,,,,,,,,,California
,,,,,,,,,,,,,,,,,,California
,,,,,,,,,,,,,,,,,,California
,,,,,,,,,,,,,,,,,,California
,,,,,,,,,,,,,,,,,,California
,,,,,,,,,,,,,,,,,,California
,,,,,,,,,,,,,,,,,,California
,,,,,,,,,,,,,,,,,,California
,,,,,,,,,,,,,,,,,,California
,,,,,,,,,,,,,,,,,,California
,,,,,,,,,,,,,,,,,,California
,,,,,,,,,,,,,,,,,,California
,,,,,,,,,,,,,,,,,,California
,,,,,,,,,,,,,,,,,,California
,,,,,,,,,,,,,,,,,,California
,,,,,,,,,,,,,,,,,,California
,,,,,,,,,,,,,,,,,,California
,,,,,,,,,,,,,,,,,,California
,,,,,,,,,,,,,,,,,,California
,,,,,,,,,,,,,,,,,,California
,,,,,,,,,,,,,,,,,,California
,,,,,,,,,,,,,,,,,,California
,,,,,,,,,,,,,,,,,,California
,,,,,,,,,,,,,,,,,,California
,,,,,,,,,,,,,,,,,,California
,,,,,,,,,,,,,,,,,,California
,,,,,,,,,,,,,,,,,,California
,,,,,,,,,,,,,,,,,,California
,,,,,,,,,,,,,,,,,,California
,,,,,,,,,,,,,,,,,,California
,,,,,,,,,,,,,,,,,,California
,,,,,,,,,,,,,,,,,,California
,,,,,,,,,,,,,,,,,,California
,,,,,,,,,,,,,,,,,,California
,,,,,,,,,,,,,,,,,,California
,,,,,,,,,,,,,,,,,,California
,,,,,,,,,,,,,,,,,,California
,,,,,,,,,,,,,,,,,,California
,,,,,,,,,,,,,,,,,,California
,,,,,,,,,,,,,,,,,,California
,,,,,,,,,,,,,,,,,,California
,,,,,,,,,,,,,,,,,,California
,,,,,,,,,,,,,,,,,,California
,,,,,,,,,,,,,,,,,,California
,,,,,,,,,,,,,,,,,,California
,,,,,,,,,,,,,,,,,,California
,,,,,,,,,,,,,,,,,,California
,,,,,,,,,,,,,,,,,,California
,,,,,,,,,,,,,,,,,,California
,,,,,,,,,,,,,,,,,,California
,,,,,,,,,,,,,,,,,,California
,,,,,,,,,,,,,,,,,,California
,,,,,,,,,,,,,,,,,,California
,,,,,,,,,,,,,,,,,,California
,,,,,,,,,,,,,,,,,,California
,,,,,,,,,,,,,,,,,,California
,,,,,,,,,,,,,,,,,,California
,,,,,,,,,,,,,,,,,,California
,,,,,,,,,,,,,,,,,,California
,,,,,,,,,,,,,,,,,,California
,,,,,,,,,,,,,,,,,,California
,,,,,,,,,,,,,,,,,,California
,,,,,,,,,,,,,,,,,,California
,,,,,,,,,,,,,,,,,,California
,,,,,,,,,,,,,,,,,,California
,,,,,,,,,,,,,,,,,,California
,,,,,,,,,,,,,,,,,,California
,,,,,,,,,,,,,,,,,,California
,,,,,,,,,,,,,,,,,,California
,,,,,,,,,,,,,,,,,,California
,,,,,,,,,,,,,,,,,,California
,,,,,,,,,,,,,,,,,,California
,,,,,,,,,,,,,,,,,,California
,,,,,,,,,,,,,,,,,,California
,,,,,,,,,,,,,,,,,,California
,,,,,,,,,,,,,,,,,,California
,,,,,,,,,,,,,,,,,,California
,,,,,,,,,,,,,,,,,,California
,,,,,,,,,,,,,,,,,,California
,,,,,,,,,,,,,,,,,,California
,,,,,,,,,,,,,,,,,,California
,,,,,,,,,,,,,,,,,,California
,,,,,,,,,,,,,,,,,,California
,,,,,,,,,,,,,,,,,,California
,,,,,,,,,,,,,,,,,,California
,,,,,,,,,,,,,,,,,,California
,,,,,,,,,,,,,,,,,,California
,,,,,,,,,,,,,,,,,,California
,,,,,,,,,,,,,,,,,,California
,,,,,,,,,,,,,,,,,,California
,,,,,,,,,,,,,,,,,,California
,,,,,,,,,,,,,,,,,,California
,,,,,,,,,,,,,,,,,,California
,,,,,,,,,,,,,,,,,,California
,,,,,,,,,,,,,,,,,,California
,,,,,,,,,,,,,,,,,,California
,,,,,,,,,,,,,,,,,,California
,,,,,,,,,,,,,,,,,,California
,,,,,,,,,,,,,,,,,,California
,,,,,,,,,,,,,,,,,,California
,,,,,,,,,,,,,,,,,,California
,,,,,,,,,,,,,,,,,,California
,,,,,,,,,,,,,,,,,,California
,,,,,,,,,,,,,,,,,,California
,,,,,,,,,,,,,,,,,,California
,,,,,,,,,,,,,,,,,,California
,,,,,,,,,,,,,,,,,,California
,,,,,,,,,,,,,,,,,,California
,,,,,,,,,,,,,,,,,,California
,,,,,,,,,,,,,,,,,,California
,,,,,,,,,,,,,,,,,,California
,,,,,,,,,,,,,,,,,,California
,,,,,,,,,,,,,,,,,,California
,,,,,,,,,,,,,,,,,,California
,,,,,,,,,,,,,,,,,,California
,,,,,,,,,,,,,,,,,,California
,,,,,,,,,,,,,,,,,,California
,,,,,,,,,,,,,,,,,,California
,,,,,,,,,,,,,,,,,,California
,,,,,,,,,,,,,,,,,,California
,,,,,,,,,,,,,,,,,,California
,,,,,,,,,,,,,,,,,,California
,,,,,,,,,,,,,,,,,,California
,,,,,,,,,,,,,,,,,,California
,,,,,,,,,,,,,,,,,,California
,,,,,,,,,,,,,,,,,,California
,,,,,,,,,,,,,,,,,,California
,,,,,,,,,,,,,,,,,,California
,,,,,,,,,,,,,,,,,,California
,,,,,,,,,,,,,,,,,,California
,,,,,,,,,,,,,,,,,,California
,,,,,,,,,,,,,,,,,,California
,,,,,,,,,,,,,,,,,,California
,,,,,,,,,,,,,,,,,,California
,,,,,,,,,,,,,,,,,,California
,,,,,,,,,,,,,,,,,,California
,,,,,,,,,,,,,,,,,,California
,,,,,,,,,,,,,,,,,,California
,,,,,,,,,,,,,,,,,,California
,,,,,,,,,,,,,,,,,,California
,,,,,,,,,,,,,,,,,,California
,,,,,,,,,,,,,,,,,,California
,,,,,,,,,,,,,,,,,,California
,,,,,,,,,,,,,,,,,,California
,,,,,,,,,,,,,,,,,,California
,,,,,,,,,,,,,,,,,,California
,,,,,,,,,,,,,,,,,,California
,,,,,,,,,,,,,,,,,,California
,,,,,,,,,,,,,,,,,,California
,,,,,,,,,,,,,,,,,,California
,,,,,,,,,,,,,,,,,,California
,,,,,,,,,,,,,,,,,,California
,,,,,,,,,,,,,,,,,,California
,,,,,,,,,,,,,,,,,,California
,,,,,,,,,,,,,,,,,,California
,,,,,,,,,,,,,,,,,,California
,,,,,,,,,,,,,,,,,,California
,,,,,,,,,,,,,,,,,,California
,,,,,,,,,,,,,,,,,,California
,,,,,,,,,,,,,,,,,,California
,,,,,,,,,,,,,,,,,,California
,,,,,,,,,,,,,,,,,,California
,,,,,,,,,,,,,,,,,,California
,,,,,,,,,,,,,,,,,,California
,,,,,,,,,,,,,,,,,,California
,,,,,,,,,,,,,,,,,,California
,,,,,,,,,,,,,,,,,,California
,,,,,,,,,,,,,,,,,,California
,,,,,,,,,,,,,,,,,,California
,,,,,,,,,,,,,,,,,,California
,,,,,,,,,,,,,,,,,,California
,,,,,,,,,,,,,,,,,,California
,,,,,,,,,,,,,,,,,,California
,,,,,,,,,,,,,,,,,,California
,,,,,,,,,,,,,,,,,,California
,,,,,,,,,,,,,,,,,,California
,,,,,,,,,,,,,,,,,,California
,,,,,,,,,,,,,,,,,,California
,,,,,,,,,,,,,,,,,,California
,,,,,,,,,,,,,,,,,,California
,,,,,,,,,,,,,,,,,,California
,,,,,,,,,,,,,,,,,,California
,,,,,,,,,,,,,,,,,,California
,,,,,,,,,,,,,,,,,,California
,,,,,,,,,,,,,,,,,,California
,,,,,,,,,,,,,,,,,,California
,,,,,,,,,,,,,,,,,,California
,,,,,,,,,,,,,,,,,,California
,,,,,,,,,,,,,,,,,,California
,,,,,,,,,,,,,,,,,,California
,,,,,,,,,,,,,,,,,,California
,,,,,,,,,,,,,,,,,,California
,,,,,,,,,,,,,,,,,,California
,,,,,,,,,,,,,,,,,,California
,,,,,,,,,,,,,,,,,,California
,,,,,,,,,,,,,,,,,,California
,,,,,,,,,,,,,,,,,,California
,,,,,,,,,,,,,,,,,,California
,,,,,,,,,,,,,,,,,,California
,,,,,,,,,,,,,,,,,,California
,,,,,,,,,,,,,,,,,,California
,,,,,,,,,,,,,,,,,,California
,,,,,,,,,,,,,,,,,,California
,,,,,,,,,,,,,,,,,,California
,,,,,,,,,,,,,,,,,,California
,,,,,,,,,,,,,,,,,,California
,,,,,,,,,,,,,,,,,,California
,,,,,,,,,,,,,,,,,,California
,,,,,,,,,,,,,,,,,,California
,,,,,,,,,,,,,,,,,,California
,,,,,,,,,,,,,,,,,,California
,,,,,,,,,,,,,,,,,,California
,,,,,,,,,,,,,,,,,,California
,,,,,,,,,,,,,,,,,,California
,,,,,,,,,,,,,,,,,,California
,,,,,,,,,,,,,,,,,,California
,,,,,,,,,,,,,,,,,,California
,,,,,,,,,,,,,,,,,,California
,,,,,,,,,,,,,,,,,,California
,,,,,,,,,,,,,,,,,,California
,,,,,,,,,,,,,,,,,,California
,,,,,,,,,,,,,,,,,,California
,,,,,,,,,,,,,,,,,,California
,,,,,,,,,,,,,,,,,,California
,,,,,,,,,,,,,,,,,,California
,,,,,,,,,,,,,,,,,,California
,,,,,,,,,,,,,,,,,,California
,,,,,,,,,,,,,,,,,,California
,,,,,,,,,,,,,,,,,,California
,,,,,,,,,,,,,,,,,,California
,,,,,,,,,,,,,,,,,,California
,,,,,,,,,,,,,,,,,,California
,,,,,,,,,,,,,,,,,,California
,,,,,,,,,,,,,,,,,,California
,,,,,,,,,,,,,,,,,,California
,,,,,,,,,,,,,,,,,,California
,,,,,,,,,,,,,,,,,,California
,,,,,,,,,,,,,,,,,,California
,,,,,,,,,,,,,,,,,,California
,,,,,,,,,,,,,,,,,,California
,,,,,,,,,,,,,,,,,,California
,,,,,,,,,,,,,,,,,,California
,,,,,,,,,,,,,,,,,,California
,,,,,,,,,,,,,,,,,,California
,,,,,,,,,,,,,,,,,,California
,,,,,,,,,,,,,,,,,,California
,,,,,,,,,,,,,,,,,,California
,,,,,,,,,,,,,,,,,,California
,,,,,,,,,,,,,,,,,,California
,,,,,,,,,,,,,,,,,,California
,,,,,,,,,,,,,,,,,,California
,,,,,,,,,,,,,,,,,,California
,,,,,,,,,,,,,,,,,,California
,,,,,,,,,,,,,,,,,,California
,,,,,,,,,,,,,,,,,,California
,,,,,,,,,,,,,,,,,,California
,,,,,,,,,,,,,,,,,,California
,,,,,,,,,,,,,,,,,,California
,,,,,,,,,,,,,,,,,,California
,,,,,,,,,,,,,,,,,,California
,,,,,,,,,,,,,,,,,,California
,,,,,,,,,,,,,,,,,,California
,,,,,,,,,,,,,,,,,,California
,,,,,,,,,,,,,,,,,,California
,,,,,,,,,,,,,,,,,,California
,,,,,,,,,,,,,,,,,,California
,,,,,,,,,,,,,,,,,,California
,,,,,,,,,,,,,,,,,,California
,,,,,,,,,,,,,,,,,,California
,,,,,,,,,,,,,,,,,,California
,,,,,,,,,,,,,,,,,,California
,,,,,,,,,,,,,,,,,,California
,,,,,,,,,,,,,,,,,,California
,,,,,,,,,,,,,,,,,,California
,,,,,,,,,,,,,,,,,,California
,,,,,,,,,,,,,,,,,,California
,,,,,,,,,,,,,,,,,,California
,,,,,,,,,,,,,,,,,,California
,,,,,,,,,,,,,,,,,,California
,,,,,,,,,,,,,,,,,,California
,,,,,,,,,,,,,,,,,,California
,,,,,,,,,,,,,,,,,,California
,,,,,,,,,,,,,,,,,,California
,,,,,,,,,,,,,,,,,,California
,,,,,,,,,,,,,,,,,,California
,,,,,,,,,,,,,,,,,,California
,,,,,,,,,,,,,,,,,,California
,,,,,,,,,,,,,,,,,,California
,,,,,,,,,,,,,,,,,,California
,,,,,,,,,,,,,,,,,,California
,,,,,,,,,,,,,,,,,,California
,,,,,,,,,,,,,,,,,,California
,,,,,,,,,,,,,,,,,,California
,,,,,,,,,,,,,,,,,,California
,,,,,,,,,,,,,,,,,,California
,,,,,,,,,,,,,,,,,,California
,,,,,,,,,,,,,,,,,,California
,,,,,,,,,,,,,,,,,,California
,,,,,,,,,,,,,,,,,,California
,,,,,,,,,,,,,,,,,,California
,,,,,,,,,,,,,,,,,,California
,,,,,,,,,,,,,,,,,,California
,,,,,,,,,,,,,,,,,,California
,,,,,,,,,,,,,,,,,,California
,,,,,,,,,,,,,,,,,,California
,,,,,,,,,,,,,,,,,,California
,,,,,,,,,,,,,,,,,,California
,,,,,,,,,,,,,,,,,,California
,,,,,,,,,,,,,,,,,,California
,,,,,,,,,,,,,,,,,,California
,,,,,,,,,,,,,,,,,,California
,,,,,,,,,,,,,,,,,,California
,,,,,,,,,,,,,,,,,,California
,,,,,,,,,,,,,,,,,,California
,,,,,,,,,,,,,,,,,,California
,,,,,,,,,,,,,,,,,,California
,,,,,,,,,,,,,,,,,,California
,,,,,,,,,,,,,,,,,,California
,,,,,,,,,,,,,,,,,,California
,,,,,,,,,,,,,,,,,,California
,,,,,,,,,,,,,,,,,,California
,,,,,,,,,,,,,,,,,,California
,,,,,,,,,,,,,,,,,,California
,,,,,,,,,,,,,,,,,,California
,,,,,,,,,,,,,,,,,,California
,,,,,,,,,,,,,,,,,,California
,,,,,,,,,,,,,,,,,,California
,,,,,,,,,,,,,,,,,,California
,,,,,,,,,,,,,,,,,,California
,,,,,,,,,,,,,,,,,,California
,,,,,,,,,,,,,,,,,,California
,,,,,,,,,,,,,,,,,,California
,,,,,,,,,,,,,,,,,,California
,,,,,,,,,,,,,,,,,,California
,,,,,,,,,,,,,,,,,,California
,,,,,,,,,,,,,,,,,,California
,,,,,,,,,,,,,,,,,,California
,,,,,,,,,,,,,,,,,,California
,,,,,,,,,,,,,,,,,,California
,,,,,,,,,,,,,,,,,,California
,,,,,,,,,,,,,,,,,,California
,,,,,,,,,,,,,,,,,,California
,,,,,,,,,,,,,,,,,,California
,,,,,,,,,,,,,,,,,,California
,,,,,,,,,,,,,,,,,,California
,,,,,,,,,,,,,,,,,,California
,,,,,,,,,,,,,,,,,,California
,,,,,,,,,,,,,,,,,,California
,,,,,,,,,,,,,,,,,,California
,,,,,,,,,,,,,,,,,,California
,,,,,,,,,,,,,,,,,,California
,,,,,,,,,,,,,,,,,,California
,,,,,,,,,,,,,,,,,,California
,,,,,,,,,,,,,,,,,,California
,,,,,,,,,,,,,,,,,,California
,,,,,,,,,,,,,,,,,,California
,,,,,,,,,,,,,,,,,,California
,,,,,,,,,,,,,,,,,,California
,,,,,,,,,,,,,,,,,,California
,,,,,,,,,,,,,,,,,,California
,,,,,,,,,,,,,,,,,,California
,,,,,,,,,,,,,,,,,,California
,,,,,,,,,,,,,,,,,,California
,,,,,,,,,,,,,,,,,,California
,,,,,,,,,,,,,,,,,,California
,,,,,,,,,,,,,,,,,,California
,,,,,,,,,,,,,,,,,,California
,,,,,,,,,,,,,,,,,,California
,,,,,,,,,,,,,,,,,,California
,,,,,,,,,,,,,,,,,,California
,,,,,,,,,,,,,,,,,,California
,,,,,,,,,,,,,,,,,,California
,,,,,,,,,,,,,,,,,,California
,,,,,,,,,,,,,,,,,,California
,,,,,,,,,,,,,,,,,,California
,,,,,,,,,,,,,,,,,,California
,,,,,,,,,,,,,,,,,,California
,,,,,,,,,,,,,,,,,,California
,,,,,,,,,,,,,,,,,,California
,,,,,,,,,,,,,,,,,,California
,,,,,,,,,,,,,,,,,,California
,,,,,,,,,,,,,,,,,,California
,,,,,,,,,,,,,,,,,,California
,,,,,,,,,,,,,,,,,,California
,,,,,,,,,,,,,,,,,,California
,,,,,,,,,,,,,,,,,,California
,,,,,,,,,,,,,,,,,,California
,,,,,,,,,,,,,,,,,,California
,,,,,,,,,,,,,,,,,,California
,,,,,,,,,,,,,,,,,,California
,,,,,,,,,,,,,,,,,,California
,,,,,,,,,,,,,,,,,,California
,,,,,,,,,,,,,,,,,,California
,,,,,,,,,,,,,,,,,,California
,,,,,,,,,,,,,,,,,,California
,,,,,,,,,,,,,,,,,,California
,,,,,,,,,,,,,,,,,,California
,,,,,,,,,,,,,,,,,,California
,,,,,,,,,,,,,,,,,,California
,,,,,,,,,,,,,,,,,,California
,,,,,,,,,,,,,,,,,,California
,,,,,,,,,,,,,,,,,,California
,,,,,,,,,,,,,,,,,,California
,,,,,,,,,,,,,,,,,,California
,,,,,,,,,,,,,,,,,,California
,,,,,,,,,,,,,,,,,,California
,,,,,,,,,,,,,,,,,,California
,,,,,,,,,,,,,,,,,,California
,,,,,,,,,,,,,,,,,,California
,,,,,,,,,,,,,,,,,,California
,,,,,,,,,,,,,,,,,,California
,,,,,,,,,,,,,,,,,,California
,,,,,,,,,,,,,,,,,,California
,,,,,,,,,,,,,,,,,,California
,,,,,,,,,,,,,,,,,,California
,,,,,,,,,,,,,,,,,,California
,,,,,,,,,,,,,,,,,,California
,,,,,,,,,,,,,,,,,,California
,,,,,,,,,,,,,,,,,,California
,,,,,,,,,,,,,,,,,,California
,,,,,,,,,,,,,,,,,,California
,,,,,,,,,,,,,,,,,,California
,,,,,,,,,,,,,,,,,,California
,,,,,,,,,,,,,,,,,,California
,,,,,,,,,,,,,,,,,,California
,,,,,,,,,,,,,,,,,,California
,,,,,,,,,,,,,,,,,,California
,,,,,,,,,,,,,,,,,,California
,,,,,,,,,,,,,,,,,,California
,,,,,,,,,,,,,,,,,,California
,,,,,,,,,,,,,,,,,,California
,,,,,,,,,,,,,,,,,,California
,,,,,,,,,,,,,,,,,,California
,,,,,,,,,,,,,,,,,,California
,,,,,,,,,,,,,,,,,,California
,,,,,,,,,,,,,,,,,,California
,,,,,,,,,,,,,,,,,,California
,,,,,,,,,,,,,,,,,,California
,,,,,,,,,,,,,,,,,,California
,,,,,,,,,,,,,,,,,,California
,,,,,,,,,,,,,,,,,,California
,,,,,,,,,,,,,,,,,,California
,,,,,,,,,,,,,,,,,,California
,,,,,,,,,,,,,,,,,,California
,,,,,,,,,,,,,,,,,,California
,,,,,,,,,,,,,,,,,,California
,,,,,,,,,,,,,,,,,,California
,,,,,,,,,,,,,,,,,,California
,,,,,,,,,,,,,,,,,,California
,,,,,,,,,,,,,,,,,,California
,,,,,,,,,,,,,,,,,,California
,,,,,,,,,,,,,,,,,,California
,,,,,,,,,,,,,,,,,,California
,,,,,,,,,,,,,,,,,,California
,,,,,,,,,,,,,,,,,,California
,,,,,,,,,,,,,,,,,,California
,,,,,,,,,,,,,,,,,,California
,,,,,,,,,,,,,,,,,,California
,,,,,,,,,,,,,,,,,,California
,,,,,,,,,,,,,,,,,,California
,,,,,,,,,,,,,,,,,,California
,,,,,,,,,,,,,,,,,,California
,,,,,,,,,,,,,,,,,,California
,,,,,,,,,,,,,,,,,,California
,,,,,,,,,,,,,,,,,,California
,,,,,,,,,,,,,,,,,,California
,,,,,,,,,,,,,,,,,,California
,,,,,,,,,,,,,,,,,,California
,,,,,,,,,,,,,,,,,,California
,,,,,,,,,,,,,,,,,,California
,,,,,,,,,,,,,,,,,,California
,,,,,,,,,,,,,,,,,,California
,,,,,,,,,,,,,,,,,,California
,,,,,,,,,,,,,,,,,,California
,,,,,,,,,,,,,,,,,,California
,,,,,,,,,,,,,,,,,,California
,,,,,,,,,,,,,,,,,,California
,,,,,,,,,,,,,,,,,,California
,,,,,,,,,,,,,,,,,,California
,,,,,,,,,,,,,,,,,,California
,,,,,,,,,,,,,,,,,,California
,,,,,,,,,,,,,,,,,,California
,,,,,,,,,,,,,,,,,,California
,,,,,,,,,,,,,,,,,,California
,,,,,,,,,,,,,,,,,,California
,,,,,,,,,,,,,,,,,,California
,,,,,,,,,,,,,,,,,,California
,,,,,,,,,,,,,,,,,,California
,,,,,,,,,,,,,,,,,,California
,,,,,,,,,,,,,,,,,,California
,,,,,,,,,,,,,,,,,,California
,,,,,,,,,,,,,,,,,,California
,,,,,,,,,,,,,,,,,,California
,,,,,,,,,,,,,,,,,,California
,,,,,,,,,,,,,,,,,,California
,,,,,,,,,,,,,,,,,,California
,,,,,,,,,,,,,,,,,,California
,,,,,,,,,,,,,,,,,,California
,,,,,,,,,,,,,,,,,,California
,,,,,,,,,,,,,,,,,,California
,,,,,,,,,,,,,,,,,,California
,,,,,,,,,,,,,,,,,,California
,,,,,,,,,,,,,,,,,,California
,,,,,,,,,,,,,,,,,,California
,,,,,,,,,,,,,,,,,,California
,,,,,,,,,,,,,,,,,,California
,,,,,,,,,,,,,,,,,,California
,,,,,,,,,,,,,,,,,,California
,,,,,,,,,,,,,,,,,,California
,,,,,,,,,,,,,,,,,,California
,,,,,,,,,,,,,,,,,,California
,,,,,,,,,,,,,,,,,,California
,,,,,,,,,,,,,,,,,,California
,,,,,,,,,,,,,,,,,,California
,,,,,,,,,,,,,,,,,,California
,,,,,,,,,,,,,,,,,,California
,,,,,,,,,,,,,,,,,,California
,,,,,,,,,,,,,,,,,,California
,,,,,,,,,,,,,,,,,,California
,,,,,,,,,,,,,,,,,,California
,,,,,,,,,,,,,,,,,,California
,,,,,,,,,,,,,,,,,,California
,,,,,,,,,,,,,,,,,,California
,,,,,,,,,,,,,,,,,,California
,,,,,,,,,,,,,,,,,,California
,,,,,,,,,,,,,,,,,,California
,,,,,,,,,,,,,,,,,,California
,,,,,,,,,,,,,,,,,,California
,,,,,,,,,,,,,,,,,,California
,,,,,,,,,,,,,,,,,,California
,,,,,,,,,,,,,,,,,,California
,,,,,,,,,,,,,,,,,,California
,,,,,,,,,,,,,,,,,,California
,,,,,,,,,,,,,,,,,,California
,,,,,,,,,,,,,,,,,,California
,,,,,,,,,,,,,,,,,,California
,,,,,,,,,,,,,,,,,,California
,,,,,,,,,,,,,,,,,,California
,,,,,,,,,,,,,,,,,,California
,,,,,,,,,,,,,,,,,,California
,,,,,,,,,,,,,,,,,,California
,,,,,,,,,,,,,,,,,,California
,,,,,,,,,,,,,,,,,,California
,,,,,,,,,,,,,,,,,,California
,,,,,,,,,,,,,,,,,,California
,,,,,,,,,,,,,,,,,,California
,,,,,,,,,,,,,,,,,,California
,,,,,,,,,,,,,,,,,,California
,,,,,,,,,,,,,,,,,,California
,,,,,,,,,,,,,,,,,,California
,,,,,,,,,,,,,,,,,,California
,,,,,,,,,,,,,,,,,,California
,,,,,,,,,,,,,,,,,,California
,,,,,,,,,,,,,,,,,,California
,,,,,,,,,,,,,,,,,,California
,,,,,,,,,,,,,,,,,,California
,,,,,,,,,,,,,,,,,,California
,,,,,,,,,,,,,,,,,,California
,,,,,,,,,,,,,,,,,,California
,,,,,,,,,,,,,,,,,,California
,,,,,,,,,,,,,,,,,,California
,,,,,,,,,,,,,,,,,,California
,,,,,,,,,,,,,,,,,,California
,,,,,,,,,,,,,,,,,,California
,,,,,,,,,,,,,,,,,,California
,,,,,,,,,,,,,,,,,,California
,,,,,,,,,,,,,,,,,,California
,,,,,,,,,,,,,,,,,,California
,,,,,,,,,,,,,,,,,,California
,,,,,,,,,,,,,,,,,,California
,,,,,,,,,,,,,,,,,,California
,,,,,,,,,,,,,,,,,,California
,,,,,,,,,,,,,,,,,,California
,,,,,,,,,,,,,,,,,,California
,,,,,,,,,,,,,,,,,,California
,,,,,,,,,,,,,,,,,,California
,,,,,,,,,,,,,,,,,,California
,,,,,,,,,,,,,,,,,,California
,,,,,,,,,,,,,,,,,,California
,,,,,,,,,,,,,,,,,,California
,,,,,,,,,,,,,,,,,,California
,,,,,,,,,,,,,,,,,,California
,,,,,,,,,,,,,,,,,,California
,,,,,,,,,,,,,,,,,,California
,,,,,,,,,,,,,,,,,,California
,,,,,,,,,,,,,,,,,,California
,,,,,,,,,,,,,,,,,,California
,,,,,,,,,,,,,,,,,,California
,,,,,,,,,,,,,,,,,,California
,,,,,,,,,,,,,,,,,,California
,,,,,,,,,,,,,,,,,,California
,,,,,,,,,,,,,,,,,,California
,,,,,,,,,,,,,,,,,,California
,,,,,,,,,,,,,,,,,,California
,,,,,,,,,,,,,,,,,,California
,,,,,,,,,,,,,,,,,,California
,,,,,,,,,,,,,,,,,,California
,,,,,,,,,,,,,,,,,,California
,,,,,,,,,,,,,,,,,,California
,,,,,,,,,,,,,,,,,,California
,,,,,,,,,,,,,,,,,,California
,,,,,,,,,,,,,,,,,,California
,,,,,,,,,,,,,,,,,,California
,,,,,,,,,,,,,,,,,,California
,,,,,,,,,,,,,,,,,,California
,,,,,,,,,,,,,,,,,,California
,,,,,,,,,,,,,,,,,,California
,,,,,,,,,,,,,,,,,,California
,,,,,,,,,,,,,,,,,,California
,,,,,,,,,,,,,,,,,,California
,,,,,,,,,,,,,,,,,,California
,,,,,,,,,,,,,,,,,,California
,,,,,,,,,,,,,,,,,,California
,,,,,,,,,,,,,,,,,,California
,,,,,,,,,,,,,,,,,,California
,,,,,,,,,,,,,,,,,,California
,,,,,,,,,,,,,,,,,,California
,,,,,,,,,,,,,,,,,,California
,,,,,,,,,,,,,,,,,,California
,,,,,,,,,,,,,,,,,,California
,,,,,,,,,,,,,,,,,,California
,,,,,,,,,,,,,,,,,,California
,,,,,,,,,,,,,,,,,,California
,,,,,,,,,,,,,,,,,,California
,,,,,,,,,,,,,,,,,,California
,,,,,,,,,,,,,,,,,,California
,,,,,,,,,,,,,,,,,,California
,,,,,,,,,,,,,,,,,,California
,,,,,,,,,,,,,,,,,,California
,,,,,,,,,,,,,,,,,,California
,,,,,,,,,,,,,,,,,,California
,,,,,,,,,,,,,,,,,,California
,,,,,,,,,,,,,,,,,,California
,,,,,,,,,,,,,,,,,,California
,,,,,,,,,,,,,,,,,,California
,,,,,,,,,,,,,,,,,,California
,,,,,,,,,,,,,,,,,,California
,,,,,,,,,,,,,,,,,,California
,,,,,,,,,,,,,,,,,,California
,,,,,,,,,,,,,,,,,,California
,,,,,,,,,,,,,,,,,,California
,,,,,,,,,,,,,,,,,,California
,,,,,,,,,,,,,,,,,,California
,,,,,,,,,,,,,,,,,,California
,,,,,,,,,,,,,,,,,,California
,,,,,,,,,,,,,,,,,,California
,,,,,,,,,,,,,,,,,,California
,,,,,,,,,,,,,,,,,,California
,,,,,,,,,,,,,,,,,,California
,,,,,,,,,,,,,,,,,,California
,,,,,,,,,,,,,,,,,,California
,,,,,,,,,,,,,,,,,,California
,,,,,,,,,,,,,,,,,,California
,,,,,,,,,,,,,,,,,,California
,,,,,,,,,,,,,,,,,,California
,,,,,,,,,,,,,,,,,,California
